MEME version 4

ALPHABET= ACDEFGHIKLMNPQRSTVWY

Background letter frequencies
A 0.1134 C 0.0105 D 0.0638 E 0.0702 F 0.0297 G 0.0889 H 0.0205 I 0.0614 K 0.0495 L 0.0963 
M 0.0246 N 0.0360 P 0.0427 Q 0.0317 R 0.0509 S 0.0508 T 0.0505 V 0.0702 W 0.0129 
Y 0.0257 

MOTIF MEME-5
letter-probability matrix: alength= 20 w= 30 nsites= 13476 E= 0.000000
0.000000 0.000000 0.000000 0.000000 0.696178 0.000000 0.000000 0.005195 0.000000 0.062338 0.001336 0.000000 0.000000 0.000000 0.000148 0.000074 0.203191 0.006382 0.000000 0.025158 
0.005194 0.033690 0.000000 0.000000 0.000000 0.000297 0.000000 0.000000 0.000000 0.000000 0.000668 0.006456 0.000000 0.000000 0.000000 0.000148 0.012021 0.941526 0.000000 0.000000 
0.000223 0.000000 0.000148 0.000000 0.000074 0.000000 0.000000 0.000074 0.000000 0.000000 0.000148 0.000000 0.000371 0.000000 0.000000 0.002523 0.996438 0.000000 0.000000 0.000000 
0.000000 0.000223 0.009276 0.000000 0.000000 0.000074 0.001410 0.000000 0.000297 0.000000 0.000000 0.975883 0.000000 0.001929 0.000965 0.009721 0.000223 0.000000 0.000000 0.000000 
0.040294 0.002375 0.000371 0.018329 0.000148 0.006679 0.000594 0.015212 0.014173 0.004156 0.001484 0.000074 0.462155 0.001039 0.002004 0.026343 0.300831 0.103072 0.000074 0.000594 
0.076666 0.000074 0.052026 0.221760 0.000223 0.011949 0.001336 0.009574 0.421404 0.015511 0.000668 0.012394 0.000371 0.026124 0.029984 0.044753 0.062120 0.012914 0.000074 0.000074 
0.000000 0.000371 0.000000 0.000223 0.044375 0.000223 0.000445 0.231374 0.040220 0.044227 0.000816 0.000297 0.000000 0.002078 0.584372 0.000148 0.003339 0.001410 0.000297 0.045785 
0.000668 0.000000 0.000000 0.000000 0.020481 0.000000 0.000000 0.246067 0.000000 0.668373 0.000297 0.000000 0.000000 0.000000 0.000000 0.000074 0.003042 0.060997 0.000000 0.000000 
0.289669 0.000816 0.004453 0.100045 0.000074 0.008832 0.007496 0.001336 0.224803 0.002004 0.000816 0.007941 0.000074 0.148434 0.091584 0.084904 0.021226 0.004676 0.000223 0.000594 
0.009722 0.002301 0.052319 0.221967 0.000223 0.000445 0.001781 0.003785 0.293803 0.002597 0.033618 0.004082 0.000000 0.071020 0.198145 0.003340 0.098627 0.001262 0.000594 0.000371 
0.274933 0.000223 0.000000 0.000000 0.000594 0.716682 0.000074 0.000000 0.000000 0.000000 0.000000 0.000000 0.006382 0.000000 0.000074 0.000519 0.000074 0.000223 0.000000 0.000223 
0.011650 0.000445 0.000074 0.000816 0.001781 0.002597 0.000074 0.816785 0.000668 0.017884 0.002968 0.000371 0.000000 0.000594 0.000668 0.001633 0.001558 0.139285 0.000000 0.000148 
0.057610 0.000148 0.183296 0.476540 0.000000 0.014180 0.002747 0.006236 0.108241 0.003489 0.002747 0.028137 0.000000 0.033630 0.031106 0.036748 0.010616 0.004232 0.000000 0.000297 
0.022935 0.001039 0.021673 0.212796 0.000816 0.008090 0.002598 0.001856 0.357307 0.078305 0.064202 0.043717 0.000074 0.070363 0.053440 0.027611 0.027462 0.005121 0.000074 0.000520 
0.007792 0.000668 0.016771 0.008608 0.000445 0.492950 0.017216 0.000445 0.336969 0.000668 0.000371 0.067676 0.000000 0.009795 0.018997 0.013431 0.000223 0.006901 0.000074 0.000000 
0.352924 0.047195 0.000148 0.000000 0.000297 0.000074 0.000000 0.220985 0.000074 0.033318 0.013802 0.000148 0.000074 0.001484 0.005194 0.080885 0.046230 0.192045 0.002375 0.002746 
0.556100 0.242728 0.000297 0.000000 0.000000 0.156129 0.000000 0.003339 0.006382 0.000445 0.002894 0.000074 0.000000 0.000000 0.000000 0.014990 0.009573 0.006901 0.000000 0.000148 
0.000000 0.000000 0.008088 0.000000 0.000000 0.000000 0.000000 0.000000 0.001262 0.000000 0.000000 0.982710 0.000000 0.000000 0.000371 0.003339 0.004156 0.000000 0.000000 0.000074 
0.314485 0.147744 0.000000 0.000000 0.000148 0.016400 0.000000 0.000000 0.000000 0.000000 0.000000 0.000890 0.000000 0.000000 0.000000 0.508014 0.005120 0.006901 0.000000 0.000297 
0.019000 0.000148 0.000000 0.000000 0.000742 0.000000 0.000000 0.529464 0.000000 0.356464 0.011133 0.000000 0.000074 0.000000 0.000000 0.006308 0.002969 0.073623 0.000000 0.000074 
0.000000 0.000000 0.000000 0.000000 0.000148 0.000000 0.000000 0.014694 0.000000 0.984712 0.000000 0.000000 0.000074 0.000000 0.000000 0.000000 0.000000 0.000371 0.000000 0.000000 
0.000000 0.000148 0.000000 0.000000 0.000371 0.000000 0.000000 0.518180 0.000000 0.247106 0.000148 0.000000 0.000074 0.000000 0.000000 0.006382 0.000000 0.227516 0.000074 0.000000 
0.000000 0.000000 0.000000 0.000000 0.000000 0.000000 0.000000 0.000000 0.993470 0.000000 0.000000 0.000000 0.000000 0.000000 0.006530 0.000000 0.000000 0.000000 0.000000 0.000000 
0.002375 0.000371 0.000000 0.006382 0.094026 0.000074 0.000000 0.036883 0.000000 0.140037 0.002523 0.000000 0.074360 0.000000 0.000000 0.000000 0.000074 0.633766 0.000000 0.009128 
0.000000 0.000000 0.001039 0.000000 0.000000 0.000000 0.000445 0.000000 0.000000 0.000000 0.000000 0.997996 0.000000 0.000000 0.000000 0.000297 0.000148 0.000000 0.000000 0.000074 
0.000000 0.000000 0.000000 0.000000 0.000000 0.006382 0.000000 0.000000 0.000000 0.000000 0.000000 0.000000 0.000000 0.993544 0.000074 0.000000 0.000000 0.000000 0.000000 0.000000 
0.008683 0.000074 0.000000 0.000000 0.000148 0.000000 0.000000 0.977440 0.000000 0.000000 0.000148 0.002301 0.000000 0.000074 0.000371 0.000000 0.000223 0.010538 0.000000 0.000000 
0.000074 0.000000 0.000223 0.000000 0.000000 0.999406 0.000000 0.000000 0.000000 0.000000 0.000000 0.000000 0.000000 0.000000 0.000074 0.000148 0.000000 0.000000 0.000074 0.000000 
0.000074 0.000074 0.000000 0.000074 0.000148 0.006382 0.000000 0.000074 0.000000 0.001187 0.000000 0.000000 0.000297 0.000000 0.000000 0.422306 0.569308 0.000000 0.000000 0.000074 
0.000148 0.000000 0.000000 0.000000 0.000965 0.000000 0.000074 0.084372 0.000000 0.651603 0.001262 0.000000 0.000000 0.000000 0.000000 0.000074 0.000000 0.261502 0.000000 0.000000 

MOTIF MEME-13
letter-probability matrix: alength= 20 w= 30 nsites= 13574 E= 0.000000
0.013556 0.006410 0.004863 0.020040 0.092095 0.003905 0.006041 0.141457 0.104177 0.243277 0.162529 0.001474 0.000737 0.021071 0.026450 0.003536 0.010020 0.061667 0.005010 0.071686 
0.006851 0.012524 0.501326 0.147930 0.001179 0.001179 0.003757 0.000663 0.051938 0.002873 0.003315 0.091719 0.012377 0.003684 0.019817 0.126344 0.004052 0.002947 0.000000 0.005525 
0.480404 0.004052 0.000810 0.006188 0.006409 0.008177 0.000074 0.011861 0.000442 0.003536 0.000295 0.000000 0.052748 0.000000 0.000884 0.022322 0.005010 0.393767 0.002726 0.000295 
0.049363 0.006115 0.035512 0.062109 0.083475 0.012156 0.004642 0.024902 0.060267 0.132837 0.005452 0.009062 0.000442 0.010978 0.059088 0.080528 0.217491 0.070434 0.000663 0.074486 
0.018495 0.000884 0.439909 0.238008 0.000221 0.003758 0.003095 0.000295 0.009285 0.002800 0.001105 0.129688 0.000000 0.063444 0.012453 0.071992 0.001768 0.000663 0.001253 0.000884 
0.001473 0.000000 0.000000 0.000074 0.001400 0.000221 0.000442 0.018197 0.000368 0.010240 0.000074 0.000000 0.000589 0.895904 0.000295 0.000368 0.005378 0.002284 0.062472 0.000221 
0.187417 0.001252 0.002578 0.088994 0.001621 0.011051 0.000516 0.072050 0.111610 0.018491 0.009061 0.034699 0.009872 0.035951 0.193826 0.032857 0.045160 0.119640 0.000589 0.022764 
0.232209 0.000442 0.043760 0.131354 0.050317 0.161854 0.012524 0.014660 0.089657 0.102844 0.004494 0.017018 0.000000 0.040150 0.017534 0.029763 0.022985 0.013555 0.000442 0.014439 
0.002284 0.000737 0.000663 0.000000 0.003905 0.062477 0.000000 0.578649 0.000000 0.169454 0.000663 0.000074 0.000000 0.000000 0.000000 0.000147 0.000147 0.180800 0.000000 0.000000 
0.000000 0.000000 0.998895 0.000516 0.000000 0.000074 0.000000 0.000000 0.000000 0.000000 0.000000 0.000368 0.000000 0.000000 0.000000 0.000147 0.000000 0.000000 0.000000 0.000000 
0.083339 0.000811 0.035885 0.088940 0.001179 0.012379 0.029917 0.000147 0.180679 0.013558 0.010242 0.076266 0.000000 0.241102 0.183037 0.015548 0.016285 0.000368 0.000074 0.010242 
0.248103 0.002358 0.000811 0.007737 0.089161 0.000147 0.000368 0.123499 0.054896 0.156510 0.034043 0.000221 0.062339 0.002579 0.043696 0.003537 0.122614 0.045096 0.000295 0.001990 
0.037356 0.000368 0.000958 0.000663 0.000000 0.000147 0.000295 0.006926 0.000074 0.272178 0.657309 0.001032 0.000000 0.000368 0.000074 0.020925 0.000368 0.000958 0.000000 0.000000 
0.001842 0.012450 0.045676 0.015986 0.022543 0.000442 0.004199 0.577796 0.012303 0.217327 0.006409 0.012966 0.000000 0.001768 0.040887 0.000958 0.002947 0.023353 0.000000 0.000147 
0.150162 0.000589 0.253021 0.337681 0.000368 0.009431 0.002431 0.000663 0.082375 0.000810 0.000442 0.028736 0.000000 0.023946 0.006337 0.024831 0.027041 0.050914 0.000000 0.000221 
0.082738 0.001842 0.000074 0.002505 0.002579 0.003242 0.000147 0.057909 0.001621 0.777868 0.042806 0.000147 0.000000 0.000663 0.003684 0.001179 0.009799 0.010609 0.000000 0.000589 
0.009356 0.000000 0.959187 0.004789 0.000000 0.000368 0.000074 0.000000 0.001915 0.000000 0.000000 0.012745 0.000000 0.001473 0.009724 0.000368 0.000000 0.000000 0.000000 0.000000 
0.046044 0.000000 0.002947 0.002799 0.000000 0.919184 0.000295 0.000000 0.001694 0.000074 0.000810 0.017681 0.000589 0.003905 0.001326 0.002357 0.000147 0.000000 0.000000 0.000147 
0.038603 0.000295 0.001473 0.000000 0.000000 0.000000 0.000000 0.025195 0.000442 0.000000 0.000074 0.000074 0.000000 0.000147 0.000000 0.040371 0.893178 0.000000 0.000000 0.000147 
0.046560 0.000074 0.113821 0.368057 0.000589 0.003315 0.008840 0.000958 0.090246 0.003241 0.000147 0.012819 0.295933 0.007146 0.020996 0.016723 0.008177 0.001915 0.000147 0.000295 
0.013850 0.000000 0.078311 0.021291 0.006630 0.005746 0.000884 0.000663 0.010019 0.003831 0.000074 0.786062 0.000000 0.005673 0.000221 0.007146 0.058789 0.000147 0.000000 0.000663 
0.010757 0.000074 0.000000 0.000000 0.012009 0.000000 0.000000 0.000000 0.888529 0.029691 0.000958 0.000074 0.000000 0.000442 0.007883 0.000000 0.000074 0.017461 0.000000 0.032049 
0.119272 0.000516 0.006409 0.034993 0.000442 0.226757 0.000810 0.000589 0.017976 0.000442 0.001473 0.004126 0.000000 0.003094 0.027553 0.505820 0.018197 0.031089 0.000000 0.000442 
0.020631 0.000221 0.007442 0.039419 0.000074 0.010684 0.006042 0.001400 0.450265 0.000884 0.000589 0.150604 0.000074 0.011200 0.238358 0.043324 0.012747 0.005526 0.000074 0.000442 
0.004421 0.000221 0.000000 0.000295 0.137794 0.000221 0.000295 0.050844 0.001400 0.753740 0.006632 0.000147 0.000000 0.003463 0.027264 0.000147 0.001326 0.006558 0.000221 0.005011 
0.000074 0.000074 0.000000 0.000074 0.000000 0.999705 0.000000 0.000000 0.000074 0.000000 0.000000 0.000000 0.000000 0.000000 0.000000 0.000000 0.000000 0.000000 0.000000 0.000000 
0.909459 0.000000 0.000000 0.000074 0.062472 0.025122 0.000000 0.000000 0.000000 0.000074 0.000000 0.000000 0.000000 0.000000 0.000000 0.001842 0.000295 0.000663 0.000000 0.000000 
0.000442 0.000000 0.025637 0.000074 0.000000 0.000000 0.000000 0.000000 0.012082 0.000295 0.000000 0.937159 0.000000 0.003905 0.000147 0.000516 0.019744 0.000000 0.000000 0.000000 
0.935828 0.000147 0.000000 0.000000 0.000589 0.003757 0.000000 0.000884 0.000000 0.001105 0.000074 0.000000 0.000074 0.000000 0.000000 0.023871 0.032123 0.001547 0.000000 0.000000 
0.011494 0.001768 0.000000 0.000000 0.025346 0.000074 0.000000 0.761715 0.000000 0.051798 0.042735 0.000074 0.000000 0.000000 0.000000 0.004495 0.043840 0.056661 0.000000 0.000000 

MOTIF MEME-16
letter-probability matrix: alength= 20 w= 30 nsites= 9454 E= 0.000000
0.001481 0.006135 0.000000 0.000000 0.000529 0.003491 0.000000 0.715147 0.000000 0.000106 0.003173 0.000000 0.000000 0.000000 0.000000 0.000000 0.008674 0.261265 0.000000 0.000000 
0.067908 0.000106 0.025069 0.548234 0.000106 0.037762 0.007193 0.009626 0.188069 0.001692 0.000106 0.008462 0.000000 0.033637 0.014280 0.024117 0.023165 0.010154 0.000000 0.000317 
0.203723 0.000423 0.028877 0.050561 0.000317 0.006452 0.000635 0.004548 0.453882 0.013116 0.001904 0.067062 0.000000 0.054897 0.066850 0.024540 0.018405 0.003702 0.000000 0.000106 
0.915697 0.005712 0.000000 0.000000 0.000000 0.000317 0.000000 0.000000 0.000000 0.003067 0.000000 0.000529 0.000000 0.000000 0.000000 0.022107 0.044637 0.007933 0.000000 0.000000 
0.000106 0.000106 0.001164 0.000317 0.000000 0.988999 0.000529 0.000000 0.002327 0.000000 0.000000 0.003808 0.000423 0.000000 0.000529 0.001692 0.000000 0.000000 0.000000 0.000000 
0.000000 0.000317 0.000106 0.001692 0.100592 0.000000 0.002539 0.000000 0.000000 0.046541 0.000635 0.000106 0.000000 0.000529 0.001164 0.000000 0.000000 0.000000 0.000212 0.845568 
0.020203 0.000952 0.002433 0.190713 0.000106 0.001375 0.002010 0.012587 0.415486 0.003067 0.001058 0.006241 0.000000 0.023588 0.101544 0.011106 0.122276 0.085149 0.000000 0.000106 
0.129681 0.000106 0.000000 0.000846 0.015655 0.000952 0.000000 0.002856 0.000106 0.214301 0.009837 0.001375 0.599323 0.000106 0.000106 0.003067 0.002327 0.015866 0.002644 0.000846 
0.002644 0.000106 0.003702 0.007298 0.000846 0.960440 0.000423 0.000000 0.004760 0.000740 0.000635 0.005712 0.000000 0.002116 0.002221 0.003702 0.000106 0.000317 0.000529 0.003702 
0.018934 0.000317 0.083880 0.326211 0.000423 0.005289 0.001164 0.005183 0.299767 0.000952 0.000000 0.003173 0.002644 0.036387 0.040406 0.058176 0.093823 0.022953 0.000000 0.000317 
0.000000 0.000000 0.733763 0.139623 0.000000 0.000212 0.006875 0.000000 0.000000 0.000000 0.000000 0.010154 0.000000 0.108314 0.000846 0.000000 0.000000 0.000000 0.000000 0.000212 
0.004019 0.001375 0.000000 0.000000 0.054474 0.000106 0.000000 0.475460 0.000000 0.005289 0.019992 0.000000 0.000000 0.000000 0.000000 0.000000 0.000212 0.438862 0.000000 0.000212 
0.287074 0.016184 0.000106 0.001058 0.094669 0.039243 0.006981 0.000846 0.049609 0.053522 0.102602 0.003067 0.000106 0.004548 0.014385 0.044955 0.158875 0.073197 0.009626 0.039348 
0.000106 0.000106 0.000000 0.000000 0.041358 0.000000 0.000000 0.286228 0.000000 0.655913 0.000952 0.000000 0.000317 0.000000 0.000000 0.000000 0.000106 0.011318 0.000000 0.003596 
0.770044 0.019463 0.000000 0.000000 0.000000 0.178549 0.000000 0.003914 0.000000 0.002116 0.000317 0.000000 0.000000 0.000000 0.000000 0.015337 0.000423 0.009837 0.000000 0.000000 
0.000846 0.004866 0.000000 0.000000 0.049714 0.000000 0.000000 0.055215 0.000000 0.628834 0.248678 0.000000 0.000000 0.000000 0.000000 0.000740 0.002010 0.009097 0.000000 0.000000 
0.000000 0.000000 1.000000 0.000000 0.000000 0.000000 0.000000 0.000000 0.000000 0.000000 0.000000 0.000000 0.000000 0.000000 0.000000 0.000000 0.000000 0.000000 0.000000 0.000000 
0.154644 0.400360 0.000000 0.000000 0.004019 0.000529 0.000000 0.016501 0.000000 0.002539 0.000529 0.000212 0.094563 0.000000 0.000000 0.006770 0.002221 0.317114 0.000000 0.000000 
1.000000 0.000000 0.000000 0.000000 0.000000 0.000000 0.000000 0.000000 0.000000 0.000000 0.000000 0.000000 0.000000 0.000000 0.000000 0.000000 0.000000 0.000000 0.000000 0.000000 
0.495557 0.000846 0.000000 0.000000 0.000000 0.000317 0.000000 0.000106 0.000000 0.000529 0.000423 0.001164 0.000529 0.000000 0.000000 0.478951 0.017347 0.004231 0.000000 0.000000 
0.014491 0.000000 0.000106 0.000000 0.000212 0.000212 0.000529 0.000000 0.000000 0.000000 0.000000 0.007616 0.000106 0.000212 0.000000 0.767294 0.209224 0.000000 0.000000 0.000000 
0.001798 0.000000 0.002327 0.948382 0.000000 0.002856 0.001692 0.000000 0.000106 0.000000 0.000000 0.000317 0.000000 0.004866 0.000106 0.019145 0.008779 0.000000 0.000000 0.009626 
0.000000 0.000106 0.000000 0.000000 0.765285 0.000000 0.000000 0.017241 0.000000 0.129575 0.018616 0.000000 0.000000 0.002750 0.000000 0.000000 0.000000 0.002010 0.035435 0.028982 
0.012376 0.008250 0.000106 0.000212 0.233552 0.009308 0.016924 0.002010 0.032473 0.001587 0.000846 0.000106 0.000000 0.000529 0.001798 0.003173 0.000000 0.032790 0.013857 0.630104 
0.016818 0.000952 0.185213 0.105458 0.000317 0.014385 0.027819 0.002221 0.341654 0.000740 0.000212 0.113920 0.001164 0.017664 0.055955 0.053945 0.031733 0.029088 0.000000 0.000740 
0.039877 0.003385 0.467210 0.124709 0.000106 0.035752 0.004337 0.000212 0.137191 0.001164 0.000000 0.131585 0.014068 0.009414 0.007722 0.011001 0.010154 0.002010 0.000000 0.000106 
0.016078 0.000106 0.042416 0.168712 0.000000 0.639729 0.012905 0.000952 0.058282 0.000846 0.000212 0.023165 0.000212 0.003914 0.004971 0.015655 0.007616 0.004125 0.000000 0.000106 
0.064523 0.001269 0.038079 0.019145 0.033637 0.040195 0.005395 0.027078 0.364608 0.013116 0.007298 0.033002 0.001058 0.055955 0.055744 0.046224 0.112651 0.079437 0.000000 0.001587 
0.001269 0.000106 0.007827 0.002539 0.000106 0.170087 0.005818 0.002221 0.108737 0.002327 0.000212 0.040829 0.000423 0.005289 0.005500 0.003596 0.001798 0.000423 0.000000 0.640893 
0.016607 0.003808 0.106093 0.074783 0.006558 0.017876 0.084514 0.046224 0.136239 0.024117 0.011212 0.087476 0.000000 0.038291 0.028242 0.011847 0.065686 0.175270 0.000317 0.064840 

MOTIF MEME-19
letter-probability matrix: alength= 20 w= 30 nsites= 12433 E= 0.000000
0.019788 0.000402 0.000000 0.000080 0.000322 0.000000 0.000000 0.000804 0.000161 0.000000 0.000000 0.000000 0.000080 0.000402 0.000161 0.916828 0.014559 0.046252 0.000000 0.000161 
0.000241 0.000161 0.004505 0.006033 0.000080 0.000080 0.006837 0.000000 0.041023 0.000000 0.000000 0.006918 0.000000 0.004987 0.915541 0.002091 0.005148 0.000804 0.000000 0.005550 
0.014799 0.005630 0.000643 0.002011 0.000000 0.785410 0.001448 0.001046 0.000241 0.000563 0.000080 0.006193 0.000000 0.001126 0.005308 0.064023 0.105123 0.006193 0.000080 0.000080 
0.035470 0.000402 0.000965 0.121773 0.011421 0.000000 0.009893 0.007400 0.002011 0.000885 0.001046 0.739323 0.000000 0.006917 0.025336 0.004745 0.009571 0.014478 0.000965 0.007400 
0.126840 0.016488 0.002493 0.035309 0.000241 0.000080 0.000000 0.001609 0.002976 0.000161 0.000000 0.001367 0.794820 0.001126 0.000965 0.000402 0.000885 0.013995 0.000080 0.000161 
0.005791 0.003619 0.033298 0.016086 0.000000 0.001206 0.037240 0.000965 0.022842 0.000080 0.000241 0.002252 0.000000 0.003298 0.030323 0.016971 0.811148 0.013995 0.000000 0.000643 
0.000161 0.000000 0.000000 0.000000 0.000000 0.000080 0.000000 0.110432 0.000000 0.047535 0.000000 0.000080 0.000080 0.000000 0.000000 0.000080 0.006515 0.835036 0.000000 0.000000 
0.008928 0.001287 0.000643 0.721467 0.000563 0.002976 0.000322 0.037079 0.011984 0.023164 0.002815 0.000563 0.000080 0.036918 0.009089 0.003378 0.000402 0.135285 0.000483 0.002574 
0.276442 0.036596 0.000000 0.003378 0.000000 0.000402 0.000161 0.002815 0.002654 0.001528 0.000322 0.000080 0.000000 0.000724 0.027025 0.002815 0.033057 0.611357 0.000000 0.000643 
0.017051 0.017936 0.310384 0.420333 0.003459 0.002815 0.003217 0.001287 0.015764 0.008445 0.004343 0.001448 0.000000 0.003941 0.018097 0.022762 0.014478 0.130861 0.000241 0.003137 
0.014236 0.002172 0.000080 0.082603 0.000000 0.000322 0.000322 0.058313 0.001206 0.033138 0.003137 0.000000 0.000000 0.000885 0.010376 0.002735 0.044800 0.743183 0.000000 0.002493 
0.029277 0.008767 0.003700 0.034988 0.030162 0.037240 0.098930 0.176948 0.006113 0.191506 0.011663 0.000483 0.000000 0.008928 0.025899 0.007963 0.113086 0.109628 0.009813 0.094909 
0.012628 0.007882 0.002413 0.096196 0.002574 0.005550 0.001930 0.001769 0.000724 0.624145 0.000241 0.000322 0.000000 0.004102 0.009330 0.021395 0.197539 0.007802 0.000000 0.003459 
0.076014 0.003378 0.201174 0.503137 0.001528 0.009894 0.015364 0.010135 0.009170 0.006274 0.002011 0.007722 0.000644 0.024614 0.010216 0.090573 0.015203 0.011181 0.000161 0.001609 
0.013834 0.021716 0.399099 0.048339 0.003941 0.126599 0.000965 0.000161 0.005871 0.011341 0.000241 0.113167 0.000000 0.006756 0.008445 0.213866 0.024049 0.000402 0.000000 0.001206 
0.004504 0.000804 0.016328 0.008284 0.001126 0.916673 0.001689 0.001689 0.003217 0.001367 0.000080 0.028633 0.000563 0.001689 0.002896 0.005469 0.003137 0.001206 0.000000 0.000643 
0.206322 0.001931 0.002252 0.003620 0.087838 0.037564 0.025579 0.099340 0.004826 0.017133 0.013031 0.009813 0.000724 0.007159 0.006837 0.148649 0.166988 0.149051 0.000241 0.011100 
0.010456 0.006756 0.000080 0.011663 0.170675 0.000643 0.010054 0.108260 0.100619 0.080592 0.121531 0.000804 0.000161 0.015604 0.035711 0.028553 0.088796 0.188450 0.006515 0.014075 
0.131022 0.000161 0.000241 0.003619 0.001930 0.829084 0.002815 0.000161 0.000483 0.000161 0.000000 0.000000 0.000000 0.003459 0.000000 0.008204 0.008124 0.009491 0.000000 0.001046 
0.008445 0.003619 0.001367 0.007721 0.007641 0.000885 0.008847 0.022521 0.010054 0.040216 0.036355 0.000804 0.000161 0.022682 0.614011 0.076410 0.045846 0.047213 0.022119 0.023084 
0.725730 0.000080 0.000000 0.000000 0.000724 0.255449 0.000000 0.000000 0.000000 0.000000 0.000080 0.000000 0.000000 0.000000 0.000000 0.011099 0.003539 0.003298 0.000000 0.000000 
0.436258 0.054693 0.005630 0.198102 0.000402 0.016810 0.000000 0.106249 0.003861 0.041663 0.044237 0.002413 0.000161 0.013110 0.001930 0.059599 0.012708 0.001850 0.000000 0.000322 
0.199228 0.145902 0.000000 0.000000 0.000000 0.001609 0.000000 0.001448 0.000000 0.000000 0.000000 0.000000 0.000000 0.000000 0.000000 0.010215 0.000965 0.640634 0.000000 0.000000 
0.002574 0.000000 0.000000 0.000000 0.000000 0.000080 0.000000 0.000080 0.000000 0.000402 0.000080 0.000000 0.839997 0.000080 0.000241 0.001448 0.095407 0.059609 0.000000 0.000000 
0.022682 0.000161 0.000000 0.000080 0.000000 0.000000 0.000161 0.000000 0.000000 0.000000 0.000000 0.000000 0.186359 0.000080 0.000080 0.789914 0.000322 0.000161 0.000000 0.000000 
0.000724 0.000000 0.000483 0.000000 0.000000 0.802300 0.000000 0.000161 0.000000 0.000161 0.000000 0.000080 0.000000 0.000000 0.009089 0.000885 0.038366 0.001448 0.000080 0.146224 
0.859004 0.000000 0.000161 0.000322 0.000402 0.010536 0.003056 0.001046 0.005389 0.002654 0.000322 0.000161 0.101102 0.000322 0.004987 0.004745 0.001287 0.004343 0.000000 0.000161 
0.003056 0.000000 0.000000 0.000000 0.007158 0.000000 0.010456 0.000000 0.000000 0.000483 0.000000 0.000000 0.004424 0.000000 0.146224 0.802542 0.000000 0.023245 0.000000 0.002413 
0.000161 0.000080 0.000080 0.000000 0.000241 0.000000 0.000080 0.030886 0.003780 0.000161 0.000080 0.000000 0.000080 0.000000 0.004424 0.000000 0.795383 0.008284 0.000161 0.156117 
0.000241 0.000080 0.010054 0.000000 0.000000 0.941285 0.000161 0.000000 0.000080 0.000000 0.000000 0.003459 0.000000 0.002654 0.000804 0.000804 0.031368 0.000000 0.000000 0.009008 

MOTIF MEME-25
letter-probability matrix: alength= 20 w= 30 nsites= 13305 E= 0.000000
0.059080 0.084035 0.000000 0.000000 0.001729 0.000075 0.065845 0.468656 0.000000 0.008794 0.013830 0.001052 0.000000 0.000451 0.000150 0.002405 0.002255 0.290439 0.000827 0.000376 
0.047214 0.000301 0.065484 0.306518 0.000226 0.003534 0.003534 0.000150 0.225923 0.066461 0.000902 0.047741 0.000000 0.067814 0.086309 0.030374 0.032629 0.001880 0.000075 0.012931 
0.008345 0.000451 0.031198 0.003608 0.003458 0.000000 0.000000 0.014208 0.003458 0.410089 0.461058 0.000226 0.000075 0.003909 0.003157 0.001353 0.045181 0.008420 0.000075 0.001729 
0.905578 0.018193 0.000000 0.000000 0.000000 0.006841 0.000000 0.001654 0.000000 0.000000 0.000075 0.000000 0.000000 0.000000 0.000075 0.061495 0.005187 0.000902 0.000000 0.000000 
0.005789 0.000000 0.007142 0.005639 0.019623 0.004586 0.189610 0.001203 0.411247 0.005714 0.004210 0.015187 0.000000 0.224194 0.048267 0.005037 0.028644 0.003082 0.000075 0.020750 
0.085025 0.001203 0.087130 0.090663 0.000752 0.007142 0.033529 0.001879 0.185536 0.003759 0.003909 0.035559 0.000000 0.036837 0.317246 0.092167 0.015261 0.001654 0.000075 0.000677 
0.528045 0.003233 0.012782 0.000827 0.002932 0.005113 0.061579 0.001278 0.004586 0.002632 0.000226 0.302331 0.000000 0.003459 0.007293 0.053158 0.000752 0.001579 0.000075 0.008120 
0.034659 0.000902 0.005639 0.000902 0.000000 0.837531 0.003609 0.000000 0.016390 0.000150 0.000827 0.050974 0.000000 0.003458 0.028419 0.015488 0.000902 0.000150 0.000000 0.000000 
0.000226 0.000150 0.000000 0.000000 0.085927 0.000150 0.000301 0.004886 0.000075 0.003608 0.020147 0.000000 0.000000 0.001504 0.000226 0.000000 0.000000 0.001203 0.278605 0.602992 
0.046309 0.000827 0.005713 0.003834 0.000301 0.253195 0.003233 0.001579 0.072320 0.001879 0.000150 0.016614 0.000226 0.021801 0.066757 0.030296 0.471283 0.002857 0.000752 0.000075 
0.370198 0.094579 0.000000 0.000000 0.000977 0.000601 0.000226 0.019773 0.000150 0.002857 0.000376 0.017893 0.008496 0.003383 0.000376 0.100594 0.185625 0.190437 0.000376 0.003082 
0.000526 0.000075 0.000000 0.000000 0.014208 0.000000 0.000000 0.125094 0.000150 0.001278 0.354007 0.000000 0.000075 0.001052 0.000000 0.000150 0.000301 0.502706 0.000000 0.000376 
0.029029 0.000827 0.000000 0.000000 0.000677 0.000075 0.000000 0.289163 0.000000 0.012710 0.221253 0.000000 0.000000 0.000000 0.000000 0.014740 0.048056 0.383470 0.000000 0.000000 
0.000301 0.000000 0.000000 0.000000 0.000000 0.000000 0.000000 0.000000 0.000000 0.000000 0.000000 0.000075 0.000075 0.000000 0.000000 0.999474 0.000075 0.000000 0.000000 0.000000 
0.012179 0.000000 0.000000 0.000301 0.000000 0.000000 0.987295 0.000000 0.000000 0.000000 0.000000 0.000000 0.000075 0.000000 0.000000 0.000000 0.000075 0.000075 0.000000 0.000000 
0.000000 0.000000 0.000000 0.000000 0.000000 0.000000 0.000451 0.000000 0.000000 0.000000 0.000000 0.000000 0.000000 0.000000 0.999398 0.000150 0.000000 0.000000 0.000000 0.000000 
0.000075 0.000451 0.000075 0.000000 0.000451 0.000075 0.000000 0.000075 0.000000 0.000000 0.000000 0.000000 0.000000 0.000000 0.000000 0.998797 0.000000 0.000000 0.000000 0.000000 
0.002330 0.000000 0.000075 0.000150 0.000000 0.997143 0.000000 0.000000 0.000000 0.000000 0.000000 0.000000 0.000000 0.000000 0.000150 0.000075 0.000000 0.000075 0.000000 0.000000 
0.000000 0.000000 0.006390 0.993158 0.000000 0.000075 0.000000 0.000000 0.000301 0.000000 0.000000 0.000000 0.000000 0.000000 0.000000 0.000075 0.000000 0.000000 0.000000 0.000000 
0.000000 0.000000 0.000000 0.000000 0.000000 0.000000 0.000000 0.000000 0.000000 0.000000 0.000000 0.000526 0.000000 0.000000 0.000000 0.059540 0.939934 0.000000 0.000000 0.000000 
0.014058 0.002255 0.004811 0.930687 0.000000 0.009397 0.000075 0.001729 0.000226 0.000451 0.001278 0.000827 0.007593 0.000000 0.000000 0.004285 0.014058 0.008194 0.000000 0.000075 
0.000000 0.000000 0.991505 0.000226 0.000000 0.000226 0.000000 0.000000 0.000000 0.000000 0.000000 0.005939 0.000000 0.000000 0.000000 0.001128 0.000075 0.000000 0.000000 0.000902 
0.140355 0.003458 0.010750 0.001955 0.000301 0.000526 0.003533 0.000677 0.000150 0.000601 0.000000 0.027289 0.006691 0.000000 0.000376 0.229214 0.500451 0.072395 0.000075 0.001203 
0.001729 0.000150 0.000000 0.000000 0.336416 0.000376 0.000526 0.010076 0.000000 0.001955 0.004136 0.000000 0.000075 0.000827 0.000000 0.010226 0.620648 0.004361 0.001429 0.007068 
0.000150 0.000000 0.000000 0.000000 0.000000 0.000000 0.000000 0.979546 0.000000 0.013461 0.002106 0.000000 0.000000 0.000075 0.000075 0.000000 0.000075 0.004512 0.000000 0.000000 
0.948872 0.000226 0.000000 0.000000 0.000000 0.003008 0.000000 0.000226 0.000000 0.000000 0.000000 0.000000 0.000000 0.000000 0.000000 0.043459 0.000977 0.003233 0.000000 0.000000 
0.000301 0.000000 0.957444 0.000677 0.000000 0.000677 0.038045 0.000000 0.000000 0.000000 0.000000 0.000150 0.000000 0.001128 0.000075 0.001504 0.000000 0.000000 0.000000 0.000000 
0.000150 0.000000 0.000000 0.000000 0.048790 0.000000 0.000000 0.192377 0.000000 0.742821 0.007743 0.000000 0.000000 0.000000 0.000000 0.000000 0.000075 0.007894 0.000075 0.000075 
0.691076 0.002481 0.000000 0.000000 0.000000 0.001880 0.000000 0.000075 0.000000 0.000150 0.000000 0.000000 0.000000 0.000000 0.000000 0.052327 0.017969 0.233967 0.000075 0.000000 
0.001504 0.000075 0.000000 0.000075 0.000000 0.000075 0.000075 0.004661 0.000000 0.001128 0.000000 0.000000 0.000000 0.000000 0.000000 0.000000 0.003684 0.988498 0.000075 0.000150 

MOTIF MEME-32
letter-probability matrix: alength= 20 w= 30 nsites= 14344 E= 0.000000
0.509134 0.001743 0.000000 0.000697 0.032074 0.011365 0.013318 0.009343 0.119649 0.076210 0.028797 0.000558 0.000000 0.094687 0.005787 0.039883 0.007182 0.018268 0.021545 0.009762 
0.618516 0.001882 0.000070 0.000070 0.000000 0.335123 0.000000 0.000070 0.000000 0.000000 0.000000 0.000000 0.000070 0.000000 0.000070 0.043642 0.000488 0.000000 0.000000 0.000000 
0.061838 0.000767 0.123885 0.149400 0.000976 0.004044 0.010109 0.009900 0.377789 0.008784 0.005229 0.070204 0.000000 0.084216 0.062256 0.014361 0.010597 0.005438 0.000070 0.000139 
0.247002 0.002719 0.022170 0.104782 0.028026 0.007529 0.026143 0.029350 0.026562 0.046779 0.009481 0.003904 0.000000 0.012200 0.094325 0.172267 0.025864 0.064069 0.000558 0.076269 
0.149759 0.017082 0.000279 0.003277 0.022380 0.000418 0.030189 0.012480 0.003556 0.482953 0.010388 0.004392 0.000000 0.007948 0.046085 0.081643 0.028516 0.064561 0.001743 0.032350 
0.011574 0.001255 0.119927 0.070283 0.000418 0.523428 0.012690 0.000000 0.031795 0.000418 0.000767 0.147818 0.000000 0.029424 0.029564 0.014712 0.004811 0.000279 0.000070 0.000767 
0.055920 0.000279 0.000000 0.033538 0.000558 0.000000 0.000139 0.100265 0.019174 0.433691 0.066727 0.000000 0.000000 0.074048 0.020430 0.001464 0.009483 0.184144 0.000070 0.000070 
0.007669 0.000000 0.002928 0.014990 0.000139 0.001534 0.001604 0.000000 0.000000 0.000139 0.000418 0.000837 0.925260 0.000976 0.002580 0.037649 0.002789 0.000000 0.000000 0.000488 
0.017289 0.000279 0.000070 0.000209 0.003137 0.000000 0.000000 0.031023 0.000000 0.646472 0.002579 0.000000 0.000000 0.000000 0.000000 0.000209 0.000627 0.297825 0.000000 0.000279 
0.015617 0.004462 0.000000 0.000000 0.111274 0.000349 0.070557 0.000139 0.000000 0.000000 0.000000 0.000418 0.000139 0.000000 0.001255 0.111553 0.004044 0.017082 0.045318 0.617793 
0.051171 0.000000 0.047058 0.115449 0.000000 0.000418 0.009900 0.001325 0.116495 0.001882 0.004044 0.016662 0.000000 0.188581 0.389222 0.026701 0.023355 0.007181 0.000070 0.000488 
0.002301 0.000070 0.000000 0.000000 0.036670 0.000000 0.007808 0.003765 0.000000 0.401562 0.019241 0.000070 0.000000 0.000906 0.000000 0.001046 0.001534 0.017359 0.000837 0.506832 
0.000139 0.000000 0.000000 0.000000 0.048383 0.000000 0.000000 0.130368 0.000000 0.695204 0.025446 0.000070 0.000000 0.000000 0.000000 0.000000 0.000418 0.097950 0.001255 0.000767 
0.000767 0.000000 0.000000 0.000000 0.000000 0.998675 0.000000 0.000000 0.000209 0.000000 0.000000 0.000000 0.000000 0.000000 0.000000 0.000279 0.000000 0.000000 0.000070 0.000000 
0.000697 0.000000 0.003067 0.000209 0.000000 0.991425 0.000349 0.000000 0.000279 0.001464 0.000000 0.000349 0.000070 0.000139 0.000000 0.001534 0.000418 0.000000 0.000000 0.000000 
0.195413 0.009551 0.005020 0.010457 0.073550 0.013873 0.004532 0.025028 0.069088 0.038971 0.008017 0.013037 0.133575 0.026283 0.120747 0.044618 0.067903 0.117889 0.000558 0.021891 
0.030538 0.014432 0.026563 0.002789 0.021056 0.048316 0.011086 0.011643 0.010528 0.060029 0.009203 0.318553 0.001743 0.026633 0.039043 0.077181 0.054870 0.203514 0.001604 0.030677 
0.391620 0.000558 0.015408 0.001394 0.000488 0.048874 0.030259 0.000767 0.029352 0.009621 0.000279 0.023635 0.026006 0.013595 0.316182 0.032490 0.056474 0.002440 0.000000 0.000558 
0.006972 0.007390 0.255665 0.083386 0.005857 0.003486 0.143136 0.001882 0.135188 0.022311 0.031235 0.087708 0.004114 0.016593 0.073555 0.034442 0.047201 0.014084 0.000070 0.025727 
0.041829 0.001046 0.005438 0.089306 0.001673 0.014989 0.007250 0.068949 0.084844 0.110081 0.012619 0.003277 0.001394 0.055145 0.118865 0.076617 0.122839 0.181609 0.000279 0.001952 
0.004113 0.002370 0.001255 0.021542 0.014780 0.000000 0.000139 0.146751 0.001813 0.594674 0.063999 0.001255 0.010527 0.001882 0.006135 0.002091 0.022518 0.104016 0.000070 0.000070 
0.004113 0.000000 0.018963 0.036113 0.000139 0.000697 0.002022 0.000697 0.064835 0.001952 0.011154 0.006414 0.658185 0.049149 0.054169 0.010457 0.065672 0.008645 0.006623 0.000000 
0.036113 0.014849 0.063650 0.000070 0.076199 0.001394 0.000000 0.023634 0.000279 0.025725 0.008366 0.000906 0.001255 0.000209 0.000209 0.010318 0.087354 0.626325 0.000000 0.023146 
0.058561 0.000209 0.002649 0.000837 0.014431 0.000279 0.004322 0.039180 0.000209 0.045524 0.006205 0.000558 0.527189 0.000000 0.000697 0.042248 0.018056 0.004253 0.000070 0.234523 
0.119562 0.039598 0.000000 0.000418 0.003765 0.018823 0.022309 0.000070 0.001673 0.041899 0.467303 0.005717 0.000000 0.005717 0.007181 0.076687 0.070970 0.000767 0.103318 0.014222 
0.017359 0.005508 0.009202 0.000000 0.009481 0.011085 0.012200 0.051102 0.000000 0.047058 0.454755 0.010527 0.001046 0.000000 0.000000 0.024819 0.147867 0.045455 0.109314 0.043224 
0.012897 0.008017 0.000418 0.000000 0.000139 0.073132 0.000000 0.077663 0.016174 0.165644 0.000488 0.524261 0.010666 0.001046 0.000906 0.045385 0.005717 0.056539 0.000000 0.000906 
0.141244 0.000418 0.000209 0.000000 0.047476 0.118656 0.009969 0.463678 0.000209 0.022170 0.002301 0.011991 0.014431 0.000070 0.000070 0.025655 0.001534 0.129253 0.001743 0.008924 
0.008366 0.001603 0.019241 0.007599 0.016104 0.130577 0.000488 0.301380 0.002998 0.178263 0.012688 0.036531 0.000000 0.006553 0.041202 0.097950 0.017080 0.071668 0.000070 0.049637 
0.035348 0.000279 0.119571 0.023426 0.000070 0.122987 0.000906 0.000418 0.041972 0.002022 0.000209 0.525483 0.061215 0.002719 0.018197 0.025727 0.014502 0.001185 0.000000 0.003765 

MOTIF MEME-34
letter-probability matrix: alength= 20 w= 30 nsites= 20259 E= 0.000000
0.077200 0.000148 0.060664 0.414334 0.001382 0.063626 0.003505 0.009082 0.066440 0.005973 0.002715 0.028975 0.091614 0.115109 0.006170 0.024187 0.009379 0.010168 0.000642 0.008687 
0.009577 0.000247 0.016982 0.083230 0.115762 0.002123 0.006072 0.005035 0.004640 0.236264 0.260157 0.021178 0.004394 0.101150 0.003406 0.009824 0.039344 0.012391 0.008787 0.059436 
0.462530 0.004838 0.002962 0.011602 0.000543 0.042012 0.000000 0.128555 0.013576 0.013132 0.003357 0.011108 0.000148 0.006171 0.001185 0.040136 0.092911 0.164889 0.000000 0.000346 
0.109964 0.000049 0.264468 0.136233 0.002765 0.023751 0.030713 0.115050 0.108730 0.042169 0.009974 0.030269 0.002963 0.017085 0.023603 0.023948 0.028491 0.026269 0.000247 0.003259 
0.031542 0.000790 0.033417 0.050200 0.093341 0.003357 0.017572 0.030999 0.026754 0.137618 0.019892 0.004048 0.004196 0.030949 0.081347 0.007799 0.016684 0.071919 0.016931 0.320648 
0.021916 0.000592 0.000197 0.000049 0.011847 0.001431 0.002764 0.027346 0.033960 0.370305 0.035194 0.011847 0.000000 0.005331 0.010020 0.000444 0.001777 0.011007 0.093736 0.360235 
0.290467 0.007158 0.008491 0.173422 0.001925 0.042800 0.007207 0.043985 0.109641 0.115269 0.045416 0.003110 0.000000 0.029323 0.012884 0.027250 0.022412 0.058844 0.000000 0.000395 
0.029274 0.001728 0.128400 0.215629 0.000494 0.079726 0.032532 0.004048 0.176235 0.006664 0.011058 0.048181 0.021030 0.042899 0.082046 0.090586 0.023696 0.001777 0.000197 0.003801 
0.095222 0.009675 0.006467 0.087570 0.113289 0.004739 0.005430 0.013526 0.032234 0.436815 0.022016 0.000642 0.000543 0.026212 0.038355 0.009922 0.002962 0.004591 0.078636 0.011156 
0.093212 0.087880 0.000889 0.000296 0.012293 0.005233 0.000247 0.131276 0.003308 0.281659 0.018070 0.008887 0.000049 0.001284 0.001086 0.013873 0.056727 0.281461 0.001629 0.000642 
0.218256 0.000346 0.121396 0.188635 0.000099 0.031053 0.009726 0.001037 0.158965 0.005430 0.000938 0.084518 0.000099 0.021969 0.048479 0.087678 0.016341 0.004196 0.000395 0.000444 
0.060424 0.000049 0.133880 0.128598 0.021030 0.007454 0.013625 0.000247 0.264945 0.000740 0.000395 0.054549 0.113541 0.090142 0.065163 0.027842 0.014020 0.002370 0.000197 0.000790 
0.021817 0.002665 0.000000 0.000938 0.203416 0.000000 0.015647 0.002912 0.003653 0.058789 0.002369 0.000938 0.003060 0.002369 0.001580 0.012143 0.000049 0.003751 0.000987 0.662915 
0.003998 0.000099 0.081449 0.021424 0.000395 0.042798 0.011600 0.000000 0.056866 0.000148 0.000049 0.072366 0.641524 0.014858 0.047833 0.003258 0.001185 0.000049 0.000000 0.000099 
0.000000 0.000000 0.000000 0.000000 0.002764 0.000099 0.000000 0.551190 0.000000 0.185260 0.033024 0.000000 0.130516 0.000000 0.000000 0.000000 0.000000 0.096999 0.000000 0.000148 
0.028728 0.006911 0.036675 0.032924 0.039242 0.000691 0.036576 0.213239 0.032479 0.068760 0.037267 0.006170 0.000346 0.002221 0.016338 0.002271 0.007108 0.370946 0.038008 0.023101 
0.003505 0.000197 0.000000 0.000049 0.135199 0.000000 0.000049 0.000395 0.000000 0.021916 0.006664 0.000049 0.000049 0.000000 0.000000 0.621650 0.045165 0.001185 0.151241 0.012686 
0.000592 0.000247 0.000000 0.000000 0.012834 0.000000 0.000000 0.841848 0.000000 0.057209 0.006614 0.000000 0.000000 0.000000 0.000000 0.000148 0.000099 0.055185 0.008687 0.016536 
0.000000 0.000000 0.000000 0.999753 0.000000 0.000000 0.000000 0.000000 0.000247 0.000000 0.000000 0.000000 0.000000 0.000000 0.000000 0.000000 0.000000 0.000000 0.000000 0.000000 
0.000000 0.000000 0.671652 0.233970 0.000000 0.000000 0.000000 0.000000 0.000000 0.000000 0.000000 0.000049 0.000000 0.094279 0.000000 0.000000 0.000000 0.000049 0.000000 0.000000 
0.038847 0.026309 0.000049 0.000000 0.000296 0.365813 0.000000 0.001777 0.000000 0.000247 0.000099 0.000000 0.555852 0.000049 0.000000 0.001925 0.000543 0.007799 0.000346 0.000049 
0.001037 0.012538 0.000000 0.000000 0.181410 0.014315 0.001629 0.046056 0.000148 0.364745 0.162553 0.000000 0.000000 0.005973 0.000000 0.000099 0.080906 0.123852 0.000000 0.004739 
0.184026 0.000839 0.365238 0.005529 0.013920 0.015895 0.032037 0.021769 0.020881 0.071725 0.000839 0.012834 0.055287 0.012440 0.021621 0.151150 0.000790 0.005924 0.000346 0.006911 
0.106126 0.005134 0.001826 0.510292 0.000049 0.000740 0.000987 0.000099 0.012291 0.000346 0.000444 0.000247 0.163631 0.159435 0.002912 0.030702 0.001086 0.002814 0.000049 0.000790 
0.003998 0.000099 0.480798 0.174894 0.000987 0.045365 0.011650 0.000000 0.013328 0.015451 0.000099 0.119656 0.000395 0.020140 0.004936 0.082733 0.006467 0.000049 0.002123 0.016833 
0.002715 0.000000 0.816961 0.008639 0.000148 0.006121 0.026163 0.000000 0.000000 0.001086 0.000000 0.062543 0.000000 0.073354 0.000346 0.001234 0.000049 0.000000 0.000000 0.000642 
0.033417 0.000247 0.002419 0.003850 0.040426 0.000296 0.010958 0.070191 0.002567 0.032825 0.007009 0.009527 0.016931 0.008885 0.005874 0.002221 0.007552 0.055531 0.626833 0.062441 
0.155665 0.000296 0.267440 0.398272 0.001284 0.012738 0.004394 0.001777 0.010220 0.051740 0.001432 0.010269 0.008936 0.015996 0.002370 0.026216 0.012195 0.005924 0.012096 0.000741 
0.181598 0.001826 0.021620 0.018708 0.000197 0.626783 0.014512 0.000395 0.001629 0.016585 0.002123 0.021077 0.000395 0.003357 0.001283 0.040377 0.018214 0.008293 0.000000 0.021028 
0.000938 0.000247 0.000444 0.000247 0.095339 0.000099 0.105115 0.014466 0.000099 0.066604 0.053866 0.001728 0.000000 0.022168 0.000099 0.000642 0.002864 0.000938 0.538955 0.095142 

MOTIF MEME-51
letter-probability matrix: alength= 20 w= 30 nsites= 24679 E= 0.000000
0.016008 0.000973 0.029301 0.246201 0.000041 0.058723 0.003688 0.000689 0.505491 0.000973 0.000608 0.012320 0.081581 0.004823 0.002107 0.018480 0.015522 0.001905 0.000000 0.000567 
0.055150 0.000203 0.014183 0.011913 0.000608 0.277170 0.001094 0.000608 0.024759 0.000203 0.000122 0.060459 0.002755 0.005268 0.004619 0.077154 0.457533 0.004579 0.000122 0.001499 
0.031245 0.000243 0.033352 0.019817 0.000446 0.491166 0.006322 0.007659 0.196426 0.025004 0.002269 0.004701 0.002472 0.028732 0.083239 0.013171 0.019128 0.031448 0.001621 0.001540 
0.256757 0.003039 0.008388 0.051830 0.003526 0.006281 0.016007 0.022572 0.064959 0.006160 0.001054 0.004093 0.004984 0.014994 0.019573 0.316165 0.055801 0.061879 0.024274 0.057665 
0.025973 0.001459 0.000000 0.000000 0.095385 0.000810 0.009806 0.061631 0.036671 0.341221 0.054824 0.000284 0.213380 0.000648 0.104988 0.000567 0.017748 0.007861 0.001742 0.025001 
0.136808 0.133363 0.059124 0.010334 0.000081 0.003080 0.000324 0.000446 0.001094 0.000122 0.000081 0.016007 0.012968 0.000527 0.000608 0.377234 0.247396 0.000405 0.000000 0.000000 
0.124235 0.000608 0.002554 0.000811 0.000284 0.047992 0.000851 0.004418 0.003324 0.000446 0.000122 0.002878 0.061327 0.001662 0.485996 0.223826 0.026104 0.004013 0.000081 0.008471 
0.111525 0.000081 0.119144 0.167815 0.001175 0.046401 0.012320 0.001013 0.016291 0.000892 0.000567 0.011712 0.005836 0.025815 0.002310 0.379721 0.090655 0.006362 0.000000 0.000365 
0.025001 0.000081 0.272458 0.522266 0.001013 0.032295 0.000810 0.000000 0.044734 0.000000 0.000000 0.000770 0.000000 0.085417 0.001094 0.007699 0.000810 0.000446 0.000324 0.004781 
0.000203 0.000486 0.000000 0.000000 0.094704 0.000122 0.004660 0.001297 0.000446 0.191312 0.155610 0.007618 0.000000 0.058476 0.476314 0.000000 0.000284 0.000608 0.007092 0.000770 
0.142730 0.003445 0.000041 0.001013 0.000324 0.031002 0.000000 0.189253 0.010374 0.122872 0.049765 0.013535 0.000000 0.003364 0.000729 0.023464 0.091668 0.316218 0.000000 0.000203 
0.507518 0.009078 0.216292 0.119473 0.001216 0.008389 0.024559 0.000243 0.021601 0.000527 0.000122 0.027234 0.000446 0.009524 0.003040 0.042796 0.004944 0.002310 0.000000 0.000689 
0.000041 0.000527 0.000041 0.000770 0.066575 0.000000 0.013088 0.009077 0.478058 0.109850 0.014506 0.000203 0.000041 0.002512 0.006483 0.000041 0.001904 0.022043 0.013291 0.260951 
0.000162 0.000405 0.000000 0.000000 0.007415 0.000081 0.000324 0.005956 0.000000 0.210138 0.002107 0.000000 0.000000 0.000446 0.000000 0.000081 0.000000 0.001378 0.038008 0.733498 
0.154800 0.001621 0.007578 0.133728 0.000405 0.012522 0.005633 0.004498 0.087166 0.035742 0.002188 0.478381 0.000000 0.023301 0.009483 0.015602 0.012117 0.014953 0.000000 0.000284 
0.018154 0.000041 0.092876 0.170476 0.000041 0.062282 0.005389 0.000162 0.048100 0.000162 0.001337 0.024151 0.000000 0.416890 0.074601 0.069495 0.013615 0.000324 0.000000 0.001905 
0.000324 0.000405 0.000000 0.000081 0.094372 0.000122 0.000081 0.029418 0.000122 0.800519 0.009846 0.000081 0.000000 0.000000 0.000041 0.000000 0.000000 0.002148 0.057579 0.004862 
0.056895 0.054909 0.000000 0.000041 0.001256 0.000162 0.000000 0.179844 0.000608 0.374762 0.047534 0.000122 0.000000 0.000527 0.000203 0.010171 0.044171 0.228715 0.000041 0.000041 
0.077596 0.000405 0.083715 0.096560 0.000203 0.017586 0.000932 0.000081 0.116860 0.001054 0.000608 0.067264 0.000000 0.016492 0.451639 0.051218 0.012885 0.003444 0.000648 0.000810 
0.034403 0.000041 0.082584 0.044128 0.000000 0.001378 0.001702 0.475889 0.200746 0.001013 0.000365 0.035700 0.000000 0.051625 0.048667 0.012481 0.008348 0.000891 0.000000 0.000041 
0.002593 0.000243 0.001256 0.467564 0.090239 0.000567 0.003687 0.000000 0.000041 0.000041 0.000000 0.001823 0.000000 0.001054 0.000000 0.000689 0.000000 0.000000 0.000284 0.429920 
0.009928 0.000243 0.068117 0.350879 0.000446 0.001742 0.012926 0.000770 0.001256 0.003728 0.000365 0.003728 0.515560 0.018275 0.005106 0.005511 0.000810 0.000041 0.000081 0.000486 
0.060051 0.000081 0.024191 0.261680 0.002026 0.005511 0.001985 0.402974 0.002107 0.061388 0.038940 0.004498 0.000000 0.060173 0.002715 0.006807 0.004984 0.056607 0.000081 0.003201 
0.008914 0.005794 0.016006 0.001054 0.005997 0.000527 0.000446 0.173548 0.003120 0.469549 0.002350 0.001378 0.000365 0.001499 0.003323 0.003444 0.007456 0.286600 0.002796 0.005835 
0.025285 0.001904 0.038251 0.013655 0.004133 0.349649 0.001175 0.003404 0.017221 0.008509 0.001256 0.007213 0.001783 0.003323 0.001459 0.472061 0.039224 0.003242 0.000162 0.007091 
0.052638 0.002593 0.148229 0.085501 0.001297 0.037483 0.001499 0.487722 0.019167 0.022165 0.001216 0.017546 0.010576 0.004579 0.005146 0.069333 0.013129 0.017546 0.000284 0.002350 
0.094291 0.002350 0.014061 0.538960 0.001945 0.022610 0.002148 0.019693 0.075813 0.014425 0.006929 0.019976 0.002999 0.034604 0.021759 0.038454 0.041736 0.042830 0.000000 0.004417 
0.387390 0.002310 0.519369 0.009198 0.000527 0.021841 0.000324 0.012683 0.002310 0.004579 0.000162 0.001661 0.003039 0.000810 0.003282 0.012238 0.001986 0.007294 0.000284 0.008712 
0.025771 0.003363 0.005713 0.034969 0.003809 0.306009 0.005592 0.032821 0.042222 0.010940 0.001216 0.001054 0.236274 0.030431 0.088375 0.017059 0.012723 0.104948 0.000527 0.036185 
0.008023 0.010252 0.001459 0.003525 0.238958 0.011387 0.001783 0.015641 0.000851 0.238674 0.128576 0.000648 0.008631 0.005470 0.003242 0.001175 0.001905 0.005389 0.000446 0.313964 

MOTIF MEME-58
letter-probability matrix: alength= 20 w= 30 nsites= 17422 E= 0.000000
0.002526 0.000287 0.000344 0.793652 0.025657 0.001722 0.064803 0.000057 0.018712 0.001091 0.000000 0.004707 0.000000 0.009643 0.052807 0.000344 0.000230 0.000689 0.000115 0.022615 
0.774212 0.000517 0.000230 0.141168 0.000172 0.000230 0.002583 0.000344 0.027614 0.003272 0.001320 0.000057 0.000000 0.005511 0.035823 0.003043 0.002239 0.001607 0.000057 0.000000 
0.265354 0.015268 0.000000 0.000344 0.011652 0.000057 0.012743 0.047010 0.000689 0.308059 0.071691 0.001550 0.000057 0.000115 0.001033 0.033980 0.011193 0.207209 0.006314 0.005682 
0.010734 0.001492 0.000517 0.599874 0.001607 0.000057 0.037539 0.033636 0.009700 0.088050 0.000861 0.000861 0.000000 0.059235 0.006084 0.002583 0.007060 0.081908 0.000000 0.058202 
0.048158 0.000000 0.101194 0.230628 0.000287 0.002755 0.001550 0.000746 0.015555 0.553668 0.010561 0.000574 0.000057 0.009413 0.021410 0.002239 0.000804 0.000344 0.000057 0.000000 
0.016417 0.000172 0.002239 0.012973 0.000115 0.000402 0.004592 0.003157 0.050399 0.158085 0.012973 0.000000 0.000000 0.007577 0.720452 0.001033 0.005855 0.002985 0.000287 0.000287 
0.000057 0.000000 0.599564 0.000172 0.000918 0.000689 0.002640 0.000000 0.014925 0.000000 0.000000 0.000517 0.000000 0.000000 0.180242 0.000057 0.000172 0.000057 0.000000 0.199989 
0.004362 0.001148 0.149753 0.009241 0.000000 0.644874 0.002009 0.000115 0.015670 0.000574 0.000230 0.104638 0.000057 0.006830 0.057112 0.001320 0.001722 0.000287 0.000000 0.000057 
0.001722 0.000172 0.536510 0.011538 0.203559 0.120723 0.056716 0.010333 0.007118 0.000287 0.000287 0.015212 0.000000 0.000804 0.001206 0.001091 0.000000 0.032491 0.000000 0.000230 
0.043740 0.000344 0.019287 0.020722 0.000115 0.115608 0.002353 0.000574 0.552035 0.001779 0.002468 0.085185 0.043568 0.024109 0.047471 0.018254 0.020722 0.001607 0.000000 0.000057 
0.092099 0.000230 0.218994 0.030661 0.000861 0.073381 0.012173 0.021647 0.081419 0.003158 0.001435 0.044901 0.005512 0.016709 0.007005 0.292547 0.088023 0.008613 0.000345 0.000287 
0.016823 0.000919 0.024689 0.043578 0.239823 0.000344 0.003789 0.020612 0.035942 0.004938 0.001550 0.007062 0.000230 0.009359 0.559568 0.003387 0.002584 0.020957 0.000172 0.003675 
0.000000 0.000000 0.000000 0.000000 0.132139 0.000000 0.003042 0.000000 0.260605 0.009070 0.000115 0.000459 0.000000 0.000000 0.000057 0.000000 0.000000 0.000402 0.032490 0.561621 
0.010389 0.005108 0.002353 0.000918 0.010619 0.141316 0.064344 0.001091 0.006773 0.591436 0.092584 0.023878 0.000000 0.024911 0.004707 0.009643 0.000459 0.009184 0.000115 0.000172 
0.000746 0.000172 0.000000 0.000115 0.000000 0.737401 0.000000 0.000000 0.261221 0.000000 0.000000 0.000115 0.000000 0.000000 0.000057 0.000172 0.000000 0.000000 0.000000 0.000000 
0.011250 0.000000 0.000000 0.000287 0.000000 0.194696 0.001148 0.055505 0.696820 0.024107 0.001607 0.002181 0.000000 0.004649 0.006084 0.000057 0.000402 0.000344 0.000000 0.000861 
0.005281 0.000057 0.001033 0.000344 0.000000 0.974572 0.000000 0.000000 0.000000 0.000000 0.000000 0.000000 0.000000 0.000000 0.000057 0.018540 0.000057 0.000000 0.000057 0.000000 
0.040179 0.002181 0.000000 0.000057 0.000115 0.000746 0.000000 0.000402 0.008552 0.002813 0.000000 0.000000 0.000000 0.000000 0.004534 0.010561 0.029446 0.900413 0.000000 0.000000 
0.005684 0.000344 0.008440 0.060742 0.037834 0.016190 0.004536 0.002871 0.022850 0.557929 0.018372 0.008899 0.000057 0.065048 0.066942 0.054828 0.063383 0.002411 0.000172 0.002469 
0.063720 0.000344 0.019231 0.042537 0.000402 0.013375 0.011137 0.001206 0.470551 0.001550 0.000631 0.049082 0.090069 0.059759 0.078703 0.028473 0.068255 0.000746 0.000115 0.000115 
0.738090 0.000172 0.000115 0.000000 0.000115 0.161922 0.000000 0.001665 0.000057 0.016588 0.000115 0.000000 0.045402 0.000000 0.000000 0.001665 0.000287 0.033808 0.000000 0.000000 
0.037424 0.024280 0.044541 0.134256 0.002698 0.002468 0.000976 0.053668 0.003100 0.005166 0.001148 0.011078 0.001033 0.011767 0.008839 0.009299 0.001320 0.646768 0.000172 0.000000 
0.144423 0.000574 0.133460 0.326043 0.000574 0.030079 0.019746 0.000402 0.085529 0.022903 0.000574 0.059985 0.000057 0.102233 0.026003 0.033121 0.010849 0.002755 0.000000 0.000689 
0.149237 0.000402 0.055964 0.204282 0.004477 0.007117 0.097980 0.006142 0.003100 0.002640 0.000287 0.445988 0.000115 0.000976 0.000689 0.010045 0.000861 0.001148 0.000000 0.008552 
0.059590 0.000287 0.000000 0.000000 0.000115 0.000115 0.000000 0.295941 0.000000 0.022734 0.023250 0.000115 0.000000 0.000000 0.000000 0.000000 0.000631 0.597221 0.000000 0.000000 
0.069338 0.000517 0.056767 0.130869 0.000631 0.006199 0.005223 0.032028 0.023304 0.020721 0.002181 0.613075 0.000000 0.006543 0.013489 0.005969 0.007978 0.004936 0.000057 0.000172 
0.122947 0.010337 0.105030 0.154359 0.000230 0.138624 0.060813 0.001263 0.056047 0.002642 0.000402 0.074710 0.000000 0.004192 0.002642 0.079649 0.170438 0.014643 0.000000 0.001034 
0.034677 0.000976 0.012344 0.167470 0.006602 0.000344 0.001665 0.242450 0.043690 0.019922 0.005224 0.001378 0.055288 0.029625 0.010277 0.013492 0.087266 0.266621 0.000000 0.000689 
0.027098 0.001378 0.000287 0.003847 0.000976 0.001263 0.001952 0.673556 0.021070 0.092835 0.000344 0.000861 0.000000 0.001665 0.070330 0.007693 0.059364 0.035423 0.000057 0.000000 
0.681823 0.005224 0.003272 0.005741 0.026984 0.090826 0.003617 0.000689 0.027787 0.010793 0.000459 0.022333 0.000115 0.008440 0.048398 0.041738 0.007406 0.009645 0.000057 0.004650 

MOTIF MEME-62
letter-probability matrix: alength= 20 w= 30 nsites= 13171 E= 0.000000
0.125759 0.000835 0.001367 0.005620 0.001367 0.006227 0.023922 0.000456 0.283262 0.001215 0.000911 0.007974 0.005999 0.004860 0.231622 0.216586 0.076245 0.004253 0.000076 0.001443 
0.001139 0.000076 0.099544 0.849203 0.000000 0.000835 0.020805 0.000228 0.003417 0.000759 0.000228 0.001595 0.000000 0.014579 0.001519 0.001519 0.003493 0.000987 0.000000 0.000076 
0.825664 0.007973 0.000228 0.000076 0.000000 0.117312 0.000000 0.000076 0.000304 0.000000 0.000000 0.000987 0.000000 0.001519 0.003189 0.042293 0.000152 0.000228 0.000000 0.000000 
0.001670 0.000304 0.000000 0.000000 0.010706 0.000000 0.000000 0.082156 0.010934 0.533789 0.230600 0.000000 0.000000 0.000076 0.000000 0.000000 0.000000 0.127866 0.000000 0.001898 
0.001519 0.001443 0.000304 0.017693 0.000532 0.000076 0.000607 0.000456 0.061888 0.000076 0.001747 0.000304 0.000076 0.064166 0.846534 0.001443 0.000304 0.000835 0.000000 0.000000 
0.075475 0.036978 0.000000 0.000607 0.001367 0.000228 0.011465 0.149279 0.014503 0.010706 0.412453 0.000304 0.000000 0.016173 0.000835 0.012453 0.011845 0.014275 0.184738 0.046317 
0.031131 0.052544 0.000152 0.000000 0.000076 0.836143 0.000000 0.018831 0.000000 0.000000 0.000000 0.001746 0.000000 0.000000 0.000000 0.038952 0.002658 0.017768 0.000000 0.000000 
0.539828 0.015111 0.000076 0.011694 0.001367 0.000607 0.000228 0.001291 0.000076 0.000076 0.000380 0.005391 0.000000 0.000152 0.000000 0.238667 0.123700 0.060825 0.000000 0.000532 
0.001595 0.000000 0.004784 0.955122 0.001974 0.001215 0.000456 0.000000 0.014656 0.000987 0.000076 0.012074 0.000000 0.004708 0.000456 0.000076 0.001063 0.000759 0.000000 0.000000 
0.000532 0.002886 0.000000 0.000000 0.000076 0.011012 0.000000 0.253285 0.000000 0.003721 0.000076 0.000000 0.000000 0.000000 0.000000 0.000380 0.078682 0.649351 0.000000 0.000000 
0.000000 0.000076 0.000000 0.000000 0.531967 0.000000 0.000228 0.001519 0.000000 0.001367 0.000000 0.000000 0.000000 0.000000 0.000000 0.000607 0.000076 0.000456 0.000152 0.463554 
0.022551 0.000152 0.000228 0.000304 0.001215 0.001291 0.899165 0.000076 0.001443 0.000607 0.000076 0.001215 0.000000 0.062642 0.001063 0.002126 0.001215 0.000076 0.000987 0.003569 
0.223176 0.011011 0.000076 0.008049 0.003949 0.001822 0.149897 0.009796 0.015947 0.000152 0.003569 0.186347 0.000000 0.011314 0.003113 0.105019 0.239274 0.019212 0.000000 0.008277 
0.000380 0.000000 0.000000 0.000000 0.000000 0.000000 0.000000 0.000532 0.000000 0.999089 0.000000 0.000000 0.000000 0.000000 0.000000 0.000000 0.000000 0.000000 0.000000 0.000000 
0.088099 0.000000 0.000152 0.000835 0.000000 0.014734 0.000684 0.000000 0.823878 0.000000 0.000759 0.000076 0.000000 0.013746 0.047847 0.009190 0.000000 0.000000 0.000000 0.000000 
0.109272 0.000076 0.007594 0.007821 0.000000 0.080492 0.001595 0.015871 0.457134 0.001595 0.000607 0.072974 0.000000 0.012757 0.013820 0.196446 0.012378 0.009264 0.000000 0.000304 
0.013667 0.000911 0.010402 0.045027 0.000532 0.015262 0.000759 0.204556 0.018071 0.132194 0.001898 0.005771 0.000000 0.005315 0.007973 0.003797 0.008580 0.523311 0.000000 0.001974 
0.017160 0.007213 0.000000 0.000076 0.000759 0.000000 0.000000 0.251177 0.000000 0.694989 0.000456 0.000000 0.000000 0.000000 0.000000 0.000304 0.009263 0.018603 0.000000 0.000000 
0.038952 0.000152 0.039104 0.017084 0.000076 0.019058 0.084434 0.005239 0.637889 0.018375 0.001443 0.031359 0.000076 0.019210 0.007669 0.068641 0.005087 0.005923 0.000000 0.000228 
0.202809 0.000000 0.151632 0.205467 0.000456 0.083447 0.001215 0.000607 0.189598 0.000835 0.000000 0.020805 0.000000 0.016932 0.005619 0.108049 0.011162 0.000911 0.000000 0.000456 
0.083675 0.000152 0.021716 0.028018 0.000000 0.004784 0.009795 0.000000 0.534093 0.004632 0.012984 0.012984 0.000000 0.044723 0.223159 0.016097 0.001822 0.000152 0.000076 0.001139 
0.010326 0.000304 0.004328 0.000987 0.072361 0.653759 0.005923 0.000076 0.017464 0.000076 0.000000 0.040167 0.000000 0.002126 0.001063 0.002961 0.000000 0.000835 0.000076 0.187168 
0.001443 0.000531 0.011692 0.003341 0.016779 0.259054 0.101891 0.002430 0.008428 0.411510 0.059069 0.001063 0.000152 0.023385 0.000531 0.000531 0.000683 0.000304 0.000228 0.096955 
0.110782 0.000152 0.003493 0.031511 0.000683 0.020046 0.001367 0.015718 0.074184 0.133181 0.001595 0.193242 0.018451 0.065528 0.002658 0.288610 0.013288 0.025285 0.000000 0.000228 
0.006074 0.002506 0.228229 0.000000 0.000000 0.003644 0.000759 0.004176 0.000000 0.001670 0.000076 0.002733 0.000683 0.000835 0.000076 0.034849 0.699036 0.014653 0.000000 0.000000 
0.546504 0.000456 0.000607 0.000000 0.000000 0.188444 0.000000 0.000000 0.000000 0.011844 0.000000 0.078202 0.000076 0.006074 0.000000 0.142966 0.023764 0.000000 0.000000 0.001063 
0.001443 0.013515 0.000000 0.010933 0.000000 0.027712 0.000000 0.024296 0.003720 0.121707 0.000000 0.000076 0.000000 0.000076 0.000076 0.000683 0.203933 0.591755 0.000000 0.000076 
0.084808 0.000228 0.000000 0.000000 0.000000 0.730848 0.000531 0.000000 0.000000 0.001443 0.000000 0.167565 0.000000 0.000000 0.010933 0.001518 0.000000 0.002126 0.000000 0.000000 
0.000304 0.000000 0.723863 0.000000 0.000000 0.002202 0.000000 0.016552 0.000076 0.000987 0.000152 0.004024 0.000000 0.000000 0.000076 0.000000 0.000000 0.251765 0.000000 0.000000 
0.000000 0.000000 0.002354 0.738972 0.000000 0.258523 0.000000 0.000076 0.000000 0.000000 0.000000 0.000000 0.000000 0.000000 0.000000 0.000000 0.000000 0.000076 0.000000 0.000000 

