MEME version 4

ALPHABET= ACDEFGHIKLMNPQRSTVWY

Background letter frequencies
A 0.1134 C 0.0105 D 0.0638 E 0.0702 F 0.0297 G 0.0889 H 0.0205 I 0.0614 K 0.0495 L 0.0963 
M 0.0246 N 0.0360 P 0.0427 Q 0.0317 R 0.0509 S 0.0508 T 0.0505 V 0.0702 W 0.0129 
Y 0.0257 

MOTIF MEME-3
letter-probability matrix: alength= 20 w= 30 nsites= 3206 E= 0.000000
0.005303 0.000312 0.441672 0.010293 0.000312 0.004367 0.152527 0.178104 0.000000 0.146912 0.036806 0.010293 0.000000 0.003431 0.001248 0.000000 0.002807 0.003431 0.000000 0.002183 
0.003431 0.000624 0.099813 0.000000 0.043044 0.000312 0.181223 0.172489 0.000000 0.158453 0.003431 0.010605 0.000000 0.000000 0.000000 0.001560 0.004055 0.009357 0.220524 0.091079 
0.010605 0.000000 0.136931 0.065814 0.004991 0.000312 0.001560 0.000312 0.000000 0.004367 0.000000 0.008734 0.000000 0.164691 0.000936 0.007174 0.066750 0.000312 0.523706 0.002807 
0.004367 0.000000 0.004055 0.007798 0.008734 0.012789 0.004055 0.000312 0.155334 0.004991 0.102932 0.057392 0.000000 0.504991 0.034311 0.005614 0.086089 0.006238 0.000000 0.000000 
0.012488 0.000624 0.000312 0.002498 0.011239 0.000624 0.004683 0.008117 0.005620 0.245083 0.277240 0.001561 0.000312 0.001249 0.003122 0.003122 0.081798 0.294099 0.000000 0.046207 
0.027760 0.022458 0.000312 0.008422 0.044916 0.027760 0.000000 0.011853 0.000000 0.274797 0.253899 0.061135 0.000000 0.010293 0.000000 0.031503 0.001560 0.014660 0.001248 0.207424 
0.102932 0.000000 0.000000 0.000312 0.031503 0.000312 0.019651 0.000312 0.010293 0.004367 0.000000 0.024017 0.000000 0.009046 0.144105 0.005303 0.034311 0.000624 0.176232 0.436681 
0.209919 0.000312 0.000624 0.000624 0.000000 0.019651 0.030568 0.000000 0.068621 0.001248 0.000624 0.000936 0.000624 0.011853 0.497505 0.055209 0.101061 0.000312 0.000000 0.000312 
0.159077 0.000936 0.000000 0.000000 0.006238 0.371179 0.013100 0.020586 0.002183 0.119152 0.033999 0.002183 0.000000 0.004679 0.000936 0.116344 0.144105 0.004991 0.000312 0.000000 
0.154182 0.000624 0.000000 0.000000 0.002809 0.429775 0.095818 0.002809 0.000000 0.063670 0.063983 0.000312 0.000000 0.023096 0.028714 0.026841 0.007179 0.001873 0.000000 0.098315 
0.074860 0.002495 0.016532 0.000000 0.543980 0.000000 0.000624 0.000000 0.000000 0.000000 0.000000 0.004055 0.001560 0.000000 0.003431 0.099501 0.000624 0.000000 0.000000 0.252339 
0.011853 0.000000 0.000000 0.000000 0.006862 0.000312 0.000000 0.001248 0.000000 0.000312 0.002183 0.000000 0.000000 0.016532 0.000000 0.089520 0.000312 0.127885 0.124766 0.618216 
0.003119 0.000000 0.000000 0.000000 0.000000 0.464442 0.000000 0.000000 0.000000 0.000000 0.000000 0.000000 0.000312 0.000000 0.531192 0.000936 0.000000 0.000000 0.000000 0.000000 
0.000000 0.000312 0.000000 0.000000 0.000312 0.486588 0.000000 0.000000 0.000000 0.000000 0.000000 0.000000 0.000000 0.016843 0.397068 0.097941 0.000000 0.000000 0.000000 0.000936 
0.000000 0.000000 0.000000 0.000000 0.000000 0.665939 0.000000 0.000000 0.209607 0.000000 0.000000 0.000000 0.000000 0.000000 0.025265 0.099189 0.000000 0.000000 0.000000 0.000000 
0.092327 0.000000 0.000000 0.004367 0.000000 0.485964 0.000000 0.000000 0.000000 0.000000 0.000000 0.000624 0.413288 0.000000 0.000000 0.001248 0.000312 0.001871 0.000000 0.000000 
0.006862 0.000000 0.000000 0.000624 0.000312 0.000000 0.000000 0.407361 0.000000 0.245789 0.052090 0.000000 0.000000 0.000000 0.000000 0.000000 0.000312 0.286650 0.000000 0.000000 
0.125702 0.000000 0.000624 0.000000 0.049906 0.062695 0.080786 0.001248 0.000000 0.293512 0.027449 0.000000 0.056457 0.000000 0.000000 0.024953 0.095758 0.180911 0.000000 0.000000 
0.005616 0.000624 0.000000 0.000000 0.000000 0.000312 0.000000 0.046490 0.000000 0.052106 0.660218 0.002184 0.000312 0.000312 0.000000 0.071451 0.049610 0.110764 0.000000 0.000000 
0.126677 0.000624 0.000000 0.000000 0.033697 0.000312 0.000000 0.000936 0.000312 0.000000 0.000312 0.175039 0.000000 0.103276 0.008424 0.501092 0.041186 0.006864 0.001248 0.000000 
0.800936 0.000936 0.000000 0.000000 0.000000 0.004368 0.000000 0.005616 0.000000 0.000000 0.000000 0.000000 0.000000 0.000000 0.000000 0.000936 0.141030 0.046178 0.000000 0.000000 
0.000624 0.000000 0.000000 0.000000 0.000000 0.000000 0.000000 0.767239 0.000000 0.177847 0.010608 0.000000 0.000000 0.000624 0.000000 0.000000 0.002496 0.040562 0.000000 0.000000 
0.440562 0.000000 0.000000 0.000000 0.000000 0.022465 0.000000 0.000000 0.000000 0.000000 0.000000 0.000000 0.000000 0.000000 0.000000 0.536661 0.000312 0.000000 0.000000 0.000000 
0.214353 0.102652 0.000000 0.000000 0.000000 0.569423 0.000000 0.000000 0.000000 0.000000 0.000000 0.000000 0.049298 0.000000 0.000000 0.001248 0.003432 0.059594 0.000000 0.000000 
0.001872 0.000624 0.000000 0.000000 0.044930 0.000000 0.000000 0.564743 0.000000 0.049922 0.001560 0.000000 0.000000 0.000000 0.000000 0.000000 0.000312 0.335101 0.000000 0.000936 
0.000000 0.000000 0.987520 0.011856 0.000000 0.000000 0.000000 0.000000 0.000000 0.000000 0.000000 0.000624 0.000000 0.000000 0.000000 0.000000 0.000000 0.000000 0.000000 0.000000 
0.000000 0.000000 0.000000 0.000000 0.000000 0.000000 0.001560 0.224961 0.000000 0.268955 0.025273 0.000000 0.000000 0.409360 0.000000 0.000000 0.025897 0.043994 0.000000 0.000000 
0.996257 0.000312 0.000000 0.000000 0.000000 0.003119 0.000000 0.000000 0.000000 0.000000 0.000000 0.000000 0.000000 0.000000 0.000000 0.000000 0.000312 0.000000 0.000000 0.000000 
0.000000 0.000000 0.000000 0.000000 0.000624 0.000000 0.000000 0.082034 0.000000 0.914535 0.001560 0.000000 0.000000 0.000000 0.000000 0.000000 0.000000 0.001248 0.000000 0.000000 
0.000000 0.000000 0.000000 0.000000 0.000000 0.000000 0.000312 0.000000 0.000000 0.000000 0.000000 0.000000 0.000000 0.000000 0.000000 0.000000 0.000000 0.000000 0.982533 0.017155 

MOTIF MEME-12
letter-probability matrix: alength= 20 w= 30 nsites= 5577 E= 0.000000
0.001434 0.000897 0.040524 0.016855 0.000000 0.644970 0.003407 0.000000 0.023131 0.000000 0.000000 0.230231 0.000000 0.027793 0.005738 0.004841 0.000000 0.000179 0.000000 0.000000 
0.112088 0.000538 0.000000 0.079089 0.000359 0.000000 0.000179 0.020445 0.041607 0.285689 0.018831 0.000000 0.000000 0.059900 0.041428 0.002331 0.004125 0.333393 0.000000 0.000000 
0.014703 0.000000 0.000000 0.000000 0.000000 0.001972 0.000000 0.000000 0.000359 0.000000 0.000000 0.000359 0.927201 0.000538 0.006455 0.047517 0.000897 0.000000 0.000000 0.000000 
0.044648 0.000000 0.000000 0.000000 0.000000 0.000000 0.000000 0.073696 0.000000 0.139860 0.005200 0.000000 0.000000 0.000000 0.000000 0.000717 0.001434 0.734445 0.000000 0.000000 
0.036944 0.011478 0.000000 0.000000 0.048242 0.000717 0.170552 0.000359 0.000000 0.000000 0.000000 0.001076 0.000359 0.000000 0.003407 0.280129 0.001614 0.039096 0.072274 0.333752 
0.104895 0.000000 0.119778 0.261969 0.000000 0.000179 0.013986 0.001972 0.140219 0.001076 0.009324 0.006634 0.000000 0.262686 0.015600 0.017751 0.038551 0.005379 0.000000 0.000000 
0.000000 0.000179 0.000000 0.000000 0.008427 0.000000 0.000000 0.005559 0.000000 0.916084 0.032096 0.000000 0.000000 0.000179 0.000000 0.000000 0.000000 0.037117 0.000359 0.000000 
0.000000 0.000000 0.000000 0.000000 0.029944 0.000000 0.000000 0.073696 0.000000 0.828940 0.058813 0.000179 0.000000 0.000000 0.000000 0.000000 0.001076 0.005379 0.000000 0.001972 
0.000000 0.000000 0.000000 0.000000 0.000000 0.999641 0.000000 0.000000 0.000000 0.000000 0.000000 0.000000 0.000000 0.000000 0.000000 0.000359 0.000000 0.000000 0.000000 0.000000 
0.000179 0.000000 0.000000 0.000359 0.000000 0.998566 0.000359 0.000000 0.000000 0.000000 0.000000 0.000000 0.000000 0.000000 0.000000 0.000538 0.000000 0.000000 0.000000 0.000000 
0.289044 0.001076 0.000179 0.010938 0.000179 0.001434 0.005200 0.001076 0.168011 0.078358 0.000717 0.008965 0.043034 0.060427 0.308051 0.010579 0.008786 0.003945 0.000000 0.000000 
0.046799 0.034965 0.000000 0.000179 0.015420 0.000359 0.003048 0.027793 0.000000 0.118881 0.007531 0.001076 0.000000 0.006096 0.031558 0.024924 0.096109 0.519814 0.003765 0.061682 
0.003945 0.000538 0.000538 0.000000 0.000000 0.005021 0.068854 0.000359 0.058992 0.000000 0.000359 0.002152 0.000000 0.028510 0.796306 0.003765 0.028151 0.001614 0.000000 0.000897 
0.006814 0.000000 0.651605 0.169984 0.000000 0.001793 0.002152 0.000179 0.019007 0.000000 0.000179 0.055585 0.004303 0.018110 0.006096 0.016317 0.046799 0.001076 0.000000 0.000000 
0.089475 0.001255 0.009862 0.168908 0.000897 0.039268 0.013448 0.000000 0.193473 0.000538 0.000000 0.005379 0.000717 0.013448 0.245293 0.178770 0.035862 0.002690 0.000179 0.000538 
0.005379 0.005559 0.000000 0.000000 0.036758 0.000000 0.000179 0.350726 0.000000 0.295320 0.053434 0.000179 0.000000 0.000897 0.000000 0.000538 0.000897 0.250134 0.000000 0.000000 
0.007172 0.000000 0.050565 0.090371 0.000179 0.001972 0.005200 0.000897 0.166577 0.004662 0.028689 0.010041 0.338713 0.105792 0.136633 0.016317 0.010579 0.008607 0.017034 0.000000 
0.079433 0.024744 0.000000 0.000179 0.192935 0.000000 0.000000 0.035144 0.000000 0.022951 0.014165 0.000000 0.000000 0.000538 0.000000 0.012552 0.037655 0.525731 0.000000 0.053972 
0.149543 0.000538 0.001614 0.000000 0.000897 0.000717 0.000000 0.008069 0.000179 0.104536 0.000000 0.000000 0.006276 0.000000 0.003048 0.105971 0.045544 0.002152 0.000000 0.570916 
0.305361 0.075130 0.000000 0.000000 0.001076 0.046082 0.036579 0.000000 0.004303 0.002869 0.001434 0.000359 0.000000 0.011296 0.018289 0.192577 0.001255 0.001076 0.268245 0.034068 
0.037296 0.000000 0.023669 0.000000 0.000359 0.017214 0.031379 0.000538 0.000000 0.000000 0.000000 0.004124 0.002510 0.000000 0.000000 0.057379 0.371885 0.060606 0.281513 0.111529 
0.030841 0.020441 0.000897 0.000000 0.000538 0.147212 0.000000 0.192577 0.041599 0.427649 0.000717 0.000000 0.000179 0.000000 0.001793 0.001972 0.013448 0.120136 0.000000 0.000000 
0.351802 0.001076 0.000000 0.000000 0.111709 0.302492 0.025103 0.005559 0.000538 0.043034 0.000000 0.030482 0.036399 0.000179 0.000179 0.061503 0.004303 0.001255 0.004124 0.020262 
0.016138 0.003228 0.002510 0.019007 0.040165 0.313072 0.001076 0.045903 0.001076 0.005917 0.000717 0.002690 0.000000 0.010579 0.104536 0.249776 0.043213 0.014524 0.000000 0.125874 
0.075143 0.000359 0.284433 0.035689 0.000179 0.280129 0.000359 0.000897 0.103838 0.005739 0.000538 0.005380 0.137195 0.004842 0.040890 0.012733 0.008429 0.002869 0.000000 0.000359 
0.025820 0.000179 0.369195 0.044468 0.003765 0.008248 0.001972 0.000717 0.005379 0.001076 0.001255 0.055765 0.036399 0.006096 0.261789 0.015779 0.052896 0.002869 0.066882 0.039448 
0.140757 0.003407 0.060247 0.030303 0.002869 0.006455 0.001076 0.032096 0.003407 0.098440 0.000359 0.000897 0.356823 0.000000 0.001255 0.015241 0.226824 0.016676 0.000000 0.002869 
0.431773 0.000179 0.061144 0.175184 0.000359 0.081226 0.006634 0.009145 0.008965 0.017214 0.000179 0.024924 0.005738 0.042137 0.010758 0.105433 0.010400 0.008607 0.000000 0.000000 
0.029944 0.000000 0.245114 0.115116 0.000179 0.005379 0.112247 0.002510 0.252645 0.015241 0.000359 0.015600 0.013807 0.046082 0.110095 0.002510 0.014524 0.018289 0.000000 0.000359 
0.050574 0.000359 0.279591 0.110473 0.000359 0.004663 0.000359 0.056851 0.017396 0.010581 0.056492 0.000538 0.094512 0.009864 0.003587 0.007174 0.074605 0.221844 0.000000 0.000179 

MOTIF MEME-41
letter-probability matrix: alength= 20 w= 30 nsites= 4639 E= 0.000000
0.013149 0.000216 0.142056 0.072429 0.020910 0.048933 0.096573 0.080190 0.000431 0.010994 0.002802 0.176116 0.000862 0.106488 0.002371 0.004096 0.017461 0.146152 0.050226 0.007545 
0.175038 0.000647 0.042466 0.053891 0.009700 0.114464 0.055184 0.104764 0.008407 0.167493 0.006251 0.041173 0.031903 0.035784 0.015736 0.027161 0.011640 0.061651 0.003018 0.033628 
0.057124 0.000000 0.062729 0.383272 0.000000 0.262988 0.020263 0.000862 0.026299 0.019832 0.000216 0.004742 0.013581 0.006467 0.012718 0.005820 0.002802 0.000647 0.000000 0.119638 
0.286053 0.006251 0.007545 0.012718 0.026514 0.166631 0.239922 0.001293 0.007976 0.011209 0.006251 0.003665 0.000000 0.013365 0.083208 0.018970 0.009916 0.004742 0.000000 0.093770 
0.179996 0.000000 0.006898 0.101099 0.053891 0.005605 0.087303 0.088166 0.010563 0.163397 0.002802 0.000000 0.000000 0.013581 0.083208 0.000862 0.001293 0.021125 0.020047 0.160164 
0.251994 0.000000 0.003665 0.021772 0.000000 0.031903 0.006036 0.013581 0.167924 0.155421 0.000647 0.000216 0.107782 0.022634 0.164260 0.012072 0.021125 0.017892 0.000000 0.001078 
0.070058 0.000216 0.089674 0.187540 0.000000 0.002587 0.010563 0.219444 0.157146 0.057987 0.000216 0.002587 0.001078 0.065531 0.099159 0.010131 0.002371 0.023281 0.000431 0.000000 
0.085363 0.000216 0.004311 0.004096 0.003665 0.001940 0.010563 0.162966 0.063376 0.325286 0.001078 0.011209 0.000431 0.003880 0.265790 0.001725 0.000431 0.053675 0.000000 0.000000 
0.320112 0.002587 0.010778 0.051951 0.001509 0.001725 0.004958 0.000000 0.073292 0.057556 0.000862 0.123302 0.001078 0.056047 0.174175 0.043759 0.023928 0.048286 0.000000 0.004096 
0.438672 0.000000 0.014658 0.031041 0.000431 0.071136 0.009916 0.001940 0.066394 0.009916 0.004527 0.068334 0.033628 0.085579 0.085579 0.026945 0.011209 0.039448 0.000647 0.000000 
0.066394 0.003880 0.002371 0.006036 0.003449 0.053675 0.141410 0.106920 0.011856 0.104548 0.033412 0.004958 0.158008 0.129338 0.006467 0.044191 0.006898 0.102608 0.000000 0.013581 
0.186894 0.016814 0.003449 0.000431 0.019185 0.086225 0.013365 0.002587 0.020910 0.084285 0.000647 0.015521 0.053675 0.030179 0.020047 0.042682 0.321190 0.052813 0.000000 0.029101 
0.032119 0.002156 0.081699 0.003233 0.000000 0.166846 0.074801 0.025652 0.001509 0.002156 0.001725 0.043328 0.256952 0.010131 0.012718 0.161673 0.108213 0.012287 0.001078 0.001725 
0.011859 0.025442 0.000000 0.000216 0.003665 0.000000 0.000431 0.345623 0.000431 0.021130 0.141656 0.000000 0.000000 0.000216 0.000000 0.001725 0.218413 0.221863 0.000000 0.007331 
0.006900 0.000000 0.000000 0.001940 0.000000 0.086028 0.001725 0.000647 0.165589 0.041397 0.082794 0.000431 0.539025 0.019621 0.035360 0.001940 0.009918 0.006468 0.000216 0.000000 
0.000000 0.000216 0.000000 0.000000 0.037508 0.000000 0.000000 0.396853 0.000000 0.125889 0.000862 0.000000 0.000000 0.000000 0.000000 0.000000 0.000431 0.433283 0.004958 0.000000 
0.767622 0.000647 0.000000 0.000000 0.000000 0.000000 0.000000 0.000000 0.000000 0.000000 0.000000 0.002802 0.000000 0.000000 0.000000 0.077387 0.150895 0.000647 0.000000 0.000000 
0.098728 0.002371 0.000000 0.000000 0.012072 0.064669 0.000000 0.002156 0.000000 0.131063 0.003665 0.000862 0.000000 0.000431 0.000000 0.073292 0.573184 0.037508 0.000000 0.000000 
0.000647 0.000000 0.000000 0.000000 0.000000 0.999353 0.000000 0.000000 0.000000 0.000000 0.000000 0.000000 0.000000 0.000000 0.000000 0.000000 0.000000 0.000000 0.000000 0.000000 
0.000000 0.000000 0.000000 1.000000 0.000000 0.000000 0.000000 0.000000 0.000000 0.000000 0.000000 0.000000 0.000000 0.000000 0.000000 0.000000 0.000000 0.000000 0.000000 0.000000 
0.006251 0.000000 0.000000 0.000000 0.000000 0.000000 0.381332 0.026299 0.000000 0.000000 0.192930 0.001293 0.000000 0.011425 0.340591 0.020694 0.009700 0.009485 0.000000 0.000000 
0.027592 0.170726 0.000216 0.148523 0.034921 0.008623 0.069627 0.009916 0.000000 0.289718 0.141841 0.001509 0.000000 0.000647 0.000000 0.000431 0.018970 0.067040 0.009700 0.000000 
0.098728 0.001078 0.000216 0.000000 0.213408 0.068980 0.091830 0.000216 0.000000 0.000431 0.006036 0.031688 0.000647 0.208019 0.000000 0.007114 0.051951 0.000431 0.000000 0.219228 
0.000000 0.000431 0.000000 0.000000 0.000000 0.006682 0.003233 0.000000 0.000000 0.000000 0.000000 0.325286 0.000000 0.000000 0.000216 0.443846 0.220306 0.000000 0.000000 0.000000 
0.011640 0.000000 0.000000 0.000000 0.034275 0.008191 0.001078 0.032550 0.019401 0.091183 0.000216 0.000431 0.003233 0.002802 0.742617 0.017030 0.000000 0.034921 0.000000 0.000431 
0.031041 0.000000 0.000000 0.001293 0.115973 0.001725 0.018970 0.104333 0.000000 0.003880 0.005820 0.014227 0.000000 0.071136 0.034059 0.006251 0.006251 0.199828 0.295538 0.089674 
0.002371 0.000000 0.283251 0.161026 0.000000 0.165768 0.000000 0.041173 0.000000 0.040742 0.126105 0.001725 0.000000 0.012287 0.000000 0.068549 0.005605 0.091399 0.000000 0.000000 
0.018323 0.026514 0.000000 0.000000 0.825609 0.000000 0.069196 0.010994 0.000000 0.000000 0.007545 0.000000 0.000000 0.000000 0.000000 0.000000 0.000000 0.031903 0.000216 0.009700 
0.010131 0.000216 0.000431 0.036646 0.000000 0.003449 0.001078 0.001078 0.679026 0.032335 0.001509 0.001078 0.000000 0.001940 0.211252 0.000000 0.000431 0.003018 0.015952 0.000431 
0.009056 0.000000 0.062096 0.049590 0.000000 0.006468 0.023286 0.000216 0.051746 0.004959 0.043553 0.022639 0.052178 0.397370 0.169470 0.024148 0.081285 0.000000 0.000216 0.001725 

MOTIF MEME-61
letter-probability matrix: alength= 20 w= 30 nsites= 1797 E= 0.000000
0.066778 0.000000 0.177518 0.614914 0.000000 0.026155 0.001113 0.001113 0.004452 0.000556 0.000556 0.019477 0.000000 0.065665 0.002226 0.007791 0.010573 0.001113 0.000000 0.000000 
0.001113 0.000000 0.005565 0.000000 0.000000 0.990540 0.000000 0.000000 0.000000 0.000000 0.000000 0.001113 0.000000 0.000000 0.000556 0.001113 0.000000 0.000000 0.000000 0.000000 
0.023929 0.011686 0.000000 0.008347 0.005008 0.010017 0.009460 0.378965 0.003339 0.075125 0.001113 0.038954 0.001669 0.015025 0.010017 0.000000 0.040623 0.365053 0.000000 0.001669 
0.027268 0.015025 0.003895 0.001669 0.022816 0.000000 0.021703 0.037284 0.000000 0.000000 0.000556 0.001113 0.000000 0.000000 0.000000 0.053979 0.239288 0.480245 0.000000 0.095159 
0.000000 0.001113 0.000000 0.000000 0.000000 0.998887 0.000000 0.000000 0.000000 0.000000 0.000000 0.000000 0.000000 0.000000 0.000000 0.000000 0.000000 0.000000 0.000000 0.000000 
0.000000 0.000000 0.000000 0.000000 0.000000 0.000000 0.000000 0.052309 0.000000 0.037841 0.000000 0.000000 0.000000 0.000000 0.000556 0.000000 0.000000 0.053422 0.854201 0.001669 
0.000556 0.000000 0.000000 0.000000 0.000000 0.999444 0.000000 0.000000 0.000000 0.000000 0.000000 0.000000 0.000000 0.000000 0.000000 0.000000 0.000000 0.000000 0.000000 0.000000 
0.000000 0.000000 0.092933 0.907067 0.000000 0.000000 0.000000 0.000000 0.000000 0.000000 0.000000 0.000000 0.000000 0.000000 0.000000 0.000000 0.000000 0.000000 0.000000 0.000000 
0.191987 0.000000 0.000000 0.000000 0.000000 0.030607 0.000000 0.000000 0.000000 0.005008 0.000000 0.000000 0.703951 0.000000 0.000000 0.016694 0.051753 0.000000 0.000000 0.000000 
0.000556 0.006121 0.000000 0.000000 0.000000 0.000556 0.000000 0.074012 0.000000 0.002226 0.001113 0.000000 0.000000 0.000000 0.000000 0.056761 0.177518 0.629382 0.000000 0.051753 
0.000000 0.001669 0.000000 0.000000 0.000000 0.051753 0.000000 0.292154 0.000000 0.276572 0.002782 0.000000 0.000000 0.000000 0.000000 0.004452 0.000000 0.370618 0.000000 0.000000 
0.000000 0.000000 0.052309 0.849193 0.000000 0.004452 0.000000 0.000000 0.000556 0.000000 0.000000 0.092933 0.000000 0.000556 0.000000 0.000000 0.000000 0.000000 0.000000 0.000000 
0.005565 0.000556 0.000000 0.000000 0.000000 0.947691 0.000000 0.000000 0.000000 0.000000 0.000000 0.000000 0.000000 0.000000 0.000000 0.002226 0.043406 0.000000 0.000000 0.000556 
0.000000 0.000000 0.000000 0.000556 0.000556 0.000000 0.149137 0.000000 0.096828 0.000000 0.000000 0.000000 0.000000 0.001669 0.749583 0.000000 0.000000 0.001113 0.000556 0.000000 
0.681692 0.001113 0.021146 0.092933 0.000000 0.001669 0.000000 0.000000 0.000000 0.000556 0.000000 0.000000 0.000556 0.000000 0.000000 0.032832 0.107958 0.007791 0.000000 0.051753 
0.093489 0.000000 0.021703 0.102949 0.000000 0.008904 0.200890 0.000000 0.033945 0.225376 0.000556 0.011686 0.000000 0.039510 0.244853 0.014469 0.001113 0.000556 0.000000 0.000000 
0.197551 0.000000 0.006121 0.045075 0.000000 0.000000 0.000000 0.000556 0.000000 0.000000 0.000000 0.000000 0.005565 0.000556 0.000000 0.133556 0.608792 0.002226 0.000000 0.000000 
0.000000 0.000556 0.000000 0.000000 0.000000 0.000556 0.000000 0.015025 0.000000 0.056205 0.000000 0.000000 0.000000 0.000000 0.000000 0.000000 0.012799 0.914858 0.000000 0.000000 
0.283250 0.001669 0.005565 0.464663 0.000000 0.008904 0.008347 0.000556 0.053979 0.006121 0.001113 0.000556 0.000000 0.041736 0.075125 0.001669 0.000000 0.046745 0.000000 0.000000 
0.673901 0.000000 0.000000 0.003339 0.000000 0.135782 0.000000 0.000000 0.001113 0.000000 0.000000 0.000000 0.000000 0.001113 0.052309 0.067334 0.063996 0.001113 0.000000 0.000000 
0.716750 0.085142 0.000000 0.000000 0.002226 0.007791 0.000000 0.000556 0.003339 0.000556 0.005008 0.000000 0.051196 0.000000 0.000000 0.007791 0.026711 0.002226 0.000000 0.090707 
0.003339 0.000000 0.000000 0.000000 0.046745 0.000000 0.000000 0.010573 0.000000 0.218141 0.005008 0.000000 0.000000 0.000000 0.000000 0.000556 0.000000 0.707290 0.000000 0.008347 
0.084029 0.000000 0.140234 0.239288 0.000000 0.012243 0.356149 0.005565 0.033389 0.005008 0.003895 0.023372 0.000000 0.033389 0.012243 0.010573 0.036171 0.001669 0.000000 0.002782 
0.066778 0.000000 0.097385 0.803561 0.000556 0.005565 0.001113 0.000556 0.000556 0.000000 0.000000 0.000556 0.000000 0.007791 0.000000 0.008904 0.000000 0.006678 0.000000 0.000000 
0.012799 0.001669 0.000000 0.000000 0.042293 0.000000 0.091820 0.030050 0.018920 0.672788 0.063439 0.000000 0.000000 0.000556 0.021703 0.001113 0.000556 0.001669 0.026155 0.014469 
0.178075 0.006678 0.000000 0.038954 0.018364 0.145242 0.000000 0.049527 0.013356 0.071786 0.079577 0.000000 0.000000 0.004452 0.036171 0.265442 0.007791 0.084585 0.000000 0.000000 
0.020033 0.002782 0.516973 0.210907 0.000000 0.030607 0.000556 0.075682 0.017251 0.003339 0.000556 0.001669 0.023929 0.011130 0.011686 0.010017 0.017251 0.044519 0.000000 0.001113 
0.005008 0.000556 0.000556 0.000556 0.011686 0.053979 0.008904 0.001113 0.003895 0.031163 0.001669 0.024485 0.092933 0.018920 0.121313 0.011130 0.014469 0.001669 0.000000 0.595993 
0.002226 0.079021 0.000556 0.000000 0.053422 0.000000 0.010573 0.047301 0.000000 0.656650 0.001669 0.000556 0.000000 0.000000 0.041736 0.002226 0.001669 0.043406 0.000000 0.058987 
0.003339 0.001113 0.000556 0.000000 0.000000 0.001669 0.000000 0.559822 0.006121 0.152476 0.010573 0.000000 0.008347 0.032832 0.013356 0.010573 0.021146 0.177518 0.000000 0.000556 

MOTIF MEME-63
letter-probability matrix: alength= 20 w= 30 nsites= 1795 E= 0.000000
0.002789 0.000000 0.005020 0.880089 0.001673 0.000000 0.018405 0.000000 0.000000 0.000000 0.000558 0.001673 0.000000 0.000000 0.000000 0.017289 0.000000 0.000000 0.002789 0.069716 
0.743447 0.008924 0.000000 0.000000 0.000000 0.004462 0.015059 0.002789 0.000558 0.000558 0.001673 0.006693 0.002231 0.067485 0.000000 0.054099 0.079197 0.012828 0.000000 0.000000 
0.002789 0.001673 0.000000 0.000558 0.086447 0.000000 0.037925 0.019520 0.000000 0.000000 0.000000 0.000558 0.000000 0.000000 0.003904 0.000558 0.000000 0.074735 0.001673 0.769660 
0.000558 0.000000 0.852761 0.002789 0.020078 0.022309 0.001673 0.000000 0.011712 0.000000 0.000000 0.001673 0.000000 0.000558 0.080312 0.000000 0.000000 0.000000 0.000000 0.005577 
0.023982 0.000000 0.000000 0.000000 0.000000 0.000000 0.000000 0.039598 0.000558 0.000000 0.014501 0.000000 0.000000 0.000000 0.000000 0.000000 0.094813 0.825990 0.000000 0.000558 
0.640825 0.000000 0.000558 0.000000 0.000000 0.197434 0.000000 0.000558 0.000558 0.018405 0.001115 0.001673 0.007250 0.015059 0.000558 0.032348 0.081428 0.002231 0.000000 0.000000 
0.031233 0.076408 0.000000 0.000000 0.032906 0.000000 0.000000 0.089794 0.000000 0.592303 0.021751 0.000000 0.000000 0.000000 0.000000 0.015059 0.000000 0.140547 0.000000 0.000000 
0.904629 0.000000 0.000000 0.000000 0.000000 0.000000 0.094255 0.000000 0.000000 0.000000 0.000000 0.000000 0.000000 0.000000 0.000000 0.000000 0.000000 0.001115 0.000000 0.000000 
0.000000 0.000000 0.000000 0.000000 0.003904 0.094255 0.000000 0.000558 0.000000 0.165644 0.000000 0.000000 0.735639 0.000000 0.000000 0.000000 0.000000 0.000000 0.000000 0.000000 
0.094255 0.000000 0.000000 0.000000 0.000000 0.000000 0.905745 0.000000 0.000000 0.000000 0.000000 0.000000 0.000000 0.000000 0.000000 0.000000 0.000000 0.000000 0.000000 0.000000 
0.025655 0.848857 0.000000 0.000000 0.000000 0.000000 0.000000 0.000000 0.000000 0.000000 0.000000 0.026213 0.000000 0.000000 0.000000 0.005020 0.094255 0.000000 0.000000 0.000000 
0.000000 0.000000 0.094255 0.000000 0.000000 0.000000 0.000000 0.000000 0.000000 0.000000 0.000000 0.000000 0.905745 0.000000 0.000000 0.000000 0.000000 0.000000 0.000000 0.000000 
0.000000 0.000000 0.000000 0.000000 0.001115 0.000000 0.000000 0.006135 0.000000 0.941997 0.025655 0.001115 0.000000 0.000000 0.000000 0.000000 0.000000 0.000558 0.000000 0.023424 
0.000000 0.000000 0.001673 0.000000 0.000000 0.903514 0.000000 0.000000 0.000000 0.000000 0.000000 0.000000 0.000000 0.000000 0.000558 0.094255 0.000000 0.000000 0.000000 0.000000 
0.006693 0.000000 0.000000 0.000000 0.000000 0.000000 0.000000 0.000000 0.000000 0.000000 0.000000 0.000000 0.992192 0.000000 0.000000 0.001115 0.000000 0.000000 0.000000 0.000000 
0.003346 0.000000 0.000000 0.000000 0.000000 0.000000 0.000000 0.741216 0.000000 0.075293 0.003346 0.000000 0.000000 0.000000 0.000000 0.000000 0.000000 0.176799 0.000000 0.000000 
0.854992 0.053542 0.000000 0.000000 0.000000 0.001673 0.000000 0.000000 0.000000 0.000000 0.000000 0.002231 0.000000 0.000000 0.000000 0.030675 0.056888 0.000000 0.000000 0.000000 
0.000000 0.000000 0.000000 0.000000 0.037925 0.000000 0.000000 0.000000 0.000000 0.841606 0.094813 0.000000 0.000000 0.000000 0.000000 0.000000 0.025655 0.000000 0.000000 0.000000 
0.939766 0.000000 0.000000 0.000000 0.000000 0.052426 0.000000 0.000000 0.000000 0.000000 0.000000 0.000000 0.000000 0.000000 0.000000 0.007808 0.000000 0.000000 0.000000 0.000000 
0.802008 0.007250 0.000000 0.000000 0.000000 0.000000 0.000000 0.000000 0.000000 0.000000 0.000000 0.000000 0.000000 0.000000 0.000000 0.114891 0.048522 0.027328 0.000000 0.000000 
0.100948 0.642499 0.000000 0.000000 0.000000 0.000000 0.000000 0.000000 0.000000 0.000000 0.000000 0.072504 0.000000 0.000000 0.000000 0.160625 0.023424 0.000000 0.000000 0.000000 
0.002231 0.001115 0.000000 0.000000 0.005020 0.000000 0.000000 0.048522 0.000000 0.836029 0.039041 0.000000 0.000000 0.000000 0.000000 0.000000 0.000000 0.068042 0.000000 0.000000 
0.005577 0.000000 0.000000 0.000000 0.000000 0.000000 0.384830 0.000000 0.000000 0.000000 0.000000 0.006135 0.000000 0.601785 0.000000 0.000558 0.001115 0.000000 0.000000 0.000000 
0.001673 0.000558 0.000000 0.000000 0.115449 0.000000 0.000558 0.208589 0.000000 0.206358 0.005577 0.000000 0.000000 0.000000 0.000000 0.000000 0.000558 0.460680 0.000000 0.000000 
0.103737 0.000558 0.815951 0.000558 0.000000 0.047964 0.000000 0.000000 0.000000 0.000000 0.000558 0.006135 0.000000 0.001115 0.000000 0.023424 0.000000 0.000000 0.000000 0.000000 
0.435025 0.004462 0.000000 0.000000 0.333519 0.005020 0.000000 0.018963 0.000000 0.120468 0.012270 0.000000 0.000000 0.000000 0.000000 0.011712 0.041272 0.015616 0.000000 0.001673 
0.141104 0.087563 0.000000 0.000000 0.000000 0.023982 0.001115 0.019520 0.000000 0.003346 0.000000 0.010597 0.000000 0.000000 0.000000 0.112103 0.094813 0.460123 0.045733 0.000000 
0.085842 0.150502 0.000000 0.000000 0.000000 0.000000 0.000000 0.039019 0.001115 0.008919 0.002787 0.003902 0.000000 0.002230 0.000000 0.452620 0.167781 0.085284 0.000000 0.000000 
0.020056 0.000000 0.000000 0.000557 0.000000 0.000557 0.137604 0.003343 0.000000 0.003900 0.000000 0.000000 0.352089 0.029526 0.092479 0.012813 0.003900 0.000000 0.018942 0.324234 
0.000000 0.000000 0.000000 0.000000 0.000000 0.000000 0.000000 0.000000 0.000000 0.000000 0.000000 0.998329 0.000000 0.000000 0.000000 0.001114 0.000557 0.000000 0.000000 0.000000 

MOTIF MEME-67
letter-probability matrix: alength= 20 w= 30 nsites= 1617 E= 0.000000
0.372525 0.000000 0.005569 0.101485 0.000000 0.012995 0.001238 0.007426 0.002475 0.017946 0.016708 0.000619 0.000000 0.208540 0.150990 0.056312 0.040842 0.004332 0.000000 0.000000 
0.058168 0.000000 0.000000 0.000000 0.003094 0.000000 0.000000 0.418936 0.000000 0.100866 0.001238 0.000000 0.000000 0.000000 0.000000 0.000000 0.000619 0.417079 0.000000 0.000000 
0.013614 0.000619 0.000000 0.007426 0.000000 0.002475 0.001856 0.001238 0.092822 0.000000 0.000619 0.000000 0.000000 0.010520 0.858911 0.002475 0.005569 0.001238 0.000000 0.000619 
0.075495 0.000000 0.213490 0.577351 0.000000 0.003713 0.000000 0.012995 0.007426 0.007426 0.000000 0.008663 0.000000 0.030322 0.003094 0.021658 0.030322 0.008045 0.000000 0.000000 
0.706064 0.000000 0.001238 0.036510 0.000619 0.000619 0.003094 0.002475 0.008045 0.000000 0.001238 0.001856 0.000000 0.006807 0.008663 0.012376 0.009282 0.201114 0.000000 0.000000 
0.008045 0.024134 0.000000 0.000000 0.285272 0.003094 0.000000 0.063738 0.118812 0.063119 0.012376 0.000000 0.000000 0.011139 0.022277 0.000000 0.012995 0.375000 0.000000 0.000000 
0.084158 0.000000 0.007426 0.012995 0.000000 0.847772 0.001238 0.000000 0.001856 0.000000 0.000000 0.006807 0.000000 0.000000 0.001856 0.031559 0.002475 0.000619 0.000000 0.001238 
0.006807 0.000619 0.095916 0.016708 0.004332 0.001238 0.001238 0.006188 0.043936 0.120668 0.007426 0.222153 0.363243 0.006807 0.006807 0.044554 0.022277 0.007426 0.001856 0.019802 
0.023515 0.001238 0.162748 0.160272 0.000000 0.167079 0.086634 0.000000 0.009901 0.001238 0.000000 0.141089 0.000000 0.091584 0.011139 0.044554 0.034653 0.000000 0.000619 0.063738 
0.004950 0.000619 0.000619 0.000000 0.078589 0.004332 0.001238 0.400990 0.001238 0.134901 0.053218 0.002475 0.000000 0.000000 0.051980 0.000000 0.000000 0.264851 0.000000 0.000000 
0.003094 0.000619 0.339109 0.246906 0.000000 0.385520 0.000000 0.000000 0.004332 0.003094 0.000000 0.008663 0.000000 0.000619 0.001856 0.005569 0.000000 0.000000 0.000000 0.000619 
0.100866 0.000619 0.000000 0.000000 0.288366 0.000000 0.000000 0.494431 0.000000 0.026609 0.001856 0.000000 0.000000 0.000000 0.000000 0.000000 0.000000 0.087252 0.000000 0.000000 
0.170792 0.000000 0.000000 0.000000 0.000000 0.808168 0.000000 0.000000 0.000000 0.012995 0.001238 0.000000 0.000000 0.000000 0.004950 0.000000 0.000000 0.001856 0.000000 0.000000 
0.004332 0.000000 0.000000 0.000000 0.003713 0.000000 0.000000 0.196782 0.000000 0.349010 0.007426 0.000000 0.000000 0.000000 0.000000 0.000000 0.000000 0.438738 0.000000 0.000000 
0.000000 0.000000 0.985767 0.014233 0.000000 0.000000 0.000000 0.000000 0.000000 0.000000 0.000000 0.000000 0.000000 0.000000 0.000000 0.000000 0.000000 0.000000 0.000000 0.000000 
0.009282 0.000619 0.000000 0.000000 0.970916 0.000000 0.013614 0.000000 0.000000 0.004950 0.000000 0.000000 0.000000 0.000000 0.000000 0.000000 0.000000 0.000000 0.000000 0.000619 
0.000000 0.000000 0.000000 0.000000 0.000000 0.000000 0.991337 0.000000 0.000000 0.000000 0.000000 0.008663 0.000000 0.000000 0.000000 0.000000 0.000000 0.000000 0.000000 0.000000 
0.000000 0.000000 0.000000 0.000000 0.000000 0.996287 0.000000 0.000000 0.000000 0.000000 0.000000 0.000000 0.000000 0.003713 0.000000 0.000000 0.000000 0.000000 0.000000 0.000000 
0.001856 0.000000 0.000000 0.000000 0.000000 0.002475 0.000000 0.000000 0.000000 0.000000 0.000000 0.000000 0.000000 0.000000 0.995668 0.000000 0.000000 0.000000 0.000000 0.000000 
0.008663 0.008045 0.000000 0.000000 0.045792 0.000000 0.000000 0.016089 0.000000 0.094678 0.001856 0.000000 0.000000 0.000000 0.000000 0.000000 0.003713 0.812500 0.008663 0.000000 
0.022896 0.000000 0.020421 0.000000 0.000000 0.034653 0.579208 0.000000 0.000000 0.000000 0.000000 0.024752 0.000000 0.003094 0.003094 0.273515 0.038366 0.000000 0.000000 0.000000 
0.300124 0.000000 0.000000 0.002475 0.000000 0.006807 0.000000 0.001856 0.504950 0.012376 0.000619 0.000000 0.021658 0.000619 0.112005 0.000000 0.011757 0.020421 0.002475 0.001856 
0.118193 0.000000 0.001856 0.000619 0.000000 0.025371 0.000000 0.000000 0.000000 0.000000 0.000000 0.011757 0.826733 0.000000 0.000000 0.009282 0.006188 0.000000 0.000000 0.000000 
0.008663 0.000000 0.005569 0.002475 0.000000 0.004950 0.000000 0.000619 0.000000 0.005569 0.925743 0.017946 0.000000 0.001238 0.000000 0.011757 0.007426 0.008045 0.000000 0.000000 
0.956064 0.000000 0.000000 0.000000 0.000000 0.001856 0.000000 0.000000 0.000000 0.000000 0.001238 0.000000 0.000000 0.000000 0.000000 0.017946 0.003094 0.019802 0.000000 0.000000 
0.004950 0.000000 0.000000 0.000000 0.000000 0.001238 0.000000 0.017327 0.831064 0.000000 0.000619 0.000000 0.000000 0.003094 0.137995 0.000000 0.000000 0.003713 0.000000 0.000000 
0.051980 0.000000 0.001856 0.010520 0.000000 0.003094 0.000000 0.113861 0.006188 0.008663 0.018564 0.000619 0.001238 0.144802 0.125000 0.001856 0.012995 0.498762 0.000000 0.000000 
0.009282 0.000000 0.000000 0.000000 0.000619 0.000000 0.000000 0.024752 0.000000 0.904084 0.009282 0.000000 0.000000 0.000000 0.000000 0.000619 0.002475 0.045173 0.003713 0.000000 
0.418677 0.004947 0.000000 0.000000 0.002474 0.000618 0.000000 0.260359 0.000000 0.152134 0.089672 0.000000 0.000000 0.000000 0.000000 0.000000 0.002474 0.068646 0.000000 0.000000 
0.025371 0.000000 0.009282 0.009282 0.000000 0.003713 0.020421 0.000000 0.665842 0.000000 0.003094 0.000619 0.063119 0.003713 0.178837 0.011139 0.003094 0.000000 0.000619 0.001856 

MOTIF MEME-68
letter-probability matrix: alength= 20 w= 30 nsites= 1516 E= 0.000000
0.000000 0.005937 0.000000 0.000660 0.000000 0.000000 0.000000 0.000000 0.000000 0.015831 0.000000 0.000000 0.000000 0.977573 0.000000 0.000000 0.000000 0.000000 0.000000 0.000000 
0.000000 0.000000 0.000000 1.000000 0.000000 0.000000 0.000000 0.000000 0.000000 0.000000 0.000000 0.000000 0.000000 0.000000 0.000000 0.000000 0.000000 0.000000 0.000000 0.000000 
0.000000 0.000000 0.000000 0.000000 0.000000 0.000000 0.001319 0.001979 0.000000 0.000660 0.133905 0.000660 0.000000 0.847625 0.000000 0.004617 0.009235 0.000000 0.000000 0.000000 
0.004617 0.000000 0.000000 0.000000 0.000000 0.011214 0.000000 0.000000 0.000000 0.000000 0.000000 0.000000 0.001979 0.000000 0.000000 0.982190 0.000000 0.000000 0.000000 0.000000 
0.000000 0.000000 0.000000 0.000000 0.000000 0.000660 0.000000 0.100923 0.000000 0.594327 0.281662 0.000000 0.000000 0.001319 0.003298 0.000000 0.000000 0.009235 0.008575 0.000000 
0.000000 0.000000 0.025726 0.000660 0.000000 0.942612 0.000000 0.000000 0.006596 0.000000 0.000000 0.014512 0.000000 0.009235 0.000000 0.000660 0.000000 0.000000 0.000000 0.000000 
0.000000 0.000000 0.000000 0.000000 0.000000 0.000000 0.000000 0.928760 0.000000 0.000660 0.070580 0.000000 0.000000 0.000000 0.000000 0.000000 0.000000 0.000000 0.000000 0.000000 
0.000000 0.000000 0.000000 0.000660 0.000000 0.006596 0.992084 0.000000 0.000000 0.000000 0.000000 0.000000 0.000000 0.000660 0.000000 0.000000 0.000000 0.000000 0.000000 0.000000 
0.000000 0.000000 0.000000 0.000000 0.000000 0.000000 0.000000 0.000000 0.000000 0.000000 0.000000 0.000000 0.000000 0.000000 0.000000 0.000000 0.000000 0.000000 0.000000 1.000000 
0.000000 0.000000 0.000000 0.000000 0.000000 0.007256 0.003958 0.000000 0.000000 0.000000 0.000000 0.988786 0.000000 0.000000 0.000000 0.000000 0.000000 0.000000 0.000000 0.000000 
0.066623 0.000000 0.016491 0.177441 0.000000 0.007916 0.003958 0.001979 0.295515 0.001979 0.000660 0.010554 0.000000 0.238127 0.021768 0.010554 0.081794 0.064644 0.000000 0.000000 
0.042216 0.000000 0.038259 0.059367 0.000000 0.669525 0.001319 0.000000 0.001319 0.000000 0.000000 0.005937 0.004617 0.007256 0.005277 0.112137 0.052111 0.000660 0.000000 0.000000 
0.377968 0.006596 0.004617 0.001319 0.031003 0.057388 0.003298 0.000000 0.011214 0.000660 0.003958 0.322559 0.000000 0.001319 0.003958 0.153694 0.016491 0.001979 0.000660 0.001319 
0.010554 0.000000 0.580475 0.284960 0.000000 0.063325 0.019129 0.000000 0.000000 0.000000 0.000000 0.000000 0.000000 0.028364 0.000660 0.007916 0.000660 0.000000 0.000000 0.003958 
0.000000 0.000000 0.098945 0.023087 0.000000 0.000000 0.000660 0.068602 0.000660 0.696570 0.002639 0.000000 0.005937 0.000000 0.000000 0.000000 0.000000 0.102902 0.000000 0.000000 
0.001979 0.000000 0.000000 0.011873 0.005937 0.001319 0.002639 0.038918 0.000000 0.905013 0.009894 0.001319 0.000660 0.001319 0.000000 0.000000 0.001979 0.006596 0.000000 0.010554 
0.004617 0.001979 0.897098 0.010554 0.001979 0.003958 0.000000 0.000000 0.000000 0.025066 0.000000 0.001979 0.000000 0.000000 0.000000 0.012533 0.039578 0.000000 0.000000 0.000660 
0.003958 0.000000 0.003958 0.000000 0.214380 0.000000 0.000000 0.011873 0.000000 0.040897 0.000000 0.001979 0.000000 0.000000 0.000000 0.042216 0.015831 0.000000 0.000000 0.664908 
0.018470 0.000000 0.000660 0.000000 0.001979 0.000000 0.005277 0.154354 0.000000 0.244723 0.014512 0.021108 0.000000 0.000000 0.000000 0.000000 0.011214 0.461741 0.000000 0.065963 
0.074538 0.000660 0.005937 0.021108 0.000000 0.000660 0.005277 0.069921 0.309367 0.056728 0.021768 0.016491 0.000000 0.003298 0.091689 0.093668 0.095646 0.132586 0.000000 0.000660 
0.006596 0.000000 0.318602 0.003298 0.000000 0.000000 0.018470 0.000000 0.031662 0.002639 0.000000 0.527704 0.002639 0.003298 0.003298 0.003958 0.021768 0.001979 0.000660 0.053430 
0.019789 0.000660 0.009894 0.001979 0.000000 0.005937 0.000660 0.001319 0.451847 0.036939 0.000000 0.071900 0.307388 0.009894 0.046834 0.005937 0.013193 0.015831 0.000000 0.000000 
0.046834 0.000660 0.141821 0.415567 0.000000 0.023087 0.007256 0.000000 0.038259 0.004617 0.000000 0.013852 0.065303 0.015831 0.027704 0.142480 0.039578 0.017150 0.000000 0.000000 
0.036939 0.000000 0.325198 0.056728 0.000660 0.004617 0.001319 0.031003 0.001319 0.006596 0.002639 0.016491 0.037599 0.002639 0.001319 0.006596 0.001979 0.466359 0.000000 0.000000 
0.004617 0.000000 0.000000 0.001319 0.834433 0.000000 0.000000 0.016491 0.005937 0.037599 0.002639 0.000000 0.030343 0.011873 0.001319 0.001319 0.000660 0.047493 0.000000 0.003958 
0.143799 0.005937 0.129947 0.067942 0.029024 0.005937 0.045515 0.002639 0.083773 0.003298 0.000000 0.042876 0.000000 0.055409 0.120712 0.168865 0.047493 0.001979 0.044195 0.000660 
0.008575 0.038918 0.034960 0.002639 0.083773 0.000660 0.001319 0.042876 0.011873 0.023747 0.219657 0.005277 0.001979 0.001979 0.000660 0.001979 0.005937 0.062665 0.000660 0.449868 
0.071900 0.000000 0.138522 0.295515 0.054090 0.003298 0.015172 0.007916 0.079815 0.001319 0.000000 0.010554 0.007916 0.034301 0.034301 0.013193 0.043536 0.187335 0.000660 0.000660 
0.030343 0.000000 0.514512 0.044855 0.000000 0.208443 0.005277 0.000660 0.069921 0.000000 0.000000 0.062005 0.000000 0.031003 0.012533 0.005277 0.011873 0.003298 0.000000 0.000000 
0.003298 0.000000 0.041557 0.009894 0.000000 0.857520 0.000000 0.031003 0.001319 0.007916 0.000000 0.008575 0.000000 0.000000 0.001319 0.021768 0.001319 0.013852 0.000000 0.000660 

MOTIF MEME-69
letter-probability matrix: alength= 20 w= 30 nsites= 1598 E= 0.000000
0.000000 0.000000 0.000000 0.000000 0.000000 1.000000 0.000000 0.000000 0.000000 0.000000 0.000000 0.000000 0.000000 0.000000 0.000000 0.000000 0.000000 0.000000 0.000000 0.000000 
0.000000 0.000000 0.000000 0.000000 0.000000 0.000000 0.000000 0.003129 0.000000 0.928661 0.000000 0.000000 0.000000 0.000000 0.000000 0.067584 0.000000 0.000626 0.000000 0.000000 
0.001252 0.000000 0.000000 0.000000 0.000000 0.930538 0.000000 0.000000 0.000000 0.000000 0.000000 0.000000 0.000000 0.000000 0.000000 0.068210 0.000000 0.000000 0.000000 0.000000 
0.001252 0.000000 0.000000 0.000000 0.000000 0.000000 0.000000 0.516896 0.000000 0.060701 0.020651 0.000000 0.000000 0.000000 0.000000 0.000000 0.000000 0.400501 0.000000 0.000000 
0.070713 0.000000 0.142678 0.722778 0.000000 0.000000 0.000626 0.003129 0.001252 0.001877 0.000626 0.002503 0.000000 0.011890 0.004380 0.009387 0.020025 0.007509 0.000000 0.000626 
0.000000 0.000000 0.000000 0.000000 0.000000 0.000000 0.000000 0.617021 0.000000 0.007509 0.088235 0.000000 0.000000 0.000000 0.000000 0.000000 0.000000 0.287234 0.000000 0.000000 
0.000626 0.000000 0.602003 0.067584 0.000000 0.000000 0.000626 0.000000 0.000000 0.000000 0.000000 0.328536 0.000000 0.000000 0.000000 0.000000 0.000000 0.000000 0.000000 0.000626 
0.072591 0.000000 0.001252 0.915519 0.000000 0.000000 0.000000 0.001252 0.005006 0.000000 0.000000 0.000000 0.000000 0.000626 0.003755 0.000000 0.000000 0.000000 0.000000 0.000000 
0.348561 0.000000 0.162703 0.416145 0.000000 0.002503 0.000626 0.000000 0.023780 0.000000 0.000000 0.003129 0.001252 0.018148 0.006884 0.005632 0.010013 0.000626 0.000000 0.000000 
0.091990 0.000000 0.000000 0.016896 0.043179 0.000626 0.041927 0.003129 0.244055 0.143304 0.064456 0.000000 0.000000 0.035670 0.064456 0.001252 0.003129 0.021902 0.005632 0.218398 
0.000000 0.000000 0.000000 0.000000 0.000000 0.000626 0.000000 0.036921 0.000000 0.050688 0.003755 0.000000 0.066333 0.000000 0.000000 0.000000 0.000000 0.841677 0.000000 0.000000 
0.027534 0.000626 0.000000 0.045056 0.000000 0.000000 0.000626 0.316020 0.096370 0.012516 0.008761 0.000000 0.000000 0.003755 0.403630 0.002503 0.003129 0.079474 0.000000 0.000000 
0.130788 0.000000 0.008761 0.578849 0.000000 0.001252 0.018148 0.000000 0.086984 0.003129 0.000626 0.000626 0.000626 0.030663 0.126408 0.007509 0.005632 0.000000 0.000000 0.000000 
0.177096 0.001877 0.000000 0.014393 0.072591 0.003129 0.000000 0.057572 0.007509 0.123279 0.143930 0.000000 0.001252 0.043805 0.286608 0.001877 0.001877 0.063204 0.000000 0.000000 
0.511264 0.001252 0.065707 0.001252 0.000000 0.002503 0.008135 0.000000 0.000000 0.000000 0.000000 0.052566 0.000000 0.010638 0.000000 0.339800 0.006258 0.000626 0.000000 0.000000 
0.209011 0.000000 0.015019 0.138924 0.000000 0.008135 0.002503 0.003129 0.429287 0.010013 0.005006 0.004380 0.000000 0.065081 0.080100 0.007509 0.002503 0.019399 0.000000 0.000000 
0.015645 0.002503 0.066333 0.235920 0.000000 0.019399 0.006258 0.108260 0.019399 0.012516 0.002503 0.207134 0.000000 0.035670 0.028786 0.041927 0.093242 0.104506 0.000000 0.000000 
0.242804 0.031289 0.015645 0.008761 0.015019 0.471214 0.050063 0.000626 0.000000 0.000626 0.000000 0.002503 0.061952 0.000000 0.009387 0.011890 0.063204 0.014393 0.000000 0.000626 
0.025657 0.000000 0.001877 0.050063 0.000000 0.008135 0.468085 0.001877 0.035670 0.028786 0.000626 0.000000 0.247184 0.012516 0.003755 0.005006 0.011264 0.098248 0.000000 0.001252 
0.047559 0.000626 0.369212 0.005006 0.000000 0.000626 0.018148 0.004380 0.003129 0.001252 0.000000 0.076345 0.076971 0.005632 0.356070 0.015019 0.004380 0.014393 0.000000 0.001252 
0.000626 0.000000 0.000000 0.000000 0.000000 0.000626 0.000000 0.000000 0.000000 0.067584 0.000000 0.000000 0.000000 0.000000 0.000000 0.000000 0.000000 0.000000 0.931164 0.000000 
0.004380 0.001252 0.068210 0.003755 0.000000 0.000626 0.062578 0.001252 0.061327 0.010013 0.000626 0.002503 0.013141 0.040050 0.673967 0.008135 0.020025 0.027534 0.000000 0.000626 
0.007509 0.037547 0.000000 0.000000 0.000000 0.075094 0.000000 0.001252 0.000000 0.004380 0.000000 0.785982 0.023154 0.000626 0.000000 0.045682 0.010013 0.008135 0.000626 0.000000 
0.000000 0.000000 0.001252 0.000626 0.000000 0.001877 0.000626 0.000000 0.051314 0.003755 0.000000 0.000000 0.931790 0.002503 0.000626 0.000626 0.004380 0.000626 0.000000 0.000000 
0.023154 0.000000 0.000000 0.050063 0.001252 0.036921 0.004380 0.241552 0.009387 0.197121 0.001252 0.001877 0.000000 0.006258 0.001252 0.009387 0.012516 0.403004 0.000000 0.000626 
0.000000 0.000000 0.000000 0.000000 0.111389 0.000626 0.000000 0.000000 0.000000 0.000626 0.000000 0.000000 0.000000 0.000000 0.000626 0.000000 0.000000 0.000000 0.886733 0.000000 
0.000000 0.000626 0.000626 0.003129 0.018773 0.000626 0.025657 0.015645 0.021277 0.068210 0.000000 0.000000 0.000000 0.002503 0.769086 0.004380 0.023154 0.018773 0.000000 0.027534 
0.067584 0.000000 0.001877 0.000000 0.008761 0.135169 0.651439 0.000626 0.000000 0.011264 0.001252 0.058824 0.000000 0.003755 0.016270 0.000626 0.003755 0.000000 0.000000 0.038798 
0.339174 0.000000 0.051940 0.225282 0.000000 0.005632 0.001252 0.000626 0.073217 0.001252 0.000000 0.001252 0.160826 0.020025 0.020025 0.041927 0.019399 0.010013 0.000000 0.028160 
0.000000 0.008135 0.953692 0.000000 0.000000 0.033166 0.001252 0.001252 0.000000 0.000000 0.000000 0.000000 0.000626 0.000000 0.000000 0.000626 0.000626 0.000626 0.000000 0.000000 

