MEME version 4

ALPHABET= ACDEFGHIKLMNPQRSTVWY

Background letter frequencies
A 0.1134 C 0.0105 D 0.0638 E 0.0702 F 0.0297 G 0.0889 H 0.0205 I 0.0614 K 0.0495 L 0.0963 
M 0.0246 N 0.0360 P 0.0427 Q 0.0317 R 0.0509 S 0.0508 T 0.0505 V 0.0702 W 0.0129 
Y 0.0257 

MOTIF MEME-3
letter-probability matrix: alength= 20 w= 30 nsites= 3206 E= 0.000000
0.005303 0.000312 0.441672 0.010293 0.000312 0.004367 0.152527 0.178104 0.000000 0.146912 0.036806 0.010293 0.000000 0.003431 0.001248 0.000000 0.002807 0.003431 0.000000 0.002183 
0.003431 0.000624 0.099813 0.000000 0.043044 0.000312 0.181223 0.172489 0.000000 0.158453 0.003431 0.010605 0.000000 0.000000 0.000000 0.001560 0.004055 0.009357 0.220524 0.091079 
0.010605 0.000000 0.136931 0.065814 0.004991 0.000312 0.001560 0.000312 0.000000 0.004367 0.000000 0.008734 0.000000 0.164691 0.000936 0.007174 0.066750 0.000312 0.523706 0.002807 
0.004367 0.000000 0.004055 0.007798 0.008734 0.012789 0.004055 0.000312 0.155334 0.004991 0.102932 0.057392 0.000000 0.504991 0.034311 0.005614 0.086089 0.006238 0.000000 0.000000 
0.012488 0.000624 0.000312 0.002498 0.011239 0.000624 0.004683 0.008117 0.005620 0.245083 0.277240 0.001561 0.000312 0.001249 0.003122 0.003122 0.081798 0.294099 0.000000 0.046207 
0.027760 0.022458 0.000312 0.008422 0.044916 0.027760 0.000000 0.011853 0.000000 0.274797 0.253899 0.061135 0.000000 0.010293 0.000000 0.031503 0.001560 0.014660 0.001248 0.207424 
0.102932 0.000000 0.000000 0.000312 0.031503 0.000312 0.019651 0.000312 0.010293 0.004367 0.000000 0.024017 0.000000 0.009046 0.144105 0.005303 0.034311 0.000624 0.176232 0.436681 
0.209919 0.000312 0.000624 0.000624 0.000000 0.019651 0.030568 0.000000 0.068621 0.001248 0.000624 0.000936 0.000624 0.011853 0.497505 0.055209 0.101061 0.000312 0.000000 0.000312 
0.159077 0.000936 0.000000 0.000000 0.006238 0.371179 0.013100 0.020586 0.002183 0.119152 0.033999 0.002183 0.000000 0.004679 0.000936 0.116344 0.144105 0.004991 0.000312 0.000000 
0.154182 0.000624 0.000000 0.000000 0.002809 0.429775 0.095818 0.002809 0.000000 0.063670 0.063983 0.000312 0.000000 0.023096 0.028714 0.026841 0.007179 0.001873 0.000000 0.098315 
0.074860 0.002495 0.016532 0.000000 0.543980 0.000000 0.000624 0.000000 0.000000 0.000000 0.000000 0.004055 0.001560 0.000000 0.003431 0.099501 0.000624 0.000000 0.000000 0.252339 
0.011853 0.000000 0.000000 0.000000 0.006862 0.000312 0.000000 0.001248 0.000000 0.000312 0.002183 0.000000 0.000000 0.016532 0.000000 0.089520 0.000312 0.127885 0.124766 0.618216 
0.003119 0.000000 0.000000 0.000000 0.000000 0.464442 0.000000 0.000000 0.000000 0.000000 0.000000 0.000000 0.000312 0.000000 0.531192 0.000936 0.000000 0.000000 0.000000 0.000000 
0.000000 0.000312 0.000000 0.000000 0.000312 0.486588 0.000000 0.000000 0.000000 0.000000 0.000000 0.000000 0.000000 0.016843 0.397068 0.097941 0.000000 0.000000 0.000000 0.000936 
0.000000 0.000000 0.000000 0.000000 0.000000 0.665939 0.000000 0.000000 0.209607 0.000000 0.000000 0.000000 0.000000 0.000000 0.025265 0.099189 0.000000 0.000000 0.000000 0.000000 
0.092327 0.000000 0.000000 0.004367 0.000000 0.485964 0.000000 0.000000 0.000000 0.000000 0.000000 0.000624 0.413288 0.000000 0.000000 0.001248 0.000312 0.001871 0.000000 0.000000 
0.006862 0.000000 0.000000 0.000624 0.000312 0.000000 0.000000 0.407361 0.000000 0.245789 0.052090 0.000000 0.000000 0.000000 0.000000 0.000000 0.000312 0.286650 0.000000 0.000000 
0.125702 0.000000 0.000624 0.000000 0.049906 0.062695 0.080786 0.001248 0.000000 0.293512 0.027449 0.000000 0.056457 0.000000 0.000000 0.024953 0.095758 0.180911 0.000000 0.000000 
0.005616 0.000624 0.000000 0.000000 0.000000 0.000312 0.000000 0.046490 0.000000 0.052106 0.660218 0.002184 0.000312 0.000312 0.000000 0.071451 0.049610 0.110764 0.000000 0.000000 
0.126677 0.000624 0.000000 0.000000 0.033697 0.000312 0.000000 0.000936 0.000312 0.000000 0.000312 0.175039 0.000000 0.103276 0.008424 0.501092 0.041186 0.006864 0.001248 0.000000 
0.800936 0.000936 0.000000 0.000000 0.000000 0.004368 0.000000 0.005616 0.000000 0.000000 0.000000 0.000000 0.000000 0.000000 0.000000 0.000936 0.141030 0.046178 0.000000 0.000000 
0.000624 0.000000 0.000000 0.000000 0.000000 0.000000 0.000000 0.767239 0.000000 0.177847 0.010608 0.000000 0.000000 0.000624 0.000000 0.000000 0.002496 0.040562 0.000000 0.000000 
0.440562 0.000000 0.000000 0.000000 0.000000 0.022465 0.000000 0.000000 0.000000 0.000000 0.000000 0.000000 0.000000 0.000000 0.000000 0.536661 0.000312 0.000000 0.000000 0.000000 
0.214353 0.102652 0.000000 0.000000 0.000000 0.569423 0.000000 0.000000 0.000000 0.000000 0.000000 0.000000 0.049298 0.000000 0.000000 0.001248 0.003432 0.059594 0.000000 0.000000 
0.001872 0.000624 0.000000 0.000000 0.044930 0.000000 0.000000 0.564743 0.000000 0.049922 0.001560 0.000000 0.000000 0.000000 0.000000 0.000000 0.000312 0.335101 0.000000 0.000936 
0.000000 0.000000 0.987520 0.011856 0.000000 0.000000 0.000000 0.000000 0.000000 0.000000 0.000000 0.000624 0.000000 0.000000 0.000000 0.000000 0.000000 0.000000 0.000000 0.000000 
0.000000 0.000000 0.000000 0.000000 0.000000 0.000000 0.001560 0.224961 0.000000 0.268955 0.025273 0.000000 0.000000 0.409360 0.000000 0.000000 0.025897 0.043994 0.000000 0.000000 
0.996257 0.000312 0.000000 0.000000 0.000000 0.003119 0.000000 0.000000 0.000000 0.000000 0.000000 0.000000 0.000000 0.000000 0.000000 0.000000 0.000312 0.000000 0.000000 0.000000 
0.000000 0.000000 0.000000 0.000000 0.000624 0.000000 0.000000 0.082034 0.000000 0.914535 0.001560 0.000000 0.000000 0.000000 0.000000 0.000000 0.000000 0.001248 0.000000 0.000000 
0.000000 0.000000 0.000000 0.000000 0.000000 0.000000 0.000312 0.000000 0.000000 0.000000 0.000000 0.000000 0.000000 0.000000 0.000000 0.000000 0.000000 0.000000 0.982533 0.017155 

MOTIF MEME-29
letter-probability matrix: alength= 20 w= 30 nsites= 932 E= 0.000000
0.323308 0.001074 0.011815 0.003222 0.000000 0.459721 0.000000 0.007519 0.001074 0.001074 0.000000 0.001074 0.000000 0.005371 0.001074 0.172932 0.008593 0.002148 0.000000 0.000000 
0.012889 0.000000 0.009667 0.003222 0.000000 0.783029 0.000000 0.007519 0.002148 0.001074 0.000000 0.001074 0.000000 0.000000 0.000000 0.168636 0.007519 0.002148 0.001074 0.000000 
0.005371 0.000000 0.000000 0.000000 0.000000 0.993555 0.000000 0.000000 0.000000 0.000000 0.000000 0.000000 0.000000 0.000000 0.001074 0.000000 0.000000 0.000000 0.000000 0.000000 
0.255639 0.000000 0.205156 0.000000 0.000000 0.539205 0.000000 0.000000 0.000000 0.000000 0.000000 0.000000 0.000000 0.000000 0.000000 0.000000 0.000000 0.000000 0.000000 0.000000 
0.000000 0.001074 0.792696 0.000000 0.000000 0.001074 0.000000 0.000000 0.000000 0.000000 0.000000 0.000000 0.000000 0.000000 0.000000 0.000000 0.000000 0.001074 0.000000 0.204082 
0.000000 0.001074 0.000000 0.000000 0.003222 0.000000 0.201933 0.000000 0.000000 0.000000 0.000000 0.000000 0.000000 0.000000 0.000000 0.000000 0.000000 0.000000 0.000000 0.793770 
0.000000 0.000000 0.008593 0.000000 0.003222 0.000000 0.791622 0.000000 0.000000 0.001074 0.000000 0.172932 0.000000 0.003222 0.017186 0.002148 0.000000 0.000000 0.000000 0.000000 
0.001074 0.000000 0.593985 0.000000 0.000000 0.000000 0.000000 0.000000 0.000000 0.001074 0.000000 0.172932 0.000000 0.029001 0.021482 0.005371 0.000000 0.175081 0.000000 0.000000 
0.021482 0.000000 0.000000 0.026853 0.000000 0.011815 0.002148 0.000000 0.133190 0.000000 0.000000 0.002148 0.001074 0.614393 0.004296 0.004296 0.001074 0.177229 0.000000 0.000000 
0.078410 0.000000 0.015038 0.034372 0.000000 0.620838 0.002148 0.000000 0.148228 0.000000 0.000000 0.003222 0.027927 0.018260 0.011815 0.032223 0.005371 0.002148 0.000000 0.000000 
0.300752 0.000000 0.114930 0.056928 0.000000 0.462943 0.002148 0.000000 0.012889 0.000000 0.000000 0.003222 0.001074 0.012889 0.009667 0.013963 0.004296 0.004296 0.000000 0.000000 
0.004296 0.000000 0.037594 0.016112 0.000000 0.403867 0.209452 0.000000 0.000000 0.000000 0.000000 0.315789 0.001074 0.002148 0.000000 0.004296 0.002148 0.000000 0.000000 0.003222 
0.000000 0.000000 0.000000 0.000000 0.000000 0.000000 0.794844 0.000000 0.000000 0.000000 0.000000 0.000000 0.000000 0.000000 0.000000 0.000000 0.000000 0.000000 0.204082 0.001074 
0.000000 0.000000 0.000000 0.000000 0.000000 0.001074 0.000000 0.023631 0.000000 0.181525 0.000000 0.000000 0.000000 0.000000 0.000000 0.000000 0.000000 0.000000 0.792696 0.001074 
0.000000 0.000000 0.000000 0.000000 0.000000 0.000000 0.000000 0.764769 0.000000 0.182599 0.000000 0.000000 0.000000 0.000000 0.000000 0.000000 0.002148 0.050483 0.000000 0.000000 
0.002148 0.000000 0.755102 0.001074 0.000000 0.000000 0.000000 0.155747 0.000000 0.004296 0.000000 0.000000 0.000000 0.009667 0.000000 0.003222 0.001074 0.067669 0.000000 0.000000 
0.001074 0.000000 0.731472 0.003222 0.000000 0.022556 0.001074 0.000000 0.012889 0.000000 0.000000 0.042965 0.000000 0.009667 0.000000 0.137487 0.037594 0.000000 0.000000 0.000000 
0.003222 0.000000 0.042965 0.001074 0.002148 0.010741 0.553169 0.000000 0.050483 0.007519 0.001074 0.050483 0.058002 0.030075 0.003222 0.142857 0.037594 0.000000 0.000000 0.005371 
0.002148 0.000000 0.042965 0.000000 0.003222 0.000000 0.000000 0.783029 0.050483 0.007519 0.001074 0.022556 0.058002 0.000000 0.000000 0.015038 0.000000 0.010741 0.000000 0.003222 
0.561762 0.003222 0.000000 0.000000 0.001074 0.000000 0.000000 0.204082 0.000000 0.000000 0.000000 0.000000 0.000000 0.000000 0.000000 0.229860 0.000000 0.000000 0.000000 0.000000 
0.039742 0.009667 0.000000 0.000000 0.000000 0.000000 0.000000 0.000000 0.000000 0.000000 0.000000 0.029001 0.004296 0.000000 0.000000 0.167562 0.749731 0.000000 0.000000 0.000000 
0.000000 0.009667 0.000000 0.000000 0.000000 0.000000 0.000000 0.000000 0.000000 0.000000 0.000000 0.025779 0.784103 0.000000 0.000000 0.010741 0.169710 0.000000 0.000000 0.000000 
0.018280 0.038710 0.000000 0.000000 0.000000 0.000000 0.000000 0.005376 0.000000 0.000000 0.729032 0.000000 0.205376 0.000000 0.000000 0.003226 0.000000 0.000000 0.000000 0.000000 
0.127820 0.038668 0.000000 0.000000 0.000000 0.013963 0.009667 0.000000 0.000000 0.000000 0.145005 0.000000 0.000000 0.000000 0.000000 0.642320 0.022556 0.000000 0.000000 0.000000 
0.010741 0.000000 0.000000 0.000000 0.000000 0.027927 0.009667 0.024705 0.503759 0.003222 0.001074 0.000000 0.000000 0.024705 0.197637 0.163265 0.024705 0.008593 0.000000 0.000000 
0.000000 0.000000 0.000000 0.000000 0.010741 0.027927 0.002148 0.006445 0.076262 0.001074 0.001074 0.000000 0.000000 0.024705 0.062299 0.002148 0.002148 0.002148 0.129968 0.650913 
0.029001 0.000000 0.017186 0.137487 0.008593 0.000000 0.005371 0.000000 0.054780 0.001074 0.000000 0.000000 0.272825 0.002148 0.266380 0.007519 0.003222 0.000000 0.129968 0.064447 
0.041890 0.000000 0.251343 0.443609 0.000000 0.002148 0.000000 0.000000 0.038668 0.001074 0.000000 0.010741 0.022556 0.168636 0.009667 0.007519 0.001074 0.000000 0.000000 0.001074 
0.007519 0.000000 0.008593 0.034372 0.010741 0.000000 0.000000 0.000000 0.035446 0.000000 0.000000 0.009667 0.003222 0.097744 0.009667 0.000000 0.000000 0.000000 0.002148 0.780881 
0.000000 0.000000 0.000000 0.330472 0.008584 0.000000 0.000000 0.000000 0.068670 0.000000 0.000000 0.000000 0.000000 0.000000 0.395923 0.000000 0.000000 0.000000 0.002146 0.194206 

MOTIF MEME-30
letter-probability matrix: alength= 20 w= 30 nsites= 766 E= 0.000000
0.015666 0.000000 0.524804 0.003916 0.000000 0.000000 0.000000 0.000000 0.001305 0.000000 0.000000 0.442559 0.000000 0.000000 0.002611 0.005222 0.003916 0.000000 0.000000 0.000000 
0.001305 0.000000 0.000000 0.000000 0.000000 0.985640 0.001305 0.000000 0.000000 0.000000 0.000000 0.000000 0.000000 0.000000 0.010444 0.001305 0.000000 0.000000 0.000000 0.000000 
0.001305 0.000000 0.000000 0.011749 0.000000 0.000000 0.002611 0.001305 0.005222 0.001305 0.000000 0.015666 0.001305 0.408616 0.010444 0.015666 0.498695 0.024804 0.000000 0.001305 
0.001305 0.003916 0.001305 0.002611 0.000000 0.000000 0.000000 0.071802 0.114883 0.001305 0.001305 0.000000 0.000000 0.001305 0.002611 0.001305 0.449086 0.347258 0.000000 0.000000 
0.000000 0.000000 0.001305 0.000000 0.000000 0.998695 0.000000 0.000000 0.000000 0.000000 0.000000 0.000000 0.000000 0.000000 0.000000 0.000000 0.000000 0.000000 0.000000 0.000000 
0.000000 0.001305 0.000000 0.000000 0.925587 0.000000 0.000000 0.015666 0.000000 0.009138 0.000000 0.000000 0.000000 0.000000 0.000000 0.000000 0.001305 0.027415 0.001305 0.018277 
0.928198 0.000000 0.000000 0.001305 0.000000 0.053525 0.000000 0.000000 0.000000 0.000000 0.000000 0.000000 0.000000 0.000000 0.000000 0.015666 0.000000 0.001305 0.000000 0.000000 
0.005222 0.000000 0.000000 0.000000 0.000000 0.001305 0.000000 0.031332 0.000000 0.003916 0.000000 0.000000 0.000000 0.000000 0.000000 0.001305 0.248042 0.708877 0.000000 0.000000 
0.000000 0.000000 0.000000 0.000000 0.000000 0.251958 0.000000 0.000000 0.000000 0.001305 0.000000 0.000000 0.000000 0.000000 0.001305 0.442559 0.302872 0.000000 0.000000 0.000000 
0.001305 0.000000 0.001305 0.000000 0.236292 0.000000 0.000000 0.014360 0.000000 0.006527 0.003916 0.000000 0.001305 0.005222 0.000000 0.000000 0.729765 0.000000 0.000000 0.000000 
0.430809 0.000000 0.000000 0.000000 0.000000 0.566580 0.000000 0.000000 0.000000 0.000000 0.000000 0.000000 0.000000 0.000000 0.000000 0.000000 0.002611 0.000000 0.000000 0.000000 
0.000000 0.000000 0.000000 0.000000 0.000000 1.000000 0.000000 0.000000 0.000000 0.000000 0.000000 0.000000 0.000000 0.000000 0.000000 0.000000 0.000000 0.000000 0.000000 0.000000 
0.005222 0.000000 0.011749 0.702350 0.000000 0.000000 0.000000 0.000000 0.000000 0.000000 0.000000 0.002611 0.245431 0.001305 0.000000 0.000000 0.000000 0.003916 0.002611 0.024804 
0.002611 0.000000 0.000000 0.000000 0.000000 0.000000 0.000000 0.101828 0.000000 0.026110 0.415144 0.000000 0.451697 0.000000 0.000000 0.000000 0.000000 0.002611 0.000000 0.000000 
0.413838 0.001305 0.000000 0.000000 0.000000 0.579634 0.000000 0.000000 0.000000 0.000000 0.000000 0.000000 0.000000 0.000000 0.000000 0.005222 0.000000 0.000000 0.000000 0.000000 
0.276762 0.721932 0.000000 0.000000 0.000000 0.000000 0.000000 0.000000 0.000000 0.000000 0.000000 0.000000 0.000000 0.000000 0.000000 0.001305 0.000000 0.000000 0.000000 0.000000 
0.000000 0.000000 0.000000 0.000000 0.544386 0.000000 0.000000 0.001305 0.000000 0.000000 0.000000 0.000000 0.000000 0.000000 0.000000 0.000000 0.000000 0.000000 0.296345 0.157963 
0.000000 0.001305 0.000000 0.000000 0.000000 0.000000 0.000000 0.723238 0.000000 0.261097 0.011749 0.000000 0.000000 0.000000 0.000000 0.000000 0.000000 0.002611 0.000000 0.000000 
0.006527 0.000000 0.000000 0.000000 0.000000 0.000000 0.000000 0.039164 0.000000 0.000000 0.000000 0.000000 0.000000 0.000000 0.000000 0.000000 0.009138 0.945170 0.000000 0.000000 
0.043081 0.000000 0.000000 0.750653 0.000000 0.000000 0.131854 0.000000 0.009138 0.001305 0.019582 0.001305 0.000000 0.040470 0.001305 0.000000 0.000000 0.001305 0.000000 0.000000 
0.001305 0.000000 0.000000 0.061358 0.000000 0.000000 0.015666 0.000000 0.669713 0.001305 0.000000 0.052219 0.000000 0.156658 0.037859 0.001305 0.002611 0.000000 0.000000 0.000000 
0.000000 0.000000 0.000000 0.000000 0.000000 0.000000 1.000000 0.000000 0.000000 0.000000 0.000000 0.000000 0.000000 0.000000 0.000000 0.000000 0.000000 0.000000 0.000000 0.000000 
0.000000 0.000000 0.000000 0.000000 0.262402 0.000000 0.000000 0.002611 0.000000 0.731070 0.000000 0.000000 0.000000 0.000000 0.000000 0.000000 0.000000 0.000000 0.000000 0.003916 
0.270235 0.001305 0.019582 0.181462 0.000000 0.000000 0.000000 0.000000 0.032637 0.003916 0.000000 0.424282 0.000000 0.005222 0.009138 0.044386 0.006527 0.000000 0.001305 0.000000 
0.000000 0.000000 0.000000 0.000000 0.000000 0.000000 0.000000 0.000000 0.000000 0.001305 0.000000 0.000000 0.000000 0.001305 0.997389 0.000000 0.000000 0.000000 0.000000 0.000000 
0.000000 0.000000 0.000000 0.000000 0.998695 0.000000 0.000000 0.000000 0.000000 0.000000 0.000000 0.000000 0.000000 0.000000 0.000000 0.000000 0.000000 0.000000 0.000000 0.001305 
0.000000 0.000000 0.000000 0.000000 0.000000 0.000000 0.000000 0.484334 0.000000 0.439948 0.001305 0.000000 0.000000 0.000000 0.000000 0.000000 0.000000 0.074413 0.000000 0.000000 
0.000000 0.000000 0.000000 0.716710 0.000000 0.000000 0.000000 0.167102 0.002611 0.039164 0.000000 0.000000 0.000000 0.002611 0.002611 0.000000 0.002611 0.066580 0.000000 0.000000 
0.000000 0.000000 0.006527 0.003916 0.000000 0.984334 0.000000 0.000000 0.001305 0.000000 0.000000 0.003916 0.000000 0.000000 0.000000 0.000000 0.000000 0.000000 0.000000 0.000000 
0.271540 0.000000 0.000000 0.009138 0.000000 0.001305 0.000000 0.000000 0.428198 0.001305 0.000000 0.000000 0.000000 0.150131 0.126632 0.011749 0.000000 0.000000 0.000000 0.000000 

MOTIF MEME-31
letter-probability matrix: alength= 20 w= 30 nsites= 769 E= 0.000000
0.785436 0.000000 0.000000 0.001300 0.000000 0.000000 0.000000 0.000000 0.065020 0.001300 0.000000 0.005202 0.104031 0.001300 0.022107 0.010403 0.003901 0.000000 0.000000 0.000000 
0.005202 0.003901 0.000000 0.000000 0.000000 0.002601 0.000000 0.001300 0.002601 0.000000 0.005202 0.000000 0.000000 0.000000 0.000000 0.001300 0.247074 0.730819 0.000000 0.000000 
0.000000 0.000000 0.000000 0.000000 0.000000 0.001300 0.003901 0.000000 0.109233 0.000000 0.000000 0.000000 0.000000 0.001300 0.884265 0.000000 0.000000 0.000000 0.000000 0.000000 
0.002601 0.000000 0.778934 0.136541 0.000000 0.001300 0.001300 0.000000 0.016905 0.000000 0.000000 0.007802 0.007802 0.013004 0.001300 0.020806 0.011704 0.000000 0.000000 0.000000 
0.000000 0.001300 0.014304 0.728218 0.003901 0.000000 0.006502 0.000000 0.036411 0.001300 0.000000 0.001300 0.000000 0.003901 0.193758 0.001300 0.003901 0.001300 0.000000 0.002601 
0.000000 0.000000 0.000000 0.000000 0.000000 0.000000 0.000000 0.473342 0.000000 0.514954 0.002601 0.000000 0.000000 0.006502 0.000000 0.000000 0.000000 0.002601 0.000000 0.000000 
0.003901 0.000000 0.110533 0.031209 0.000000 0.000000 0.027308 0.003901 0.002601 0.000000 0.005202 0.071521 0.041612 0.578674 0.006502 0.027308 0.042913 0.046814 0.000000 0.000000 
0.001300 0.009103 0.000000 0.000000 0.950585 0.000000 0.000000 0.001300 0.000000 0.022107 0.001300 0.000000 0.000000 0.000000 0.000000 0.000000 0.000000 0.014304 0.000000 0.000000 
0.000000 0.000000 0.000000 0.000000 0.000000 0.000000 0.000000 0.000000 0.000000 0.000000 0.000000 0.000000 0.000000 0.000000 0.000000 0.000000 0.000000 0.000000 0.000000 1.000000 
0.723017 0.245774 0.000000 0.000000 0.000000 0.000000 0.000000 0.000000 0.000000 0.013004 0.006502 0.000000 0.000000 0.000000 0.000000 0.007802 0.001300 0.002601 0.000000 0.000000 
0.000000 0.000000 0.000000 0.000000 0.000000 0.000000 0.000000 0.000000 0.000000 0.000000 0.000000 0.000000 0.000000 0.000000 0.000000 0.000000 1.000000 0.000000 0.000000 0.000000 
0.000000 0.001300 0.006502 0.000000 0.000000 0.971391 0.000000 0.000000 0.000000 0.000000 0.000000 0.000000 0.000000 0.000000 0.000000 0.003901 0.016905 0.000000 0.000000 0.000000 
0.697009 0.007802 0.000000 0.000000 0.000000 0.003901 0.000000 0.006502 0.000000 0.000000 0.000000 0.000000 0.260078 0.000000 0.000000 0.023407 0.000000 0.001300 0.000000 0.000000 
0.013004 0.002601 0.015605 0.140442 0.000000 0.000000 0.001300 0.000000 0.007802 0.014304 0.000000 0.007802 0.000000 0.040312 0.755527 0.001300 0.000000 0.000000 0.000000 0.000000 
0.002601 0.000000 0.000000 0.000000 0.000000 0.000000 0.000000 0.000000 0.000000 0.000000 0.000000 0.000000 0.990897 0.002601 0.000000 0.003901 0.000000 0.000000 0.000000 0.000000 
0.084525 0.000000 0.755527 0.015605 0.000000 0.027308 0.000000 0.000000 0.002601 0.000000 0.001300 0.001300 0.007802 0.001300 0.002601 0.009103 0.078023 0.013004 0.000000 0.000000 
0.187256 0.001300 0.000000 0.014304 0.005202 0.000000 0.000000 0.029909 0.019506 0.661899 0.000000 0.001300 0.000000 0.000000 0.003901 0.026008 0.000000 0.041612 0.000000 0.007802 
0.976593 0.000000 0.000000 0.000000 0.000000 0.000000 0.000000 0.001300 0.000000 0.000000 0.000000 0.000000 0.000000 0.000000 0.000000 0.011704 0.006502 0.003901 0.000000 0.000000 
0.000000 0.000000 0.000000 0.003901 0.000000 0.000000 0.000000 0.000000 0.814044 0.000000 0.000000 0.000000 0.000000 0.133940 0.045514 0.001300 0.000000 0.001300 0.000000 0.000000 
0.067620 0.000000 0.036411 0.639792 0.000000 0.007802 0.000000 0.000000 0.126138 0.000000 0.000000 0.003901 0.000000 0.054616 0.020806 0.040312 0.002601 0.000000 0.000000 0.000000 
0.026110 0.000000 0.000000 0.000000 0.016971 0.000000 0.001305 0.003916 0.002611 0.087467 0.843342 0.009138 0.000000 0.006527 0.000000 0.000000 0.001305 0.001305 0.000000 0.000000 
0.000000 0.000000 0.000000 0.001300 0.000000 0.997399 0.000000 0.000000 0.000000 0.000000 0.000000 0.000000 0.000000 0.000000 0.000000 0.001300 0.000000 0.000000 0.000000 0.000000 
0.000000 0.000000 0.000000 0.000000 1.000000 0.000000 0.000000 0.000000 0.000000 0.000000 0.000000 0.000000 0.000000 0.000000 0.000000 0.000000 0.000000 0.000000 0.000000 0.000000 
0.001300 0.000000 0.000000 0.000000 0.024707 0.001300 0.001300 0.749025 0.000000 0.007802 0.007802 0.000000 0.000000 0.000000 0.000000 0.020806 0.005202 0.027308 0.153446 0.000000 
0.022107 0.000000 0.000000 0.000000 0.000000 0.977893 0.000000 0.000000 0.000000 0.000000 0.000000 0.000000 0.000000 0.000000 0.000000 0.000000 0.000000 0.000000 0.000000 0.000000 
0.176853 0.000000 0.000000 0.000000 0.000000 0.803641 0.000000 0.000000 0.000000 0.000000 0.000000 0.000000 0.000000 0.000000 0.000000 0.019506 0.000000 0.000000 0.000000 0.000000 
0.000000 0.000000 0.000000 0.000000 0.000000 0.000000 0.000000 0.000000 1.000000 0.000000 0.000000 0.000000 0.000000 0.000000 0.000000 0.000000 0.000000 0.000000 0.000000 0.000000 
0.000000 0.000000 0.000000 0.000000 0.003906 0.000000 0.000000 0.015625 0.000000 0.132812 0.592448 0.000000 0.000000 0.000000 0.000000 0.000000 0.000000 0.255208 0.000000 0.000000 
0.097529 0.000000 0.000000 0.000000 0.000000 0.000000 0.000000 0.000000 0.000000 0.000000 0.000000 0.000000 0.901170 0.000000 0.000000 0.000000 0.001300 0.000000 0.000000 0.000000 
0.005202 0.013004 0.000000 0.000000 0.000000 0.000000 0.000000 0.000000 0.000000 0.565670 0.003901 0.000000 0.000000 0.000000 0.000000 0.000000 0.405722 0.006502 0.000000 0.000000 

MOTIF MEME-33
letter-probability matrix: alength= 20 w= 30 nsites= 7120 E= 0.000000
0.048034 0.017978 0.005478 0.007725 0.008848 0.011657 0.001404 0.141994 0.001966 0.366152 0.032163 0.008989 0.097893 0.002949 0.010393 0.015169 0.018258 0.193399 0.006320 0.003230 
0.222893 0.000000 0.129073 0.186657 0.000983 0.027669 0.038202 0.003933 0.067697 0.009691 0.006320 0.018258 0.006742 0.071348 0.132584 0.041152 0.021208 0.014185 0.000000 0.001404 
0.063904 0.000000 0.254916 0.233708 0.000562 0.005478 0.019382 0.007584 0.123596 0.078371 0.003933 0.003230 0.000421 0.065169 0.047753 0.021208 0.048455 0.017275 0.003371 0.001685 
0.002528 0.000000 0.844382 0.044944 0.000000 0.000000 0.000000 0.002388 0.000000 0.000000 0.000000 0.099298 0.000281 0.000421 0.000000 0.001685 0.002528 0.001545 0.000000 0.000000 
0.059972 0.014045 0.000421 0.014747 0.005056 0.000140 0.000562 0.295646 0.008146 0.235674 0.011376 0.000000 0.000000 0.010393 0.032303 0.001545 0.017135 0.290590 0.001264 0.000983 
0.318399 0.000983 0.057022 0.198876 0.000000 0.007163 0.007303 0.001264 0.075562 0.004073 0.000843 0.009129 0.001124 0.025000 0.273174 0.006180 0.009270 0.004213 0.000000 0.000421 
0.020365 0.000983 0.000421 0.011096 0.019522 0.002107 0.190309 0.009270 0.015871 0.024719 0.048596 0.001966 0.003371 0.016713 0.566994 0.017978 0.006320 0.032865 0.001826 0.008708 
0.044242 0.041152 0.000000 0.000000 0.016011 0.001404 0.000000 0.198034 0.000000 0.209972 0.027247 0.000000 0.000000 0.000000 0.000562 0.000000 0.018539 0.442837 0.000000 0.000000 
0.192135 0.002107 0.016994 0.149438 0.002388 0.012500 0.012640 0.066854 0.087640 0.028511 0.000702 0.004635 0.000000 0.045927 0.239747 0.042556 0.065730 0.027247 0.000702 0.001545 
0.538062 0.000843 0.063343 0.052107 0.000843 0.007725 0.005337 0.096489 0.051404 0.049860 0.003371 0.002107 0.000000 0.021910 0.027809 0.025140 0.037079 0.016152 0.000421 0.000000 
0.136676 0.002809 0.000000 0.000000 0.000562 0.000000 0.018682 0.381374 0.000421 0.095098 0.080629 0.000000 0.000000 0.005338 0.000281 0.000000 0.005759 0.268437 0.002107 0.001826 
0.031320 0.007022 0.000281 0.000000 0.000000 0.001264 0.019944 0.008006 0.154916 0.059831 0.000702 0.003652 0.000000 0.003090 0.663483 0.007725 0.001966 0.023736 0.004916 0.008146 
0.095084 0.000281 0.082725 0.437079 0.000140 0.008287 0.003371 0.000421 0.125983 0.000983 0.000562 0.038764 0.000281 0.052107 0.083848 0.059691 0.007303 0.001545 0.000000 0.001545 
0.452528 0.001966 0.002528 0.072191 0.002247 0.015028 0.025140 0.015590 0.072051 0.030197 0.007022 0.001264 0.000000 0.011938 0.093118 0.031601 0.024157 0.140449 0.000562 0.000421 
0.025843 0.058146 0.000000 0.000000 0.021067 0.000281 0.000702 0.199157 0.000140 0.351545 0.018820 0.000000 0.001264 0.000000 0.000000 0.000702 0.002107 0.318399 0.000000 0.001826 
0.014185 0.000000 0.012500 0.012640 0.000000 0.870084 0.000140 0.000000 0.003511 0.000000 0.000000 0.001124 0.064747 0.014326 0.002669 0.003090 0.000843 0.000140 0.000000 0.000000 
0.052388 0.000421 0.224579 0.110815 0.009410 0.056461 0.003652 0.000140 0.047612 0.002528 0.000421 0.047753 0.333146 0.005197 0.016433 0.036938 0.008708 0.001404 0.013483 0.028511 
0.035393 0.001124 0.442837 0.087079 0.000140 0.079635 0.019803 0.000702 0.024017 0.002949 0.004213 0.056882 0.000140 0.025140 0.155337 0.045084 0.017416 0.001404 0.000140 0.000562 
0.210001 0.005478 0.003933 0.000421 0.143700 0.088496 0.000843 0.174322 0.004916 0.011238 0.012361 0.012361 0.002528 0.013626 0.075853 0.004495 0.043265 0.183593 0.000140 0.008428 
0.085815 0.002247 0.051966 0.032584 0.003090 0.014607 0.010955 0.007163 0.109410 0.022753 0.005056 0.010674 0.095225 0.038202 0.159831 0.166854 0.071910 0.012640 0.076124 0.022893 
0.000281 0.000281 0.000000 0.000000 0.021629 0.000000 0.000000 0.257584 0.000000 0.509831 0.021910 0.000000 0.000000 0.000140 0.000000 0.000000 0.000140 0.188202 0.000000 0.000000 
0.119432 0.001405 0.000000 0.000000 0.001546 0.000281 0.000281 0.006744 0.005339 0.004215 0.298019 0.000000 0.000000 0.004075 0.512295 0.004356 0.019390 0.004777 0.000843 0.017002 
0.027528 0.001124 0.000000 0.000000 0.008427 0.000140 0.000000 0.169242 0.000000 0.232725 0.027528 0.000000 0.000140 0.000281 0.000000 0.000140 0.002809 0.513343 0.005478 0.011096 
0.000000 0.000000 0.968118 0.031742 0.000000 0.000000 0.000000 0.000000 0.000000 0.000000 0.000000 0.000140 0.000000 0.000000 0.000000 0.000000 0.000000 0.000000 0.000000 0.000000 
0.579213 0.141713 0.000000 0.000000 0.000000 0.019803 0.000000 0.014045 0.000000 0.003090 0.001545 0.000000 0.006742 0.000000 0.000000 0.000843 0.000281 0.231039 0.000000 0.001685 
0.000000 0.000000 0.000000 0.000000 0.000000 0.000000 0.000000 0.000000 0.000000 0.000000 0.000000 0.857865 0.000000 0.000000 0.000000 0.000000 0.000000 0.000000 0.083006 0.059129 
0.040748 0.002529 0.000000 0.006463 0.000000 0.125615 0.007447 0.000000 0.000281 0.000141 0.168891 0.001405 0.000000 0.552480 0.067725 0.000703 0.010679 0.000000 0.000000 0.014894 
0.296629 0.000421 0.000000 0.000000 0.000281 0.276966 0.000702 0.006742 0.009410 0.007865 0.002949 0.004354 0.000000 0.045365 0.125843 0.119803 0.002669 0.087500 0.000000 0.012500 
0.000140 0.000000 0.000000 0.000000 0.044522 0.000140 0.000000 0.000000 0.000000 0.093399 0.004494 0.000000 0.000000 0.045225 0.000000 0.000000 0.000000 0.000000 0.791854 0.020225 
0.002949 0.000702 0.412640 0.075421 0.000000 0.028511 0.002809 0.001124 0.034972 0.000702 0.000421 0.103230 0.001685 0.007865 0.008989 0.155337 0.158427 0.004073 0.000000 0.000140 

MOTIF MEME-34
letter-probability matrix: alength= 20 w= 30 nsites= 20259 E= 0.000000
0.077200 0.000148 0.060664 0.414334 0.001382 0.063626 0.003505 0.009082 0.066440 0.005973 0.002715 0.028975 0.091614 0.115109 0.006170 0.024187 0.009379 0.010168 0.000642 0.008687 
0.009577 0.000247 0.016982 0.083230 0.115762 0.002123 0.006072 0.005035 0.004640 0.236264 0.260157 0.021178 0.004394 0.101150 0.003406 0.009824 0.039344 0.012391 0.008787 0.059436 
0.462530 0.004838 0.002962 0.011602 0.000543 0.042012 0.000000 0.128555 0.013576 0.013132 0.003357 0.011108 0.000148 0.006171 0.001185 0.040136 0.092911 0.164889 0.000000 0.000346 
0.109964 0.000049 0.264468 0.136233 0.002765 0.023751 0.030713 0.115050 0.108730 0.042169 0.009974 0.030269 0.002963 0.017085 0.023603 0.023948 0.028491 0.026269 0.000247 0.003259 
0.031542 0.000790 0.033417 0.050200 0.093341 0.003357 0.017572 0.030999 0.026754 0.137618 0.019892 0.004048 0.004196 0.030949 0.081347 0.007799 0.016684 0.071919 0.016931 0.320648 
0.021916 0.000592 0.000197 0.000049 0.011847 0.001431 0.002764 0.027346 0.033960 0.370305 0.035194 0.011847 0.000000 0.005331 0.010020 0.000444 0.001777 0.011007 0.093736 0.360235 
0.290467 0.007158 0.008491 0.173422 0.001925 0.042800 0.007207 0.043985 0.109641 0.115269 0.045416 0.003110 0.000000 0.029323 0.012884 0.027250 0.022412 0.058844 0.000000 0.000395 
0.029274 0.001728 0.128400 0.215629 0.000494 0.079726 0.032532 0.004048 0.176235 0.006664 0.011058 0.048181 0.021030 0.042899 0.082046 0.090586 0.023696 0.001777 0.000197 0.003801 
0.095222 0.009675 0.006467 0.087570 0.113289 0.004739 0.005430 0.013526 0.032234 0.436815 0.022016 0.000642 0.000543 0.026212 0.038355 0.009922 0.002962 0.004591 0.078636 0.011156 
0.093212 0.087880 0.000889 0.000296 0.012293 0.005233 0.000247 0.131276 0.003308 0.281659 0.018070 0.008887 0.000049 0.001284 0.001086 0.013873 0.056727 0.281461 0.001629 0.000642 
0.218256 0.000346 0.121396 0.188635 0.000099 0.031053 0.009726 0.001037 0.158965 0.005430 0.000938 0.084518 0.000099 0.021969 0.048479 0.087678 0.016341 0.004196 0.000395 0.000444 
0.060424 0.000049 0.133880 0.128598 0.021030 0.007454 0.013625 0.000247 0.264945 0.000740 0.000395 0.054549 0.113541 0.090142 0.065163 0.027842 0.014020 0.002370 0.000197 0.000790 
0.021817 0.002665 0.000000 0.000938 0.203416 0.000000 0.015647 0.002912 0.003653 0.058789 0.002369 0.000938 0.003060 0.002369 0.001580 0.012143 0.000049 0.003751 0.000987 0.662915 
0.003998 0.000099 0.081449 0.021424 0.000395 0.042798 0.011600 0.000000 0.056866 0.000148 0.000049 0.072366 0.641524 0.014858 0.047833 0.003258 0.001185 0.000049 0.000000 0.000099 
0.000000 0.000000 0.000000 0.000000 0.002764 0.000099 0.000000 0.551190 0.000000 0.185260 0.033024 0.000000 0.130516 0.000000 0.000000 0.000000 0.000000 0.096999 0.000000 0.000148 
0.028728 0.006911 0.036675 0.032924 0.039242 0.000691 0.036576 0.213239 0.032479 0.068760 0.037267 0.006170 0.000346 0.002221 0.016338 0.002271 0.007108 0.370946 0.038008 0.023101 
0.003505 0.000197 0.000000 0.000049 0.135199 0.000000 0.000049 0.000395 0.000000 0.021916 0.006664 0.000049 0.000049 0.000000 0.000000 0.621650 0.045165 0.001185 0.151241 0.012686 
0.000592 0.000247 0.000000 0.000000 0.012834 0.000000 0.000000 0.841848 0.000000 0.057209 0.006614 0.000000 0.000000 0.000000 0.000000 0.000148 0.000099 0.055185 0.008687 0.016536 
0.000000 0.000000 0.000000 0.999753 0.000000 0.000000 0.000000 0.000000 0.000247 0.000000 0.000000 0.000000 0.000000 0.000000 0.000000 0.000000 0.000000 0.000000 0.000000 0.000000 
0.000000 0.000000 0.671652 0.233970 0.000000 0.000000 0.000000 0.000000 0.000000 0.000000 0.000000 0.000049 0.000000 0.094279 0.000000 0.000000 0.000000 0.000049 0.000000 0.000000 
0.038847 0.026309 0.000049 0.000000 0.000296 0.365813 0.000000 0.001777 0.000000 0.000247 0.000099 0.000000 0.555852 0.000049 0.000000 0.001925 0.000543 0.007799 0.000346 0.000049 
0.001037 0.012538 0.000000 0.000000 0.181410 0.014315 0.001629 0.046056 0.000148 0.364745 0.162553 0.000000 0.000000 0.005973 0.000000 0.000099 0.080906 0.123852 0.000000 0.004739 
0.184026 0.000839 0.365238 0.005529 0.013920 0.015895 0.032037 0.021769 0.020881 0.071725 0.000839 0.012834 0.055287 0.012440 0.021621 0.151150 0.000790 0.005924 0.000346 0.006911 
0.106126 0.005134 0.001826 0.510292 0.000049 0.000740 0.000987 0.000099 0.012291 0.000346 0.000444 0.000247 0.163631 0.159435 0.002912 0.030702 0.001086 0.002814 0.000049 0.000790 
0.003998 0.000099 0.480798 0.174894 0.000987 0.045365 0.011650 0.000000 0.013328 0.015451 0.000099 0.119656 0.000395 0.020140 0.004936 0.082733 0.006467 0.000049 0.002123 0.016833 
0.002715 0.000000 0.816961 0.008639 0.000148 0.006121 0.026163 0.000000 0.000000 0.001086 0.000000 0.062543 0.000000 0.073354 0.000346 0.001234 0.000049 0.000000 0.000000 0.000642 
0.033417 0.000247 0.002419 0.003850 0.040426 0.000296 0.010958 0.070191 0.002567 0.032825 0.007009 0.009527 0.016931 0.008885 0.005874 0.002221 0.007552 0.055531 0.626833 0.062441 
0.155665 0.000296 0.267440 0.398272 0.001284 0.012738 0.004394 0.001777 0.010220 0.051740 0.001432 0.010269 0.008936 0.015996 0.002370 0.026216 0.012195 0.005924 0.012096 0.000741 
0.181598 0.001826 0.021620 0.018708 0.000197 0.626783 0.014512 0.000395 0.001629 0.016585 0.002123 0.021077 0.000395 0.003357 0.001283 0.040377 0.018214 0.008293 0.000000 0.021028 
0.000938 0.000247 0.000444 0.000247 0.095339 0.000099 0.105115 0.014466 0.000099 0.066604 0.053866 0.001728 0.000000 0.022168 0.000099 0.000642 0.002864 0.000938 0.538955 0.095142 

MOTIF MEME-35
letter-probability matrix: alength= 20 w= 30 nsites= 761 E= 0.000000
0.247043 0.000000 0.000000 0.005256 0.157687 0.001314 0.063075 0.000000 0.001314 0.000000 0.000000 0.000000 0.000000 0.047306 0.448095 0.005256 0.000000 0.000000 0.000000 0.023653 
0.216820 0.000000 0.042050 0.612352 0.000000 0.002628 0.000000 0.001314 0.026281 0.000000 0.000000 0.000000 0.000000 0.072273 0.007884 0.001314 0.002628 0.014455 0.000000 0.000000 
0.000000 0.000000 0.002628 0.001314 0.000000 0.000000 0.000000 0.005256 0.022339 0.865966 0.001314 0.000000 0.000000 0.093298 0.006570 0.000000 0.000000 0.000000 0.000000 0.001314 
0.000000 0.000000 0.000000 0.001314 0.000000 0.000000 0.000000 0.120894 0.551905 0.139290 0.000000 0.001314 0.000000 0.000000 0.183968 0.000000 0.000000 0.001314 0.000000 0.000000 
0.006570 0.001314 0.001314 0.001314 0.000000 0.001314 0.060447 0.000000 0.357424 0.001314 0.001314 0.030223 0.000000 0.006570 0.526938 0.001314 0.002628 0.000000 0.000000 0.000000 
0.038108 0.000000 0.018397 0.017083 0.000000 0.000000 0.001314 0.000000 0.021025 0.007884 0.000000 0.583443 0.000000 0.076216 0.211564 0.022339 0.001314 0.001314 0.000000 0.000000 
0.741130 0.000000 0.000000 0.000000 0.001314 0.001314 0.000000 0.001314 0.000000 0.009198 0.011827 0.000000 0.000000 0.000000 0.009198 0.001314 0.000000 0.223390 0.000000 0.000000 
0.002628 0.003942 0.000000 0.001314 0.006570 0.017083 0.212878 0.000000 0.000000 0.028909 0.001314 0.001314 0.716163 0.000000 0.000000 0.001314 0.001314 0.005256 0.000000 0.000000 
0.270696 0.000000 0.000000 0.000000 0.000000 0.003942 0.000000 0.000000 0.113009 0.000000 0.000000 0.019711 0.293035 0.002628 0.095926 0.013141 0.028909 0.159001 0.000000 0.000000 
0.002628 0.000000 0.030223 0.003942 0.000000 0.700394 0.005256 0.000000 0.002628 0.001314 0.000000 0.006570 0.001314 0.045992 0.024967 0.005256 0.153745 0.000000 0.006570 0.009198 
0.001316 0.001316 0.000000 0.001316 0.000000 0.000000 0.002632 0.061842 0.002632 0.048684 0.730263 0.000000 0.000000 0.001316 0.000000 0.000000 0.027632 0.121053 0.000000 0.000000 
0.000000 0.000000 0.000000 0.000000 0.000000 0.000000 0.000000 0.000000 0.239474 0.234211 0.503947 0.000000 0.000000 0.001316 0.011842 0.000000 0.006579 0.001316 0.001316 0.000000 
0.000000 0.001314 0.000000 0.000000 0.228647 0.000000 0.000000 0.010512 0.000000 0.013141 0.005256 0.000000 0.000000 0.000000 0.000000 0.000000 0.001314 0.709593 0.030223 0.000000 
0.005256 0.000000 0.000000 0.000000 0.000000 0.000000 0.000000 0.000000 0.000000 0.000000 0.000000 0.017083 0.000000 0.000000 0.000000 0.064389 0.913272 0.000000 0.000000 0.000000 
0.000000 0.002628 0.000000 0.000000 0.000000 0.019711 0.000000 0.000000 0.000000 0.000000 0.000000 0.005256 0.000000 0.000000 0.000000 0.409987 0.562418 0.000000 0.000000 0.000000 
0.002628 0.000000 0.000000 0.000000 0.000000 0.997372 0.000000 0.000000 0.000000 0.000000 0.000000 0.000000 0.000000 0.000000 0.000000 0.000000 0.000000 0.000000 0.000000 0.000000 
0.000000 0.000000 0.000000 1.000000 0.000000 0.000000 0.000000 0.000000 0.000000 0.000000 0.000000 0.000000 0.000000 0.000000 0.000000 0.000000 0.000000 0.000000 0.000000 0.000000 
0.000000 0.000000 0.000000 0.000000 0.000000 0.000000 1.000000 0.000000 0.000000 0.000000 0.000000 0.000000 0.000000 0.000000 0.000000 0.000000 0.000000 0.000000 0.000000 0.000000 
0.000000 0.000000 0.001314 0.576873 0.000000 0.000000 0.419185 0.000000 0.000000 0.000000 0.000000 0.000000 0.000000 0.000000 0.000000 0.000000 0.002628 0.000000 0.000000 0.000000 
0.302234 0.002628 0.001314 0.000000 0.009198 0.419185 0.001314 0.000000 0.000000 0.000000 0.000000 0.000000 0.000000 0.000000 0.000000 0.005256 0.000000 0.000000 0.000000 0.258870 
0.000000 0.000000 0.000000 0.000000 0.000000 0.001314 0.000000 0.000000 0.000000 0.000000 0.000000 0.003942 0.000000 0.000000 0.000000 0.226018 0.768725 0.000000 0.000000 0.000000 
0.000000 0.000000 0.000000 0.000000 0.000000 0.000000 0.000000 0.006570 0.035480 0.413929 0.000000 0.000000 0.000000 0.000000 0.540079 0.000000 0.000000 0.003942 0.000000 0.000000 
0.002628 0.000000 0.000000 0.003942 0.024967 0.000000 0.000000 0.000000 0.000000 0.001314 0.000000 0.000000 0.000000 0.415243 0.000000 0.001314 0.000000 0.000000 0.285151 0.265440 
0.002628 0.000000 0.000000 0.000000 0.000000 0.579501 0.000000 0.000000 0.000000 0.000000 0.000000 0.000000 0.000000 0.000000 0.000000 0.417871 0.000000 0.000000 0.000000 0.000000 
0.000000 0.000000 0.000000 0.000000 0.998686 0.000000 0.001314 0.000000 0.000000 0.000000 0.000000 0.000000 0.000000 0.000000 0.000000 0.000000 0.000000 0.000000 0.000000 0.000000 
0.001314 0.001314 0.000000 0.000000 0.000000 0.000000 0.000000 0.000000 0.019711 0.000000 0.000000 0.000000 0.000000 0.003942 0.973719 0.000000 0.000000 0.000000 0.000000 0.000000 
0.000000 0.000000 0.001316 0.013158 0.000000 0.000000 0.001316 0.000000 0.247368 0.028947 0.264474 0.000000 0.000000 0.019737 0.003947 0.000000 0.419737 0.000000 0.000000 0.000000 
0.000000 0.000000 0.000000 0.000000 0.001314 0.000000 0.000000 0.000000 0.000000 0.998686 0.000000 0.000000 0.000000 0.000000 0.000000 0.000000 0.000000 0.000000 0.000000 0.000000 
0.084100 0.000000 0.000000 0.000000 0.010512 0.000000 0.000000 0.204993 0.000000 0.264126 0.044678 0.000000 0.000000 0.000000 0.000000 0.337714 0.000000 0.053876 0.000000 0.000000 
0.000000 0.000000 0.027595 0.960578 0.000000 0.000000 0.000000 0.000000 0.007884 0.001314 0.000000 0.000000 0.000000 0.000000 0.001314 0.001314 0.000000 0.000000 0.000000 0.000000 

MOTIF MEME-36
letter-probability matrix: alength= 20 w= 30 nsites= 1015 E= 0.000000
0.000000 0.000000 0.209073 0.001972 0.000000 0.449704 0.000000 0.000000 0.000000 0.000000 0.000000 0.095661 0.000000 0.050296 0.000000 0.193294 0.000000 0.000000 0.000000 0.000000 
0.066140 0.000000 0.000000 0.000000 0.000000 0.000000 0.000000 0.199408 0.064166 0.017769 0.000000 0.000000 0.000000 0.314906 0.000000 0.001974 0.006910 0.328727 0.000000 0.000000 
0.001974 0.000000 0.002962 0.000000 0.000000 0.000000 0.000000 0.002962 0.000000 0.458045 0.085884 0.000000 0.435341 0.000000 0.000000 0.000000 0.000000 0.001974 0.002962 0.007897 
0.000000 0.005923 0.000000 0.000000 0.000000 0.000000 0.000000 0.002962 0.000000 0.002962 0.020731 0.000000 0.000000 0.000000 0.000000 0.000000 0.000000 0.967423 0.000000 0.000000 
0.000000 0.000000 0.000000 0.000000 0.000000 0.000987 0.000000 0.328727 0.000000 0.001974 0.000000 0.000000 0.000000 0.000000 0.000000 0.000000 0.000987 0.667325 0.000000 0.000000 
0.000000 0.002962 0.000000 0.000000 0.000000 0.000000 0.000000 0.000000 0.000000 0.000000 0.000000 0.000000 0.996051 0.000000 0.000000 0.000987 0.000000 0.000000 0.000000 0.000000 
0.000000 0.000000 0.000000 0.000000 0.000000 0.000000 0.999013 0.000000 0.000000 0.000000 0.000000 0.000000 0.000000 0.000000 0.000000 0.000000 0.000000 0.000000 0.000000 0.000987 
0.410661 0.000000 0.000000 0.000000 0.000000 0.588351 0.000000 0.000000 0.000000 0.000000 0.000000 0.000000 0.000000 0.000000 0.000000 0.000987 0.000000 0.000000 0.000000 0.000000 
0.000000 0.000000 0.000000 0.000000 0.000000 0.241856 0.000000 0.000000 0.000000 0.000000 0.000000 0.000000 0.000000 0.000000 0.000000 0.758144 0.000000 0.000000 0.000000 0.000000 
0.000000 0.000000 0.000000 0.000000 0.000000 0.209279 0.000000 0.000000 0.000000 0.000000 0.000987 0.000000 0.000000 0.240869 0.000000 0.548865 0.000000 0.000000 0.000000 0.000000 
0.005923 0.000987 0.000000 0.000000 0.000000 0.000000 0.000000 0.006910 0.000000 0.037512 0.202369 0.001974 0.181639 0.000000 0.000000 0.005923 0.005923 0.550839 0.000000 0.000000 
0.000000 0.000000 0.000000 0.000000 0.000987 0.000000 0.241856 0.000000 0.000000 0.000000 0.000000 0.000000 0.000000 0.000000 0.000000 0.000000 0.000000 0.000000 0.000000 0.757157 
0.000000 0.000000 0.000000 0.000000 0.000000 0.002962 0.000000 0.000000 0.000000 0.000000 0.000000 0.241856 0.000000 0.000000 0.000000 0.755183 0.000000 0.000000 0.000000 0.000000 
0.000000 0.000000 0.000000 0.000000 0.011846 0.000000 0.318855 0.000000 0.000000 0.000000 0.000000 0.000000 0.000000 0.000000 0.000000 0.000987 0.000000 0.000000 0.000000 0.668312 
0.000000 0.000000 0.000000 0.000000 0.000000 0.000000 0.991115 0.000000 0.000000 0.000000 0.000000 0.000000 0.000000 0.008885 0.000000 0.000000 0.000000 0.000000 0.000000 0.000000 
0.325765 0.000000 0.000000 0.000000 0.393880 0.000000 0.000000 0.003949 0.000000 0.237907 0.000987 0.000000 0.000000 0.000000 0.000000 0.000000 0.000000 0.010859 0.000000 0.026654 
0.008885 0.001974 0.000000 0.000000 0.000000 0.000000 0.000000 0.016782 0.000000 0.000000 0.000000 0.000000 0.000000 0.027641 0.000000 0.002962 0.227048 0.714709 0.000000 0.000000 
0.054294 0.001974 0.000000 0.000987 0.005923 0.000000 0.000000 0.475814 0.000000 0.011846 0.261599 0.000000 0.000000 0.000000 0.000000 0.000000 0.012833 0.165844 0.000000 0.008885 
0.123396 0.000987 0.000000 0.000000 0.000000 0.000000 0.000000 0.000987 0.000000 0.000000 0.000000 0.000000 0.000000 0.000000 0.000000 0.322804 0.550839 0.000000 0.000000 0.000987 
0.000000 0.000000 0.000000 0.000000 0.334650 0.000000 0.000987 0.000000 0.012833 0.000987 0.000000 0.035538 0.000000 0.187562 0.219151 0.093781 0.111550 0.001974 0.000000 0.000987 
0.029615 0.000000 0.000000 0.000987 0.007897 0.000000 0.205331 0.003949 0.000987 0.104640 0.002962 0.008885 0.103653 0.023692 0.001974 0.019743 0.472853 0.012833 0.000000 0.000000 
0.189536 0.000987 0.000000 0.000000 0.000000 0.000987 0.014808 0.000987 0.000000 0.000000 0.000000 0.787759 0.000000 0.000987 0.000000 0.003949 0.000000 0.000000 0.000000 0.000000 
0.005923 0.079961 0.000000 0.001974 0.000000 0.000000 0.000000 0.000000 0.000000 0.000000 0.000000 0.000000 0.001974 0.000000 0.000000 0.508391 0.401777 0.000000 0.000000 0.000000 
0.000987 0.000000 0.006910 0.001974 0.000000 0.000000 0.000000 0.000000 0.000000 0.000000 0.003949 0.000000 0.984205 0.000987 0.000000 0.000987 0.000000 0.000000 0.000000 0.000000 
0.000000 0.000000 0.000987 0.000000 0.742349 0.000000 0.000000 0.048371 0.000000 0.011846 0.194472 0.000000 0.000000 0.000000 0.000000 0.000000 0.000000 0.001974 0.000000 0.000000 
0.331688 0.021718 0.000000 0.000000 0.000000 0.000987 0.001974 0.000000 0.000000 0.000000 0.000000 0.002962 0.000000 0.163870 0.000000 0.458045 0.015795 0.002962 0.000000 0.000000 
0.000000 0.000000 0.000000 0.999013 0.000000 0.000000 0.000000 0.000000 0.000987 0.000000 0.000000 0.000000 0.000000 0.000000 0.000000 0.000000 0.000000 0.000000 0.000000 0.000000 
0.000000 0.010859 0.000000 0.000000 0.649556 0.000000 0.000987 0.009872 0.000000 0.001974 0.000000 0.000000 0.000000 0.000000 0.000000 0.000000 0.000987 0.000000 0.000000 0.325765 
0.000000 0.000000 0.000000 0.000000 0.241856 0.000000 0.000000 0.029615 0.000000 0.720632 0.000000 0.000000 0.000000 0.000000 0.000000 0.000000 0.000000 0.007897 0.000000 0.000000 
0.180652 0.005923 0.000000 0.000000 0.000000 0.000000 0.000000 0.001974 0.000000 0.000000 0.540967 0.017769 0.242843 0.000987 0.000000 0.001974 0.000000 0.006910 0.000000 0.000000 

MOTIF MEME-37
letter-probability matrix: alength= 20 w= 30 nsites= 754 E= 0.000000
0.001326 0.000000 0.000000 0.000000 0.000000 0.000000 0.000000 0.039788 0.000000 0.132626 0.287798 0.000000 0.000000 0.000000 0.000000 0.000000 0.000000 0.538462 0.000000 0.000000 
0.011936 0.000000 0.000000 0.038462 0.001326 0.000000 0.005305 0.003979 0.006631 0.180371 0.002653 0.000000 0.000000 0.017241 0.424403 0.001326 0.001326 0.303714 0.000000 0.001326 
0.003979 0.000000 0.000000 0.000000 0.000000 0.000000 0.000000 0.000000 0.000000 0.002653 0.000000 0.001326 0.988064 0.000000 0.000000 0.003979 0.000000 0.000000 0.000000 0.000000 
0.002656 0.001328 0.000000 0.000000 0.001328 0.000000 0.000000 0.000000 0.000000 0.000000 0.286853 0.000000 0.001328 0.446215 0.000000 0.013280 0.001328 0.232404 0.000000 0.013280 
0.000000 0.000000 0.000000 0.000000 0.981432 0.000000 0.000000 0.000000 0.000000 0.000000 0.000000 0.000000 0.000000 0.000000 0.000000 0.000000 0.000000 0.000000 0.000000 0.018568 
0.026525 0.000000 0.431034 0.000000 0.001326 0.263926 0.141910 0.000000 0.000000 0.000000 0.000000 0.029178 0.000000 0.002653 0.001326 0.023873 0.059682 0.000000 0.000000 0.018568 
0.000000 0.000000 0.144562 0.005305 0.000000 0.025199 0.000000 0.000000 0.002653 0.001326 0.000000 0.074271 0.733422 0.001326 0.001326 0.010610 0.000000 0.000000 0.000000 0.000000 
0.000000 0.000000 0.000000 0.000000 0.000000 0.000000 0.000000 0.412467 0.000000 0.412467 0.005305 0.000000 0.000000 0.165782 0.000000 0.000000 0.000000 0.003979 0.000000 0.000000 
0.000000 0.000000 0.000000 0.000000 0.263926 0.000000 0.000000 0.001326 0.000000 0.734748 0.000000 0.000000 0.000000 0.000000 0.000000 0.000000 0.000000 0.000000 0.000000 0.000000 
0.000000 0.000000 0.001326 0.006631 0.000000 0.000000 0.000000 0.099469 0.015915 0.763926 0.001326 0.000000 0.010610 0.001326 0.011936 0.003979 0.045093 0.038462 0.000000 0.000000 
0.000000 0.000000 0.415119 0.000000 0.000000 0.204244 0.001326 0.000000 0.001326 0.000000 0.000000 0.377984 0.000000 0.000000 0.000000 0.000000 0.000000 0.000000 0.000000 0.000000 
0.000000 0.000000 0.000000 0.998674 0.000000 0.000000 0.000000 0.000000 0.001326 0.000000 0.000000 0.000000 0.000000 0.000000 0.000000 0.000000 0.000000 0.000000 0.000000 0.000000 
0.001326 0.000000 0.000000 0.000000 0.000000 0.000000 0.000000 0.005305 0.000000 0.002653 0.000000 0.000000 0.969496 0.000000 0.000000 0.000000 0.001326 0.018568 0.000000 0.001326 
0.000000 0.000000 0.000000 0.000000 0.000000 0.000000 0.000000 0.220159 0.000000 0.038462 0.017241 0.000000 0.000000 0.000000 0.000000 0.000000 0.003979 0.720159 0.000000 0.000000 
0.000000 0.000000 0.000000 0.000000 0.000000 0.000000 0.000000 0.000000 0.000000 0.001326 0.000000 0.000000 0.997347 0.000000 0.001326 0.000000 0.000000 0.000000 0.000000 0.000000 
0.001326 0.000000 0.006631 0.111406 0.000000 0.000000 0.010610 0.011936 0.011936 0.007958 0.003979 0.003979 0.000000 0.029178 0.002653 0.021220 0.144562 0.627321 0.000000 0.005305 
0.001326 0.000000 0.017241 0.015915 0.000000 0.026525 0.001326 0.000000 0.161804 0.000000 0.000000 0.698939 0.000000 0.025199 0.046419 0.005305 0.000000 0.000000 0.000000 0.000000 
0.000000 0.000000 0.000000 0.000000 0.000000 1.000000 0.000000 0.000000 0.000000 0.000000 0.000000 0.000000 0.000000 0.000000 0.000000 0.000000 0.000000 0.000000 0.000000 0.000000 
0.000000 0.001326 0.000000 0.001326 0.063660 0.000000 0.002653 0.003979 0.049072 0.000000 0.000000 0.000000 0.000000 0.002653 0.709549 0.002653 0.002653 0.002653 0.001326 0.156499 
0.000000 0.000000 0.000000 0.000000 0.000000 0.000000 0.000000 0.471448 0.000000 0.313413 0.199203 0.000000 0.000000 0.000000 0.000000 0.000000 0.000000 0.015936 0.000000 0.000000 
0.002653 0.000000 0.141910 0.010610 0.000000 0.000000 0.416446 0.000000 0.180371 0.005305 0.000000 0.021220 0.006631 0.001326 0.106101 0.018568 0.087533 0.000000 0.000000 0.001326 
0.090186 0.000000 0.000000 0.000000 0.000000 0.000000 0.000000 0.019894 0.419098 0.123342 0.002653 0.000000 0.001326 0.001326 0.001326 0.006631 0.067639 0.266578 0.000000 0.000000 
0.068966 0.000000 0.022546 0.017241 0.000000 0.009284 0.000000 0.000000 0.021220 0.005305 0.001326 0.006631 0.112732 0.001326 0.001326 0.681698 0.050398 0.000000 0.000000 0.000000 
0.131300 0.002653 0.228117 0.049072 0.000000 0.000000 0.000000 0.021220 0.007958 0.000000 0.003979 0.000000 0.000000 0.033156 0.015915 0.001326 0.022546 0.482759 0.000000 0.000000 
0.023873 0.000000 0.001326 0.009284 0.005305 0.000000 0.000000 0.002653 0.029178 0.814324 0.000000 0.001326 0.000000 0.000000 0.014589 0.001326 0.096817 0.000000 0.000000 0.000000 
0.002653 0.000000 0.810345 0.000000 0.000000 0.001326 0.000000 0.000000 0.000000 0.001326 0.000000 0.006631 0.175066 0.000000 0.000000 0.000000 0.002653 0.000000 0.000000 0.000000 
0.034483 0.000000 0.000000 0.010610 0.000000 0.177719 0.000000 0.000000 0.690981 0.010610 0.000000 0.000000 0.000000 0.033156 0.042440 0.000000 0.000000 0.000000 0.000000 0.000000 
0.001326 0.000000 0.000000 0.000000 0.175066 0.000000 0.000000 0.000000 0.000000 0.002653 0.000000 0.000000 0.818302 0.000000 0.000000 0.000000 0.000000 0.000000 0.002653 0.000000 
0.000000 0.000000 0.000000 0.000000 0.000000 0.993369 0.000000 0.000000 0.000000 0.000000 0.000000 0.000000 0.001326 0.000000 0.000000 0.005305 0.000000 0.000000 0.000000 0.000000 
0.003979 0.000000 0.000000 0.000000 0.819629 0.000000 0.000000 0.000000 0.000000 0.018568 0.000000 0.000000 0.001326 0.000000 0.000000 0.000000 0.000000 0.156499 0.000000 0.000000 

