PROTOTYPE 1
BEGIN
SEGMENT KVVPVAGHDSMLLNLSGAHGPLFTRNILIL
MATRIX K=361 N=1238229 P=0.00000081 S=-9.394639 W=1.000000
50     A     C     D     E     F     G     H     I     K     L     M     N     P     Q     R     S     T     V     W     Y 
 0     3     0    10    15     0     0     2     5    80     2     0     2     0   128    66    15    29     4     0     0 
 1    25     0     0     0     0     0     0    28     0    19     0     0     0     0     0     0     0   289     0     0 
 2     0     1     0     0     0     0     2   221     0     1     0     0     0     0     0     0    65    55     0    16 
 3     0     0     0     0     0     0     0     0     0     1     0     9   350     0     0     1     0     0     0     0 
 4     0     0     0     1     0     0     0    45     1     0     0     0     0     0     0     0     1   313     0     0 
 5   333     0     0     0     0     9     0     0     0    15     0     0     0     0     0     1     2     1     0     0 
 6     0     0     8     0    39   293     0     5     0     1     0     0     0     0     0     0     1    14     0     0 
 7    16     0     0     9     1     1   194     0     6     0     0     0     3    23    72     4     1     5     0    26 
 8     0     0   352     1     0     8     0     0     0     0     0     0     0     0     0     0     0     0     0     0 
 9     1     4     7     0     0    28     0     0     1     1     1     0    53     0     1   264     0     0     0     0 
10     3     0     0     0    11     0     0     1     0     0   288     0    57     0     0     1     0     0     0     0 
11     9     0     0     9     0     1     0     0     0   342     0     0     0     0     0     0     0     0     0     0 
12     0     0     0     0     0     1     0     0     0   270    81     0     8     0     0     0     0     1     0     0 
13     0     0     0     0     1     1     0     1     0     0     0   355     0     0     0     0     3     0     0     0 
14    26     2     1     0     0     0     0    80     0   213     0     0     0     0     0     8    20    11     0     0 
15     9    11     0     1     0    81     0     0     2     0     2     3     0    15     0   225     0    12     0     0 
16     0     0     0     0     0   360     0     0     0     0     0     0     0     0     0     0     0     0     0     0 
17   294     1     0     0     0     5     0    19     0     3     0     0     0     0     0     0     0    38     0     0 
18     0     0     0     0     0     0   352     0     0     0     0     0     0     0     7     0     0     0     0     1 
19   117     0     0    43     0    95     0     0     0     0     0    67     0    21     0    16     0     0     0     1 
20    84     4     0     0     0     0     0     0     0     0     0     1   271     0     0     0     0     0     0     0 
21     2     1     0     0   151     0     2     0     1    15     0     0     0     0     0     0     1     0    37   150 
22    41     0     8     0   292     1     0     0     0     1     0     0     0     0     0     0    15     2     0     0 
23     0     0     0     0     0     0     2     3     0    50     0     0    15     0     0     1   289     0     0     0 
24     0     1     0     0     0     1     0     0     0     8     0     0     0     0   351     0     0     0     0     0 
25     7     2     0     0     0     0     1     7     0    15     0   285     0     0     0    23    18     3     0     0 
26     0     0     0     8     0     0     0   270     0    42     0     0     1     0     0     2     0    38     0     0 
27    10     0     0     1     0     0     0    34     0    35     2     0     0     0     1     0     1   277     0     0 
28     2     0     0    48     0     0     0   185     0     9     0     0     0    10     0     0     2   105     0     0 
29    10     1     0     0     0     0     0   104     0   209     2     0     0     0     0     0     0    35     0     0 
30     0     0     0     0     0     0     0     0     0     0     0     0     0     0     0     0     0     0     0     0 
31     0     0     0     0     0     0     0     0     0     0     0     0     0     0     0     0     0     0     0     0 
32     0     0     0     0     0     0     0     0     0     0     0     0     0     0     0     0     0     0     0     0 
33     0     0     0     0     0     0     0     0     0     0     0     0     0     0     0     0     0     0     0     0 
34     0     0     0     0     0     0     0     0     0     0     0     0     0     0     0     0     0     0     0     0 
35     0     0     0     0     0     0     0     0     0     0     0     0     0     0     0     0     0     0     0     0 
36     0     0     0     0     0     0     0     0     0     0     0     0     0     0     0     0     0     0     0     0 
37     0     0     0     0     0     0     0     0     0     0     0     0     0     0     0     0     0     0     0     0 
38     0     0     0     0     0     0     0     0     0     0     0     0     0     0     0     0     0     0     0     0 
39     0     0     0     0     0     0     0     0     0     0     0     0     0     0     0     0     0     0     0     0 
40     0     0     0     0     0     0     0     0     0     0     0     0     0     0     0     0     0     0     0     0 
41     0     0     0     0     0     0     0     0     0     0     0     0     0     0     0     0     0     0     0     0 
42     0     0     0     0     0     0     0     0     0     0     0     0     0     0     0     0     0     0     0     0 
43     0     0     0     0     0     0     0     0     0     0     0     0     0     0     0     0     0     0     0     0 
44     0     0     0     0     0     0     0     0     0     0     0     0     0     0     0     0     0     0     0     0 
45     0     0     0     0     0     0     0     0     0     0     0     0     0     0     0     0     0     0     0     0 
46     0     0     0     0     0     0     0     0     0     0     0     0     0     0     0     0     0     0     0     0 
47     0     0     0     0     0     0     0     0     0     0     0     0     0     0     0     0     0     0     0     0 
48     0     0     0     0     0     0     0     0     0     0     0     0     0     0     0     0     0     0     0     0 
49     0     0     0     0     0     0     0     0     0     0     0     0     0     0     0     0     0     0     0     0 
END
PROTOTYPE 1
BEGIN
SEGMENT LLINQSIGNYQSLLNKVRNAFADRDVGGRG
MATRIX K=614 N=1238229 P=0.00000081 S=0.287662 W=1.000000
50     A     C     D     E     F     G     H     I     K     L     M     N     P     Q     R     S     T     V     W     Y 
 0    81    10     0     5    10     5    19    11     6   310    46     3     2    57    11     7     8    18     0     5 
 1     1     0     0     0     0     0     0    43     0   292    10     0     0     0     0     0     0   268     0     0 
 2    15     1     0    29     0     0     0   182    29   100     3     0     0     6     8     5    30   206     0     0 
 3     2     1     5     2     0   549     1     3     1     0     0    12     0     3     1    27     7     0     0     0 
 4    35     7     0    13     0     3     9     1   130    56    20     1     0   234    51    25     6    23     0     0 
 5    11     0   147    87     0     7     0     0    31     1     1    48    99     8    14    73    87     0     0     0 
 6    99     0    20     0     4     9     0   146     0   107     3     0    78     0     0    12     2   134     0     0 
 7   103     3    52     7    36   203     1    17     2    56    28     7     0     5    16    35    39     3     0     1 
 8    37     1    62   108     0    10    16     2     7     4     0   163     2    46   123    11    21     1     0     0 
 9     2     3     0     3    57     0    12    75     1   143    16     0    19     0    14     0     4    66    16   183 
10    55     0     4    90     0    20    12     0   108     8     0   202     6    79    19     5     4     2     0     0 
11   146     1     4    16     1    18     9     1   111    10     0   109     6    74    61    22    19     5     0     1 
12    59     4     0     0     0     0     0   134     0   161     4     6     0     1     4     0    47   194     0     0 
13     8     5     1     0    15     4    40     7     2   294    96     6     0     3    28     4    16    83     0     2 
14    82     0    27    25     1    14    13     3    47    32     0    98     1   139    35    23    63     7     2     2 
15    64     1    40    33     2    12     8    28    39    77    15     5     0    86   129    15    37    22     0     1 
16    18     0     0     0     3     0     0   123     0   108   104     4     0     0     0     0     4   249     0     0 
17    24     0    81    24     0    28    85     2    15     0     0    42     0    67   226    15     2     0     0     3 
18    54     1    11    17     0    20    11     3   183     4    19    77     1    57    82    42    29     3     0     0 
19   121    15     0     2     0    79     9    22     8    35     2    32     0    33    24    59   143    29     0     1 
20    36    31     0     0   211     2     0   122     0    51     9    73     0     1     0     5     6    65     0     2 
21   219     1     0    10     1    17     3    30    52     6     2    37    13    92    47    14    14    37     1    18 
22    72     0   181     9     6   222    16     1    10     1     0    24     0     3    23    37     3     5     0     1 
23    91     2     5     1     0    10    27     1     0     3     2   234     6    13   189     9     0    21     0     0 
24    22     0   277     2     5    10    13     0    15     2     2    10    44     5    73    29    89    11     0     5 
25   193     0     3     1   212     3     3     3     1     2     0     2    20     2    12   122    21     5     0     9 
26   316     0    73     7     0   161     1     3    11     2     0     1     4     1     0    22     6     5     0     1 
27     8     0     3     6     0   202     0     0   261     5     0     0     2     0    18    33    72     4     0     0 
28   146    61     0     0    80    15     1     1     0    10     0     5     3     1   204    75     4     8     0     0 
29   261     0     0     0     0   306     0     2     0     8     0     0     1    10     8     3     5    10     0     0 
30     0     0     0     0     0     0     0     0     0     0     0     0     0     0     0     0     0     0     0     0 
31     0     0     0     0     0     0     0     0     0     0     0     0     0     0     0     0     0     0     0     0 
32     0     0     0     0     0     0     0     0     0     0     0     0     0     0     0     0     0     0     0     0 
33     0     0     0     0     0     0     0     0     0     0     0     0     0     0     0     0     0     0     0     0 
34     0     0     0     0     0     0     0     0     0     0     0     0     0     0     0     0     0     0     0     0 
35     0     0     0     0     0     0     0     0     0     0     0     0     0     0     0     0     0     0     0     0 
36     0     0     0     0     0     0     0     0     0     0     0     0     0     0     0     0     0     0     0     0 
37     0     0     0     0     0     0     0     0     0     0     0     0     0     0     0     0     0     0     0     0 
38     0     0     0     0     0     0     0     0     0     0     0     0     0     0     0     0     0     0     0     0 
39     0     0     0     0     0     0     0     0     0     0     0     0     0     0     0     0     0     0     0     0 
40     0     0     0     0     0     0     0     0     0     0     0     0     0     0     0     0     0     0     0     0 
41     0     0     0     0     0     0     0     0     0     0     0     0     0     0     0     0     0     0     0     0 
42     0     0     0     0     0     0     0     0     0     0     0     0     0     0     0     0     0     0     0     0 
43     0     0     0     0     0     0     0     0     0     0     0     0     0     0     0     0     0     0     0     0 
44     0     0     0     0     0     0     0     0     0     0     0     0     0     0     0     0     0     0     0     0 
45     0     0     0     0     0     0     0     0     0     0     0     0     0     0     0     0     0     0     0     0 
46     0     0     0     0     0     0     0     0     0     0     0     0     0     0     0     0     0     0     0     0 
47     0     0     0     0     0     0     0     0     0     0     0     0     0     0     0     0     0     0     0     0 
48     0     0     0     0     0     0     0     0     0     0     0     0     0     0     0     0     0     0     0     0 
49     0     0     0     0     0     0     0     0     0     0     0     0     0     0     0     0     0     0     0     0 
END
PROTOTYPE 1
BEGIN
SEGMENT PESVVALAEAAYDRYGFKDFKLKGGVLRGE
MATRIX K=1369 N=1238229 P=0.00000081 S=0.817764 W=1.000000
50     A     C     D     E     F     G     H     I     K     L     M     N     P     Q     R     S     T     V     W     Y 
 0    66     0   173    91     0    38     5    12     7    22     0    25   317     2    91   220   291     8     0     1 
 1   141     0   255   249    21    44    11    21    20    87     0     8   372    45    11    11    23    38     0    12 
 2   345     0   206   289     5    75     4     7   105    11     4    17    22    61    61    82    51    24     0     0 
 3    89     2   240   143    31    17     8   102   167    39    18    20    25   122    29     4    26   277     0    10 
 4    73     0     5    21    12     0     0   165     1   175   399     6     2    14     2     0    42   452     0     0 
 5   505     5    26    88     8    37     2    18    63    87     8     6     0    21   369    12    19    85     0    10 
 6   150     1    39   299     4    17    13     8    85   289    23    68     0   130   172    41    12     9     1     8 
 7   620     1    55   139     0    27     5    10    31   155     0    47     0   122    48    95     3    10     0     1 
 8   530    45     1   368     2     6     6    73    43    49    38     1     0    30    81    17    25    47     6     1 
 9   416     1    24   120     0     6    20    19   195    47     5     4     0   135   218    76    43    38     0     2 
10   374     1    59   232    22    42     1    28    72    51   151    23     0    51    54   124    67    13     1     3 
11   227     4     3    21    16     7    70    78   127   242    26     1     0   123    63    38    24    45     1   253 
12   154     8   171   209     6     6     8    98    31   167    16     2     0    29    62    21     8   279    75    19 
13   243     0   150   195     4    17    20    13   164    67     6    52     2   105   227    65    27     9     0     3 
14   196     1    81    84     4    25    22     2   128    30    11    34     6   137   209    30    11     0     0   358 
15     2     1     4     2     0  1183     2     0     4     7     1     1     0    11   151     0     0     0     0     0 
16   139    11     0     0   831     0   161    44     0     6     2     1     0     0    11     0     0     7    18   138 
17    34     6    73    21     3    72    39     0   259    16     0   233    23    88   221    66   212     3     0     0 
18   169    94   302     1     5    38    70    92     6   158    10     5     0    50    18    90   149    97     0    15 
19    10     7     0     0   575     0     0   258     0   359     7     0     0     0     0     1     1   147     0     4 
20     0     0     0     0     0     0     0     0  1359     0     0     0     0    10     0     0     0     0     0     0 
21     1     4     0     0    20     1     0   176    12   726   193     0     0     7     0     0     3   218     8     0 
22     0     0     0     0     0     0     0     0  1250     0     0    95     0     0    24     0     0     0     0     0 
23    79     0     0     0    25   395     0   282     0   217     9     0     0     0     0     0    11   351     0     0 
24    16     0   133     0     0  1111     0     0     0     0     0     0     0     0     1    21    87     0     0     0 
25   271     0    55    73    15   122     4    15    79    25     2    51    10    33    99    48    83   359     1    24 
26    45     0   205   148    41    88    69    65    17   313    12    97    48     8   156    44     8     1     0     4 
27   160     1   153    79    10    17    19    42     9   276    19    62   248    27    66    89    19    59     9     5 
28    68    14   108   106    76   307    24   147    50    91     6    16   116    70    14    14    18   122     2     0 
29   160     0   260   385    23    13    16    38    42    72    11    24     9    58    51   130    25     9    18    25 
30     0     0     0     0     0     0     0     0     0     0     0     0     0     0     0     0     0     0     0     0 
31     0     0     0     0     0     0     0     0     0     0     0     0     0     0     0     0     0     0     0     0 
32     0     0     0     0     0     0     0     0     0     0     0     0     0     0     0     0     0     0     0     0 
33     0     0     0     0     0     0     0     0     0     0     0     0     0     0     0     0     0     0     0     0 
34     0     0     0     0     0     0     0     0     0     0     0     0     0     0     0     0     0     0     0     0 
35     0     0     0     0     0     0     0     0     0     0     0     0     0     0     0     0     0     0     0     0 
36     0     0     0     0     0     0     0     0     0     0     0     0     0     0     0     0     0     0     0     0 
37     0     0     0     0     0     0     0     0     0     0     0     0     0     0     0     0     0     0     0     0 
38     0     0     0     0     0     0     0     0     0     0     0     0     0     0     0     0     0     0     0     0 
39     0     0     0     0     0     0     0     0     0     0     0     0     0     0     0     0     0     0     0     0 
40     0     0     0     0     0     0     0     0     0     0     0     0     0     0     0     0     0     0     0     0 
41     0     0     0     0     0     0     0     0     0     0     0     0     0     0     0     0     0     0     0     0 
42     0     0     0     0     0     0     0     0     0     0     0     0     0     0     0     0     0     0     0     0 
43     0     0     0     0     0     0     0     0     0     0     0     0     0     0     0     0     0     0     0     0 
44     0     0     0     0     0     0     0     0     0     0     0     0     0     0     0     0     0     0     0     0 
45     0     0     0     0     0     0     0     0     0     0     0     0     0     0     0     0     0     0     0     0 
46     0     0     0     0     0     0     0     0     0     0     0     0     0     0     0     0     0     0     0     0 
47     0     0     0     0     0     0     0     0     0     0     0     0     0     0     0     0     0     0     0     0 
48     0     0     0     0     0     0     0     0     0     0     0     0     0     0     0     0     0     0     0     0 
49     0     0     0     0     0     0     0     0     0     0     0     0     0     0     0     0     0     0     0     0 
END
PROTOTYPE 1
BEGIN
SEGMENT HVLAYAEDPCGAENGYSGREVMAEFRRSTG
MATRIX K=1800 N=1238229 P=0.00000081 S=-0.637183 W=1.000000
50     A     C     D     E     F     G     H     I     K     L     M     N     P     Q     R     S     T     V     W     Y 
 0     2     6   169     4  1275   200    47    21     3     6     0     7     0     1     2     0     0     5     1    51 
 1    24     6    39     8     6    28     0    26     7    46  1278     0    15     2     2    50    25   236     1     0 
 2    16     0     0     0     2     1     0  1099     0   472     5     0     0     0     0     5     1   199     0     0 
 3   388    12    18   107    10     5     1    40     0   376   367     0     4   150    40    18   133   130     0     0 
 4     3     0     0     0     0     0     1     0     0     0     0     0  1371     0     2     0     0     1     0   422 
 5   368     8    11    13    13     2    18   163     5   118     5    17     1     6     4    15   168   836     2    27 
 6    31     1     5   468     0  1208     0     0    32     0     2    10     0     4     2    31     4     2     0     0 
 7  1243     4   353     0    78     0     0     2     8     4     1     2     1    86    10     1     0     7     0     0 
 8    94     9    87   220     2    15     5     7   190    32     1    14   748    20     9   202   120     6    16     1 
 9    19   373    31     9     0     2     1     0     8     1     0   146     4     3     5   776   409    13     0     0 
10    50     3     0     8  1079   301     0    73     0   139    17     0    41     0    14     4     0    53     0    18 
11   435     3     9    23     3    62    29     1   373    34     3    12    36     7   309   292   158     8     0     3 
12     3     0   123  1442     0     2    24    26     7    34     0     3     0    30    29     1    24    52     0     0 
13  1167     7    42    57     0   197     2     0     1     0     0    63    17   174    16    56     1     0     0     0 
14    34     0     6    64    17   329     0   105     1   690   315     0     0     1    10     7     0   216     0     5 
15    11     1     0    47   201     0     3     0    85    71    55     1     0    84  1119     3     0     2     1   116 
16   216    53     2     8     1     3     0   201    22    33   543     0    13    30     2   328    20    23   237    65 
17    64    98     0    72     0  1412     0    26     0     0     0    21     0    10    12    58     9    18     0     0 
18   741    20     1     0     1     1     0     4     8    50     0     7     0     0   333   326   164   143     0     0 
19    63     0    23  1571     3     4    18     0     6     2     0    23     0     7    74     4     2     0     0     0 
20    31     2     2    24     1     4     0   381    19     4     0     0     0    17    66     3   123  1123     0     0 
21    10     0     1    11   684     9    34     1     4    22   281     1     0     7   108     3     3     4     0   617 
22   338     2     2    11     3     5  1220    16     3    15     0     3     3    57     6    18    49    45     0     4 
23   336    15    38   315     8    30   192    13    29     1     8   258    12    17    23   143   311    39     0    12 
24     7     1     5     5   299     2     4     4     3  1340    22     0     0     0    24     0     7    70     0     7 
25   138     0     0     0     0    33     4     0  1116    37     8     0    85    19   335    17     1     3     4     0 
26   154     0    29    23     0   118     7    42   634    70     1    93     0    16   317   237    20    21     1    17 
27   427     1    12    67     0    26     2   290    11   199     2     8     0    12    22    11    14   693     0     3 
28    75     9     6    29     7     1     3   340     0   919     5     2    19     1     5     0   371     8     0     0 
29    67     0   116    24     0   338   124    22   832    18     2    94     0    31    12    94     8    17     0     1 
30     0     0     0     0     0     0     0     0     0     0     0     0     0     0     0     0     0     0     0     0 
31     0     0     0     0     0     0     0     0     0     0     0     0     0     0     0     0     0     0     0     0 
32     0     0     0     0     0     0     0     0     0     0     0     0     0     0     0     0     0     0     0     0 
33     0     0     0     0     0     0     0     0     0     0     0     0     0     0     0     0     0     0     0     0 
34     0     0     0     0     0     0     0     0     0     0     0     0     0     0     0     0     0     0     0     0 
35     0     0     0     0     0     0     0     0     0     0     0     0     0     0     0     0     0     0     0     0 
36     0     0     0     0     0     0     0     0     0     0     0     0     0     0     0     0     0     0     0     0 
37     0     0     0     0     0     0     0     0     0     0     0     0     0     0     0     0     0     0     0     0 
38     0     0     0     0     0     0     0     0     0     0     0     0     0     0     0     0     0     0     0     0 
39     0     0     0     0     0     0     0     0     0     0     0     0     0     0     0     0     0     0     0     0 
40     0     0     0     0     0     0     0     0     0     0     0     0     0     0     0     0     0     0     0     0 
41     0     0     0     0     0     0     0     0     0     0     0     0     0     0     0     0     0     0     0     0 
42     0     0     0     0     0     0     0     0     0     0     0     0     0     0     0     0     0     0     0     0 
43     0     0     0     0     0     0     0     0     0     0     0     0     0     0     0     0     0     0     0     0 
44     0     0     0     0     0     0     0     0     0     0     0     0     0     0     0     0     0     0     0     0 
45     0     0     0     0     0     0     0     0     0     0     0     0     0     0     0     0     0     0     0     0 
46     0     0     0     0     0     0     0     0     0     0     0     0     0     0     0     0     0     0     0     0 
47     0     0     0     0     0     0     0     0     0     0     0     0     0     0     0     0     0     0     0     0 
48     0     0     0     0     0     0     0     0     0     0     0     0     0     0     0     0     0     0     0     0 
49     0     0     0     0     0     0     0     0     0     0     0     0     0     0     0     0     0     0     0     0 
END
PROTOTYPE 1
BEGIN
SEGMENT SVRVAQMCNEWGLTWGSHSNNHFDISLAMF
MATRIX K=2687 N=1238229 P=0.00000081 S=0.182114 W=1.000000
50     A     C     D     E     F     G     H     I     K     L     M     N     P     Q     R     S     T     V     W     Y 
 0   982    74     1    21    29   113     0   263    27    43    16    27     2    17     3   325   214   515    12     3 
 1   271    31   534   307     8    39    75   129   119   234    23    77     2   158   183    55    69   334    33     6 
 2   157     3    12   221   185     1    49    26   235   306    40     6     3    93   560    20    42    58    44   626 
 3   117     6     1     0    25     0     0   238     1   761    81     0     0    67     2     6    78   412   171   721 
 4  1088    13    22   368     4    91    48   179   240   181    38    68     0    54    41    59    27   159     0     7 
 5   345     3   365   473     2   162    92     8   251     9     4    96     2   426   132   236    64     8     0     9 
 6   179    20     3    32   245    10     3   245    51  1153   270     2     0    74    74     2    40   113   143    28 
 7   888   555     0    10    15    18     0   291     3   133    33     1     0     0     2    40   117   580     1     0 
 8   321     1   362   494     0    90   240     2   364    12     9   198     0   144   215   178    49     4     0     4 
 9   454     0   380   371     3    62    13     8   566    50    33   109    41   212   141   116   114    14     0     0 
10   293    35     0     3   478     1   109     5     5   147    17    27     1    29    47    45     4    18   189  1234 
11     5     2   113     9     0   980     9     0    35     1     0   155  1288    18    24    47     1     0     0     0 
12     1     0     0     0     8     1     0  1330     0   893   124     0     0     0    19     0     0   306     0     5 
13    83    11   114   110    46   180     3   440   184    51    55    18   151    35    28    28   378   726    23    23 
14   136   138     0     0     0     0     0    21     0   270     2     1     3     0     0  1222   124   216   530    24 
15    32    11     0     0    23   356     3  1362     0    69   185     0     0    25     0    59     0   275   109   178 
16     2   168     0  1505     0   152     0   256     1    38    75     1    66     0     0   219     3   198     3     0 
17     3     0  1340   168     0   404   440     0     0     0    50     0     0     0     0   209    73     0     0     0 
18   100   183     0     0    30   794     0     2     0    49     1     0   645     0     0   723   147    12     1     0 
19   187    66     0     0   374    54     4    29     3   694   698   363     0     8     0   144    21    33     0     9 
20   355     0   744     4    29    48    44   184     1   342    69   323    61    54     1   238   102    60     0    28 
21    32     6    54  1694     0     0   358     0     0     0    21     0   162   305     0    54     0     0     0     1 
22    22     3   792   188   300   169    28     8     6   112     6   222     6    38    50   528   132    17     0    60 
23   107     0  1706    18     0   127    56     6    28     0     0   132    48    38    25   348    41     2     0     4 
24    38    19     2     8    92     1    17   556     0   254    14     1     7     0     2     0    21   311  1192   152 
25   337     1   451   566     0   543    71    10    12    20     2    15    13    21     2   554    31     9    28     0 
26   298     3    25     2    16  1025    29   127     5   719     0    32     4     4    29   138   152    79     0     0 
27   569     3     0     1   155    13    76    59     1    42    42    96     0    46     0   122   179    47  1093   143 
28   928     3     8    40    20    12     9    33   517    60   335    19    15   231    92   150   121    93     0     1 
29   394     3    37   131   305   106    84   134   271   333   106    67    47    88    32   260    97    75     0   117 
30     0     0     0     0     0     0     0     0     0     0     0     0     0     0     0     0     0     0     0     0 
31     0     0     0     0     0     0     0     0     0     0     0     0     0     0     0     0     0     0     0     0 
32     0     0     0     0     0     0     0     0     0     0     0     0     0     0     0     0     0     0     0     0 
33     0     0     0     0     0     0     0     0     0     0     0     0     0     0     0     0     0     0     0     0 
34     0     0     0     0     0     0     0     0     0     0     0     0     0     0     0     0     0     0     0     0 
35     0     0     0     0     0     0     0     0     0     0     0     0     0     0     0     0     0     0     0     0 
36     0     0     0     0     0     0     0     0     0     0     0     0     0     0     0     0     0     0     0     0 
37     0     0     0     0     0     0     0     0     0     0     0     0     0     0     0     0     0     0     0     0 
38     0     0     0     0     0     0     0     0     0     0     0     0     0     0     0     0     0     0     0     0 
39     0     0     0     0     0     0     0     0     0     0     0     0     0     0     0     0     0     0     0     0 
40     0     0     0     0     0     0     0     0     0     0     0     0     0     0     0     0     0     0     0     0 
41     0     0     0     0     0     0     0     0     0     0     0     0     0     0     0     0     0     0     0     0 
42     0     0     0     0     0     0     0     0     0     0     0     0     0     0     0     0     0     0     0     0 
43     0     0     0     0     0     0     0     0     0     0     0     0     0     0     0     0     0     0     0     0 
44     0     0     0     0     0     0     0     0     0     0     0     0     0     0     0     0     0     0     0     0 
45     0     0     0     0     0     0     0     0     0     0     0     0     0     0     0     0     0     0     0     0 
46     0     0     0     0     0     0     0     0     0     0     0     0     0     0     0     0     0     0     0     0 
47     0     0     0     0     0     0     0     0     0     0     0     0     0     0     0     0     0     0     0     0 
48     0     0     0     0     0     0     0     0     0     0     0     0     0     0     0     0     0     0     0     0 
49     0     0     0     0     0     0     0     0     0     0     0     0     0     0     0     0     0     0     0     0 
END
PROTOTYPE 1
BEGIN
SEGMENT GVKGYGEASPSFRVNGERVEALLAIENAVR
MATRIX K=2329 N=1238229 P=0.00000081 S=0.386404 W=1.000000
50     A     C     D     E     F     G     H     I     K     L     M     N     P     Q     R     S     T     V     W     Y 
 0   557     0    36    87     0  1108     1     7     0     6     0   343     3    13     1   132    34     1     0     0 
 1    32    11     3    14    31     4   201   152    29   210    19   102   108    22   135     5    23  1225     1     2 
 2    89     3     7   106     1  1307     7   108    86    22     2     3     0    22    40    26   341   150     0     9 
 3    41     1  1313     0     0   967     0     0     0     0     0     1     0     0     0     3     0     0     0     3 
 4     3     0     0  1320    19     0     9    86    17    43     4     0     0    29    71     2    44   290   294    98 
 5    20     0     0     1     0  2296     0     0     0     0     0     0     0     0     0     0    12     0     0     0 
 6    31     1     5   954     1  1321     0     0     0     0     0     1     0     0     0     9     5     0     0     0 
 7   250   236     0     0  1308    46     1   204     0     2     0     0     0     0     0     7     8   198    10    59 
 8  1497    34     0     0     2    33     0     3     0     1     0     1   342     0     3   146   162    97     8     0 
 9    80     1     0     0     0   289     0     4     0     1     6     0  1915     1     0    10    13     9     0     0 
10    53     2   218    12   133   309     6    18    35   200     2   888    23     6    33    87   104    17     1   180 
11    91     1    22   297   151    24     9   376    12   724    17     5   372     9     9    28    10   148    17     7 
12   202     0   128   237    23   232    64     5   325   171    10    65   110   165   264   117    40   136     7    28 
13    10     1    49   153   140   151    11   376     8    42     1   171     0     2     6   684   105    65    14   340 
14   144     2    94    24     1   272    55    22     2    17     0   833    32    14   177   208   323    16     6    87 
15   147    24   138   768     1   171    23    10   277    37     7    50    58   238   185    56    61    69     1     8 
16   241     1   372  1056     2    12     3     3     8     6     0     5    19    33    20   161   368    19     0     0 
17  1092    15    84   134    21   119     4    38     0   322     9     4   106    14     6   105   186    68     1     1 
18   199     9    67   252    45    13    15   204    15  1116    19    18    11    45    16    64    40   130    49     2 
19   234     2   672   625    40    56     2    14    62    26     0    40    41   103    27   266    57    34     0    28 
20   376    34    54   109   131    49    18    63     2   588    33     4    16    42    30   130   182   409     2    57 
21   194    24     2    34     9    16     5  1107    31   353   133     0     1     7    82    19    81    99   113    19 
22   315    11    29   138    25    42    11   215   197   408   139    14   160   174    35   116    73   210     6    11 
23   299     1   154   617    11    26    32    24   130   240    54    35     2   323    84    91   144    46     2    14 
24  1400    15     6    23    13     7     0   194    13   109     6     5     0    43     2   119    44   328     1     0 
25   206    20     8    88     0    36     7  1143    12   215    75    10    15    14    10    29    29   412     0     0 
26   209     5    71   650     4   365    37    81   286   146    10    33     5   151    64   102    57    51     0     2 
27   380     4    93   203     4    40    40    50   720    87    27    69     0   285    88    79    45   105     0    10 
28  1330    21    14    84    37    32    13    28    24    52    16     8   100    61    59    94   142   116    89     9 
29   169    39    17    44    18  1313    19   156    10   185    19     6    87    13    10    34    34   150     0     5 
30     0     0     0     0     0     0     0     0     0     0     0     0     0     0     0     0     0     0     0     0 
31     0     0     0     0     0     0     0     0     0     0     0     0     0     0     0     0     0     0     0     0 
32     0     0     0     0     0     0     0     0     0     0     0     0     0     0     0     0     0     0     0     0 
33     0     0     0     0     0     0     0     0     0     0     0     0     0     0     0     0     0     0     0     0 
34     0     0     0     0     0     0     0     0     0     0     0     0     0     0     0     0     0     0     0     0 
35     0     0     0     0     0     0     0     0     0     0     0     0     0     0     0     0     0     0     0     0 
36     0     0     0     0     0     0     0     0     0     0     0     0     0     0     0     0     0     0     0     0 
37     0     0     0     0     0     0     0     0     0     0     0     0     0     0     0     0     0     0     0     0 
38     0     0     0     0     0     0     0     0     0     0     0     0     0     0     0     0     0     0     0     0 
39     0     0     0     0     0     0     0     0     0     0     0     0     0     0     0     0     0     0     0     0 
40     0     0     0     0     0     0     0     0     0     0     0     0     0     0     0     0     0     0     0     0 
41     0     0     0     0     0     0     0     0     0     0     0     0     0     0     0     0     0     0     0     0 
42     0     0     0     0     0     0     0     0     0     0     0     0     0     0     0     0     0     0     0     0 
43     0     0     0     0     0     0     0     0     0     0     0     0     0     0     0     0     0     0     0     0 
44     0     0     0     0     0     0     0     0     0     0     0     0     0     0     0     0     0     0     0     0 
45     0     0     0     0     0     0     0     0     0     0     0     0     0     0     0     0     0     0     0     0 
46     0     0     0     0     0     0     0     0     0     0     0     0     0     0     0     0     0     0     0     0 
47     0     0     0     0     0     0     0     0     0     0     0     0     0     0     0     0     0     0     0     0 
48     0     0     0     0     0     0     0     0     0     0     0     0     0     0     0     0     0     0     0     0 
49     0     0     0     0     0     0     0     0     0     0     0     0     0     0     0     0     0     0     0     0 
END
PROTOTYPE 1
BEGIN
SEGMENT QVCYLLGGKRDEIETDKTVGIDTVENRVKE
MATRIX K=652 N=1238229 P=0.00000081 S=0.328707 W=1.000000
50     A     C     D     E     F     G     H     I     K     L     M     N     P     Q     R     S     T     V     W     Y 
 0    30     4     1     0     2     1     3    56     6   201     3     0   125    17     5    16     7   153    22     0 
 1    81     0     1     8     6     3    20    11   103   124     1     0    48    22     7    12     8    27    99    71 
 2    78    13    52    38     1    12    19     5    37    28     2    10     7    87    37    23    21    95    17    70 
 3    86     0     8    14     6    12    27    29    42   203    10     7     1    87    44     6    27     4     1    38 
 4    87     3    18     0    33     6     0    66     0   191    11     3   119     7     0    23    13    10    55     7 
 5    11     0    11     3    37   261     2     1     0   280     0    11     4    13     1     5     4     0     4     4 
 6    23     4     3     2    26   271     0    48    18   140     2     0     4     5    13     4    28    52     0     9 
 7    60     0    50    22     0   275     0     3     3     4     0    15    41    10    29    24   107     9     0     0 
 8    83     0     8    29    13    38     8    35    25   108     2    13    57    16    17    21    25    96     4    54 
 9    52     0    19    15     3    29    37     5    46    32    14    17   187    12    88    41    39    12     3     1 
10    66     1    42   101     0    35    19     1    68    18     1    56    45    39   111    24    18     7     0     0 
11   138     7     7    65     4    18    14    17    24    14     8     8    63    39    48    56    95    22     0     5 
12    18    14     0    10    38     0     5   119     0   190    15     0    46     1    29     0     9   158     0     0 
13    42     0    37   108     0     2    16    69     7    21     3     7    60    27    45    31   105    67     0     5 
14     6     0     0     0     0     4     0    69     0     9    15     6     0     0     7    39   412    85     0     0 
15   285     7   131     0     0    15     0     9     0     0     0    12     0     0     0    64    59    63     0     7 
16    34     0    16    69    57     3    38    68     6    15    41     6     4   101    22    10     6    39     3   114 
17    51     0    10    15     0     0     0     0     2     0    15     0     0    24     9    27   465    34     0     0 
18    48    21     0     0     0     0     1   208     0   163     0     0     0     0     0     3     6   202     0     0 
19     5     1    11     0     0   260     0     8     0     0     2     0    21     3     1   242     3    88     0     7 
20    24     1     0     0    12     0     0   292     0   206     0     3     0     2     0     0     2    91     0    19 
21    54     0   181    10     0   171     0     1    16    22     2    58    93    10     3     4     9    17     0     1 
22    60    17    52    85    18     5     2     9     7     4     2     4    44     4     3    81   205    49     0     1 
23    37     0     4     3    19     1     0    29     1    22     0     0   378     3     1     6    21   127     0     0 
24    44    10   109   241     5     7     1     7     8     9     2    13    15    27     1     6     7   140     0     0 
25    83     2    32    82     3    36    18    13    35    15     4    26     1    90    29   106    21    54     0     2 
26    44     0    25     1     0     0     0    11     2    26   395    12     0     0     1   101    11    23     0     0 
27   414     0     6    14     1    31     1    15     9    30     0     0     0     8    62     4     3    53     0     1 
28   138     2    24   105     4     6     7    17    65    92     1    48     0    36    34    26    16    22     1     8 
29    68     0   116   112     0     1     2    10    83    20     0    12     0    71    42   103     6     5     0     1 
30     0     0     0     0     0     0     0     0     0     0     0     0     0     0     0     0     0     0     0     0 
31     0     0     0     0     0     0     0     0     0     0     0     0     0     0     0     0     0     0     0     0 
32     0     0     0     0     0     0     0     0     0     0     0     0     0     0     0     0     0     0     0     0 
33     0     0     0     0     0     0     0     0     0     0     0     0     0     0     0     0     0     0     0     0 
34     0     0     0     0     0     0     0     0     0     0     0     0     0     0     0     0     0     0     0     0 
35     0     0     0     0     0     0     0     0     0     0     0     0     0     0     0     0     0     0     0     0 
36     0     0     0     0     0     0     0     0     0     0     0     0     0     0     0     0     0     0     0     0 
37     0     0     0     0     0     0     0     0     0     0     0     0     0     0     0     0     0     0     0     0 
38     0     0     0     0     0     0     0     0     0     0     0     0     0     0     0     0     0     0     0     0 
39     0     0     0     0     0     0     0     0     0     0     0     0     0     0     0     0     0     0     0     0 
40     0     0     0     0     0     0     0     0     0     0     0     0     0     0     0     0     0     0     0     0 
41     0     0     0     0     0     0     0     0     0     0     0     0     0     0     0     0     0     0     0     0 
42     0     0     0     0     0     0     0     0     0     0     0     0     0     0     0     0     0     0     0     0 
43     0     0     0     0     0     0     0     0     0     0     0     0     0     0     0     0     0     0     0     0 
44     0     0     0     0     0     0     0     0     0     0     0     0     0     0     0     0     0     0     0     0 
45     0     0     0     0     0     0     0     0     0     0     0     0     0     0     0     0     0     0     0     0 
46     0     0     0     0     0     0     0     0     0     0     0     0     0     0     0     0     0     0     0     0 
47     0     0     0     0     0     0     0     0     0     0     0     0     0     0     0     0     0     0     0     0 
48     0     0     0     0     0     0     0     0     0     0     0     0     0     0     0     0     0     0     0     0 
49     0     0     0     0     0     0     0     0     0     0     0     0     0     0     0     0     0     0     0     0 
END
PROTOTYPE 1
BEGIN
SEGMENT IEGLKFVRFHSPFPVAADESARTKFDVMRL
MATRIX K=1286 N=1238229 P=0.00000081 S=0.629670 W=1.000000
50     A     C     D     E     F     G     H     I     K     L     M     N     P     Q     R     S     T     V     W     Y 
 0   108     0    45    52    48   122    21   157    16   195     3    40    45    72    73    11    45    87    91    55 
 1   182    12   272   403     2    58    28     5    44    54     9    24    20    46    33    35    17    38     0     4 
 2   232     1   283   143     2   292    50     7    10    49    21     5     1    10    46    33     9    40     1    51 
 3   148     3    49    49    34    17    74    39     5   411   186    12     1    67    30    30    17    14    10    90 
 4   583     2    35    46     2    29     5    27   140    33     8     3    69    24   158    34    13    71     2     2 
 5   103     1    59   187    22     5    37    38    55   298     4     2     2    70   249    12    26    30    30    56 
 6   116     0     9    80     4     7     0   134    15   545    12     1     0    14    74    11    15   249     0     0 
 7   225    76    32    18    11    41    15    10    93    16    13   135     4    33   234    97   167    50     0    16 
 8   238     0    94   109   118    31    38    63    80    56    13    51    27   122   155    63    13     7     1     7 
 9   103     3    40    52    16    89   112    96   108    66    30    51    32   122   197    72    21    43     1    32 
10    58    15     4     1    74    42   148    45     5    84    12     9    14    22    64   214   284   135     5    51 
11    61     2   189    32     9    74    49    31    21    11     2    48   504    30    33   104    58    20     0     8 
12    42    16     0     0    16    15     3   317    11   272    22     3    21     0     0     0   224   313     0    11 
13   108     0     7     2     0     1     0     4    39    35     1     0   980     1    55    25    12     5    11     0 
14     0     2     0     0    10     0     0   774     0   193    34     0     0     0     5     0     2   266     0     0 
15   620   230     0     0    31     4     0    50     0    46   247     0     0     0     0    31     6    18     0     3 
16   771     0     0     0     5    41     0    34     0   214    14     0     0     0     0     2   162    43     0     0 
17     0     0   939     0     0   347     0     0     0     0     0     0     0     0     0     0     0     0     0     0 
18     0     0     0  1275     0     0     0     0     0     0     0     0     0     0     0    11     0     0     0     0 
19   109     5    24    81     0    32    70    14    18     2    34    43     2     0   162   661    15    12     2     0 
20    69   246     1    24    22     1     1   183     0   377    80     2    11     0     4     4     7   248     6     0 
21    65    10     3    34   255     3   279    94    23    18     5    22    13    63   161    16    91    29     9    93 
22     8    13    76     8     2   199    25     2    67    17     0    78     1     0    88   373   305    23     0     1 
23   180     9     1    27    36     6    32    55    12   123    19     3   143     0   391    73    35   127     0    14 
24   139     0    82   195    73    46    58    20    37    27     4    50    12    83    66   126    39    61   111    57 
25    13     0   712   133     0    60     5     8     1     7     9    73     1    56     1   146    21    40     0     0 
26   286    17     6     6   223    19    34    81     3   265    37     0   133     9    11    11    17   120     1     7 
27   105     0    34    90    92    21    22    43   300   182    19     7    60    19   131    33    32    23     7    66 
28   173     1    66   142     0    46    23     2   114    14    11    79    31   174   318    46    23    12     1    10 
29    67    28     0    18    28     3     3   144    75   612     8     1     5     4     4     2     2   273     1     8 
30     0     0     0     0     0     0     0     0     0     0     0     0     0     0     0     0     0     0     0     0 
31     0     0     0     0     0     0     0     0     0     0     0     0     0     0     0     0     0     0     0     0 
32     0     0     0     0     0     0     0     0     0     0     0     0     0     0     0     0     0     0     0     0 
33     0     0     0     0     0     0     0     0     0     0     0     0     0     0     0     0     0     0     0     0 
34     0     0     0     0     0     0     0     0     0     0     0     0     0     0     0     0     0     0     0     0 
35     0     0     0     0     0     0     0     0     0     0     0     0     0     0     0     0     0     0     0     0 
36     0     0     0     0     0     0     0     0     0     0     0     0     0     0     0     0     0     0     0     0 
37     0     0     0     0     0     0     0     0     0     0     0     0     0     0     0     0     0     0     0     0 
38     0     0     0     0     0     0     0     0     0     0     0     0     0     0     0     0     0     0     0     0 
39     0     0     0     0     0     0     0     0     0     0     0     0     0     0     0     0     0     0     0     0 
40     0     0     0     0     0     0     0     0     0     0     0     0     0     0     0     0     0     0     0     0 
41     0     0     0     0     0     0     0     0     0     0     0     0     0     0     0     0     0     0     0     0 
42     0     0     0     0     0     0     0     0     0     0     0     0     0     0     0     0     0     0     0     0 
43     0     0     0     0     0     0     0     0     0     0     0     0     0     0     0     0     0     0     0     0 
44     0     0     0     0     0     0     0     0     0     0     0     0     0     0     0     0     0     0     0     0 
45     0     0     0     0     0     0     0     0     0     0     0     0     0     0     0     0     0     0     0     0 
46     0     0     0     0     0     0     0     0     0     0     0     0     0     0     0     0     0     0     0     0 
47     0     0     0     0     0     0     0     0     0     0     0     0     0     0     0     0     0     0     0     0 
48     0     0     0     0     0     0     0     0     0     0     0     0     0     0     0     0     0     0     0     0 
49     0     0     0     0     0     0     0     0     0     0     0     0     0     0     0     0     0     0     0     0 
END
PROTOTYPE 1
BEGIN
SEGMENT EFHDLDSHLMLKEEVFRGKFIQDGPRMRVK
MATRIX K=330 N=1238229 P=0.00000081 S=0.884895 W=1.000000
50     A     C     D     E     F     G     H     I     K     L     M     N     P     Q     R     S     T     V     W     Y 
 0    15     1   110     8     1     1    21     2    13     3     4     4     1     3    61    26    51     5     0     0 
 1     3     0     0     0    94     0     3     8    15     9     2     0     2     0    28     0     1    42    36    87 
 2    77     7     0     0    30     0     4    34     0    12     2     2     3     1     0     5    18   130     0     5 
 3     0     0   330     0     0     0     0     0     0     0     0     0     0     0     0     0     0     0     0     0 
 4     0     0     0     0    22     0     0     3     0   295     9     0     0     0     0     0     0     1     0     0 
 5     0     0   328     0     0     0     0     0     0     0     0     2     0     0     0     0     0     0     0     0 
 6    62     0     0     0     0   221     0     0     0     0     0     0     5     0     0    25    17     0     0     0 
 7    42     1     0     0     1     1    37     8     0     0     2    14   200     0     0    16     8     0     0     0 
 8     5     1     1     0    22     0     0     5     0   217     7     6     0     0     0     3    28    27     6     2 
 9     2     0     6     1    14     6     0     2     0   195    29    16     0     0     0     0     1     0    56     2 
10     3    13     0     0     8     2     1    43     0   246     8     0     0     1     0     0     3     2     0     0 
11   150     0     8    15     0    19     1     9    19     4    20     6     0    13    13    37     9     7     0     0 
12    11     1    40    90     4     5    10     1    16     0     0    44     2    24    50    11    12     7     2     0 
13     7     2   266    29     0     0     2     0     1     0     0    10     1     0     2     9     0     1     0     0 
14     8     4     1     0     2     2     0    24     0     8     2     0   137     1    89     5     0    42     0     5 
15    28     0    32    58    48     0     1    20     5     3     0     3     7     4     0    11    21    59    12    18 
16    10     2    26    21     1    35    20     8    25    11     1    14    65     7    14    12    46     9     0     3 
17    17     0     2     1     0   242     0     4     0     2    17     2    17     1     0    23     2     0     0     0 
18    13     0     1     2     4    78     0    19     3   122    13     2     4     0     0     6    21    39     3     0 
19    30     0     9    22    12    13    21    25    12     6     2     2    16     8    36    11    18    49     2    36 
20     7     0     2    12    44    14     3    21     4    21     9     4     1    11     8    24    12    42     5    86 
21    19     2    45    43    16    23     4     9    12    14     3     7    11    17    21    17    16    19     0    32 
22    21     7    67    33     5    44     3     5    18     3     0    39    11     9    13    37    13     1     0     1 
23    18     0    15    19     1   181     1     4    25     0     0     5     0     7     3    47     3     1     0     0 
24    25     1     7    23     2    32     2     9    44    40     6    11     6    15    32    15    24    31     2     3 
25     4     5     4    11     5     5     3    73    15    44    13    24     7     7     6     3     7    89     1     4 
26     8     0    20     7    14     2    29    53     5    57     8     4     0     8    11    12    12    38     6    36 
27    22     5     4     5     6     3     9    14    10    76     3     2    88    15     7     7    29    14     1    10 
28    23     0     7     6    20    15     7    19     5    36     2    19    94     0     2    61     6     8     0     0 
29    34     0    47    42     2    26     0     1    21    13     1    18    37     8     6    32    35     7     0     0 
30     0     0     0     0     0     0     0     0     0     0     0     0     0     0     0     0     0     0     0     0 
31     0     0     0     0     0     0     0     0     0     0     0     0     0     0     0     0     0     0     0     0 
32     0     0     0     0     0     0     0     0     0     0     0     0     0     0     0     0     0     0     0     0 
33     0     0     0     0     0     0     0     0     0     0     0     0     0     0     0     0     0     0     0     0 
34     0     0     0     0     0     0     0     0     0     0     0     0     0     0     0     0     0     0     0     0 
35     0     0     0     0     0     0     0     0     0     0     0     0     0     0     0     0     0     0     0     0 
36     0     0     0     0     0     0     0     0     0     0     0     0     0     0     0     0     0     0     0     0 
37     0     0     0     0     0     0     0     0     0     0     0     0     0     0     0     0     0     0     0     0 
38     0     0     0     0     0     0     0     0     0     0     0     0     0     0     0     0     0     0     0     0 
39     0     0     0     0     0     0     0     0     0     0     0     0     0     0     0     0     0     0     0     0 
40     0     0     0     0     0     0     0     0     0     0     0     0     0     0     0     0     0     0     0     0 
41     0     0     0     0     0     0     0     0     0     0     0     0     0     0     0     0     0     0     0     0 
42     0     0     0     0     0     0     0     0     0     0     0     0     0     0     0     0     0     0     0     0 
43     0     0     0     0     0     0     0     0     0     0     0     0     0     0     0     0     0     0     0     0 
44     0     0     0     0     0     0     0     0     0     0     0     0     0     0     0     0     0     0     0     0 
45     0     0     0     0     0     0     0     0     0     0     0     0     0     0     0     0     0     0     0     0 
46     0     0     0     0     0     0     0     0     0     0     0     0     0     0     0     0     0     0     0     0 
47     0     0     0     0     0     0     0     0     0     0     0     0     0     0     0     0     0     0     0     0 
48     0     0     0     0     0     0     0     0     0     0     0     0     0     0     0     0     0     0     0     0 
49     0     0     0     0     0     0     0     0     0     0     0     0     0     0     0     0     0     0     0     0 
END
