MEME version 4

ALPHABET= ACDEFGHIKLMNPQRSTVWY

Background letter frequencies
A 0.1135 C 0.0104 D 0.0639 E 0.0702 F 0.0298 G 0.0889 H 0.0207 I 0.0613 K 0.0496 L 0.0962 
M 0.0245 N 0.0360 P 0.0427 Q 0.0316 R 0.0508 S 0.0507 T 0.0505 V 0.0702 W 0.0129 
Y 0.0257 

MOTIF MEME-6
letter-probability matrix: alength= 20 w= 30 nsites= 1722 E= 0.000000
0.092915 0.005226 0.020906 0.091173 0.060976 0.100465 0.016260 0.022648 0.027875 0.009292 0.007549 0.148664 0.143438 0.009872 0.003484 0.036005 0.056911 0.110918 0.000000 0.035424 
0.099361 0.002324 0.023823 0.017432 0.020337 0.134224 0.072051 0.001743 0.062754 0.008135 0.005230 0.284718 0.047066 0.017432 0.033120 0.096456 0.032539 0.008716 0.000000 0.032539 
0.362950 0.000000 0.069106 0.088850 0.005226 0.048780 0.009872 0.023229 0.043554 0.042973 0.000581 0.031359 0.047038 0.041812 0.023229 0.034843 0.056911 0.024971 0.000000 0.044715 
0.056330 0.003484 0.005807 0.006388 0.046458 0.003484 0.124855 0.060976 0.150987 0.126016 0.037747 0.049942 0.055168 0.008130 0.078978 0.012195 0.016260 0.055749 0.000581 0.100465 
0.022080 0.012202 0.018594 0.073794 0.002905 0.001743 0.004648 0.167345 0.054619 0.073213 0.004648 0.004648 0.000581 0.050552 0.063916 0.087159 0.103428 0.249274 0.000000 0.004648 
0.022661 0.000000 0.000581 0.001743 0.005811 0.000581 0.002324 0.037769 0.017432 0.692040 0.126671 0.002905 0.000000 0.001162 0.072632 0.000581 0.000581 0.013945 0.000000 0.000581 
0.074913 0.000000 0.004646 0.015679 0.000581 0.001742 0.001161 0.000000 0.018002 0.014518 0.000581 0.034843 0.764808 0.007549 0.035424 0.010453 0.003484 0.008711 0.000000 0.002904 
0.113821 0.006388 0.002323 0.008130 0.000000 0.018002 0.001742 0.015099 0.024390 0.056911 0.005807 0.017422 0.010453 0.020906 0.014518 0.005807 0.074913 0.602207 0.000000 0.001161 
0.009878 0.000581 0.000000 0.000581 0.000581 0.008135 0.031377 0.028472 0.003486 0.028472 0.008135 0.000581 0.801278 0.032539 0.000581 0.008135 0.006973 0.026729 0.000000 0.003486 
0.189425 0.018013 0.000581 0.002905 0.044160 0.020918 0.009297 0.000581 0.005811 0.040093 0.494480 0.005811 0.015107 0.008716 0.006973 0.031377 0.081929 0.012783 0.000581 0.010459 
0.009878 0.005811 0.006392 0.000000 0.193492 0.052295 0.027310 0.018594 0.000581 0.041836 0.481697 0.008135 0.068565 0.008716 0.002324 0.044741 0.020918 0.008716 0.000000 0.000000 
0.002904 0.001742 0.000581 0.000581 0.001161 0.000000 0.000000 0.089431 0.000000 0.007549 0.037166 0.761324 0.000000 0.003484 0.000000 0.000581 0.032520 0.058072 0.000000 0.002904 
0.002323 0.000581 0.000000 0.000000 0.000000 0.016841 0.000581 0.475029 0.049361 0.014518 0.024390 0.000000 0.113240 0.008130 0.010453 0.000000 0.000000 0.284553 0.000000 0.000000 
0.000000 0.000000 0.000000 0.000000 0.013357 0.000000 0.000000 0.587108 0.000000 0.227642 0.005807 0.000000 0.000000 0.000000 0.000000 0.000000 0.000000 0.164925 0.001161 0.000000 
0.172474 0.000000 0.000000 0.000000 0.000000 0.011034 0.000000 0.000000 0.000000 0.000000 0.000000 0.750290 0.000000 0.000000 0.000000 0.025552 0.040650 0.000000 0.000000 0.000000 
0.030197 0.000000 0.000000 0.000000 0.002904 0.781649 0.000000 0.000581 0.000000 0.033101 0.000581 0.000000 0.000000 0.000000 0.000000 0.016841 0.134146 0.000000 0.000000 0.000000 
0.000000 0.000000 0.000000 0.000000 0.000000 0.999419 0.000000 0.000000 0.000000 0.000000 0.000000 0.000000 0.000000 0.000000 0.000000 0.000581 0.000000 0.000000 0.000000 0.000000 
0.228804 0.000581 0.000000 0.380372 0.000000 0.000581 0.000000 0.000000 0.038328 0.007549 0.006388 0.000000 0.000000 0.002904 0.004065 0.292102 0.011034 0.027294 0.000000 0.000000 
0.002904 0.000000 0.000000 0.000000 0.000000 0.000000 0.866434 0.000000 0.000000 0.000581 0.035424 0.000000 0.000000 0.003484 0.089431 0.000000 0.001742 0.000000 0.000000 0.000000 
0.697445 0.042393 0.000581 0.041812 0.000000 0.001161 0.016260 0.004646 0.000000 0.046458 0.045877 0.000581 0.000000 0.000000 0.000000 0.074332 0.004646 0.022067 0.001742 0.000000 
0.059268 0.000581 0.438698 0.001162 0.065078 0.225450 0.019756 0.000000 0.002905 0.000000 0.000581 0.052876 0.007554 0.058106 0.001162 0.014526 0.007554 0.001162 0.000000 0.043579 
0.056330 0.000000 0.005226 0.001161 0.002904 0.029617 0.000000 0.000000 0.000000 0.000000 0.000000 0.657375 0.000000 0.001161 0.007549 0.152729 0.084785 0.000581 0.000581 0.000000 
0.044135 0.000581 0.013357 0.002904 0.000000 0.042973 0.001161 0.000581 0.173635 0.021487 0.000000 0.224739 0.124274 0.002323 0.215447 0.092915 0.034262 0.004065 0.000000 0.001161 
0.002323 0.000000 0.000000 0.000000 0.032520 0.000581 0.002323 0.199768 0.000000 0.292102 0.005807 0.000581 0.000000 0.017422 0.000000 0.002323 0.011614 0.339141 0.069686 0.023810 
0.253775 0.000000 0.547619 0.024390 0.000581 0.046458 0.000581 0.008711 0.002904 0.011034 0.031940 0.011614 0.002323 0.007549 0.000000 0.019744 0.004646 0.026132 0.000000 0.000000 
0.000000 0.001742 0.000581 0.000000 0.470964 0.000000 0.002323 0.242741 0.000000 0.032520 0.174216 0.000000 0.001161 0.000000 0.000000 0.000000 0.006969 0.063298 0.000000 0.003484 
0.002323 0.000000 0.000000 0.000000 0.000581 0.000000 0.000000 0.000000 0.173055 0.000581 0.000000 0.000000 0.000000 0.765389 0.058072 0.000000 0.000000 0.000000 0.000000 0.000000 
0.002323 0.000000 0.018002 0.766551 0.000000 0.000000 0.005226 0.000000 0.013357 0.001161 0.013937 0.005226 0.010453 0.096980 0.042973 0.003484 0.020325 0.000000 0.000000 0.000000 
0.000581 0.004065 0.000000 0.001161 0.767131 0.000581 0.000581 0.016260 0.000000 0.116725 0.007549 0.000000 0.001742 0.000000 0.000000 0.000000 0.000000 0.052265 0.000000 0.031359 
0.005811 0.000000 0.000000 0.000000 0.019175 0.000000 0.000581 0.039512 0.004067 0.174898 0.740267 0.000000 0.000000 0.000000 0.000000 0.011040 0.000000 0.004067 0.000581 0.000000 

MOTIF MEME-10
letter-probability matrix: alength= 20 w= 30 nsites= 1733 E= 0.000000
0.015003 0.000000 0.000577 0.005770 0.000000 0.006924 0.001154 0.004039 0.000000 0.741489 0.000000 0.000000 0.124639 0.000000 0.000577 0.038084 0.046163 0.015580 0.000000 0.000000 
0.245239 0.000000 0.062320 0.116561 0.000000 0.554530 0.000000 0.000000 0.002885 0.000000 0.000000 0.000577 0.001731 0.009233 0.000000 0.006924 0.000000 0.000000 0.000000 0.000000 
0.151183 0.007501 0.000000 0.000000 0.000577 0.020773 0.001154 0.018465 0.027698 0.002308 0.000000 0.000000 0.000000 0.008656 0.017311 0.006347 0.033468 0.704559 0.000000 0.000000 
0.000000 0.000000 0.044432 0.000000 0.000577 0.000000 0.000000 0.044432 0.000000 0.001731 0.000577 0.000000 0.000000 0.000000 0.000000 0.762839 0.000000 0.145413 0.000000 0.000000 
0.008656 0.000000 0.000000 0.000000 0.001731 0.000000 0.000000 0.102712 0.000000 0.521062 0.181766 0.000000 0.000000 0.006347 0.000000 0.000000 0.000000 0.177149 0.000577 0.000000 
0.807848 0.007501 0.002308 0.010387 0.000000 0.002308 0.000000 0.000000 0.003462 0.000577 0.000000 0.001731 0.000000 0.001731 0.151760 0.008656 0.000577 0.001154 0.000000 0.000000 
0.125793 0.038661 0.000000 0.045009 0.000577 0.000000 0.000000 0.031160 0.000000 0.190998 0.001154 0.030583 0.000000 0.033468 0.000000 0.006347 0.047317 0.448932 0.000000 0.000000 
0.837276 0.134449 0.000000 0.000000 0.000000 0.000577 0.000000 0.000000 0.000000 0.007501 0.000577 0.000000 0.000000 0.000000 0.000000 0.013272 0.002308 0.003462 0.000577 0.000000 
0.001154 0.000000 0.000000 0.185805 0.000000 0.000000 0.062897 0.000000 0.441431 0.001154 0.000577 0.006347 0.000000 0.021350 0.271783 0.000577 0.001154 0.002308 0.000577 0.002885 
0.920369 0.001731 0.000000 0.000000 0.000000 0.004616 0.004616 0.000000 0.026544 0.006347 0.000000 0.000000 0.000000 0.004616 0.017311 0.006924 0.005193 0.001731 0.000000 0.000000 
0.635892 0.001731 0.000000 0.001154 0.008656 0.201962 0.001154 0.000577 0.000000 0.004616 0.055972 0.000000 0.000000 0.002308 0.000000 0.063474 0.009810 0.012695 0.000000 0.000000 
0.744374 0.001154 0.000577 0.001731 0.000000 0.000000 0.024812 0.025967 0.008078 0.025967 0.000000 0.000000 0.000000 0.063474 0.002885 0.024235 0.004616 0.004616 0.000000 0.067513 
0.305828 0.001731 0.197923 0.217542 0.002308 0.012695 0.003462 0.011541 0.042123 0.017311 0.008656 0.065782 0.000000 0.047317 0.004616 0.025389 0.014426 0.020773 0.000000 0.000577 
0.199654 0.001154 0.031737 0.189267 0.030006 0.004039 0.020196 0.005770 0.104443 0.041546 0.000000 0.001731 0.000000 0.012695 0.114253 0.159838 0.015003 0.020196 0.000000 0.048471 
0.090017 0.010964 0.000000 0.008078 0.006347 0.002308 0.012118 0.005193 0.258511 0.225620 0.005193 0.005770 0.000000 0.026544 0.062320 0.064628 0.014426 0.009233 0.000000 0.192729 
0.006928 0.001732 0.083141 0.060046 0.000000 0.620092 0.011547 0.000000 0.069861 0.000000 0.000577 0.050808 0.000000 0.013279 0.068129 0.007506 0.005196 0.000577 0.000000 0.000577 
0.010387 0.000000 0.000000 0.004616 0.192152 0.000000 0.044432 0.100981 0.008078 0.294864 0.075014 0.000000 0.000000 0.062320 0.004039 0.000000 0.008656 0.194460 0.000000 0.000000 
0.020196 0.000000 0.005193 0.023658 0.000000 0.002885 0.005770 0.000000 0.073283 0.000000 0.000577 0.083670 0.697057 0.016157 0.038084 0.018465 0.014426 0.000577 0.000000 0.000000 
0.005770 0.000000 0.169648 0.000000 0.003462 0.000000 0.000577 0.019042 0.000000 0.752452 0.000577 0.001154 0.001731 0.000000 0.000000 0.020196 0.015003 0.010387 0.000000 0.000000 
0.000000 0.000577 0.000000 0.000000 0.316792 0.000000 0.006924 0.009810 0.000000 0.000000 0.000000 0.000000 0.000000 0.000000 0.000000 0.000000 0.000000 0.000000 0.033468 0.632429 
0.055395 0.000577 0.001154 0.039815 0.000000 0.000577 0.004039 0.000000 0.343912 0.002308 0.001154 0.015003 0.000000 0.117715 0.384305 0.019042 0.005193 0.009810 0.000000 0.000000 
0.001731 0.000000 0.000000 0.000000 0.021927 0.000000 0.241777 0.000577 0.000000 0.238315 0.000000 0.000000 0.000000 0.000000 0.001731 0.002308 0.001731 0.001154 0.004616 0.484132 
0.000577 0.000000 0.000000 0.000000 0.025389 0.000000 0.000000 0.295441 0.236584 0.339873 0.004616 0.000000 0.000000 0.000000 0.000000 0.000000 0.000000 0.096942 0.000577 0.000000 
0.260819 0.000000 0.000000 0.000577 0.000577 0.642816 0.000577 0.045009 0.002885 0.000000 0.001154 0.012695 0.000000 0.004039 0.001731 0.027121 0.000000 0.000000 0.000000 0.000000 
0.004616 0.000000 0.159838 0.069821 0.000000 0.688979 0.000577 0.000577 0.004039 0.001731 0.000000 0.032891 0.001731 0.013272 0.006924 0.004039 0.009810 0.001154 0.000000 0.000000 
0.098673 0.006924 0.006347 0.006924 0.054241 0.009233 0.000577 0.043278 0.003462 0.269475 0.009233 0.005193 0.091748 0.000577 0.000577 0.042123 0.050779 0.298904 0.000000 0.001731 
0.182920 0.000577 0.020773 0.003462 0.041546 0.048471 0.010387 0.004039 0.010964 0.170802 0.010964 0.341604 0.000577 0.017311 0.036353 0.069244 0.016734 0.002308 0.001154 0.009810 
0.383151 0.001731 0.016157 0.029429 0.000000 0.299481 0.002885 0.002885 0.010387 0.008656 0.000000 0.009233 0.096942 0.011541 0.035199 0.047894 0.037507 0.002885 0.000000 0.004039 
0.011541 0.004039 0.001731 0.008656 0.009233 0.177726 0.131564 0.003462 0.110214 0.036930 0.023658 0.197346 0.030006 0.010387 0.045586 0.028852 0.095788 0.048471 0.000000 0.024812 
0.062356 0.000000 0.046189 0.161085 0.004619 0.005196 0.005196 0.034642 0.075058 0.072748 0.010393 0.020208 0.091224 0.056582 0.039261 0.054850 0.109122 0.148383 0.000000 0.002887 

MOTIF MEME-15
letter-probability matrix: alength= 20 w= 30 nsites= 1027 E= 0.000000
0.011685 0.000000 0.000000 0.000000 0.000000 0.000000 0.000000 0.180136 0.000000 0.001947 0.000000 0.006816 0.000000 0.000000 0.000000 0.000000 0.000000 0.799416 0.000000 0.000000 
0.003895 0.000000 0.006816 0.031159 0.000000 0.002921 0.005842 0.044791 0.020448 0.042843 0.006816 0.792600 0.000000 0.008763 0.010711 0.004869 0.010711 0.005842 0.000974 0.000000 
0.007790 0.000000 0.130477 0.204479 0.000974 0.235638 0.008763 0.001947 0.039922 0.001947 0.000000 0.099318 0.000000 0.003895 0.003895 0.062317 0.185979 0.011685 0.000000 0.000974 
0.036027 0.000000 0.024343 0.277507 0.000974 0.000974 0.002921 0.203505 0.075949 0.021422 0.000000 0.003895 0.083739 0.039922 0.015579 0.005842 0.057449 0.148978 0.000000 0.000974 
0.004869 0.000000 0.000000 0.000000 0.003895 0.000000 0.000000 0.890944 0.000000 0.091529 0.000974 0.000000 0.000000 0.000000 0.000000 0.000000 0.000000 0.007790 0.000000 0.000000 
0.557936 0.009737 0.003895 0.004869 0.049659 0.100292 0.006816 0.000000 0.049659 0.016553 0.000000 0.036027 0.000000 0.016553 0.064265 0.061344 0.005842 0.010711 0.000000 0.005842 
0.038948 0.000000 0.136319 0.266796 0.000000 0.010711 0.025316 0.000000 0.042843 0.000000 0.000000 0.029211 0.364167 0.050633 0.006816 0.014606 0.009737 0.001947 0.000000 0.001947 
0.502434 0.004869 0.004869 0.233690 0.000974 0.000000 0.025316 0.014606 0.058423 0.051607 0.004869 0.020448 0.000000 0.006816 0.007790 0.011685 0.028238 0.023369 0.000000 0.000000 
0.000974 0.000000 0.000000 0.000000 0.000974 0.000000 0.000000 0.234664 0.000000 0.630964 0.000974 0.000000 0.000000 0.000000 0.000000 0.000000 0.000000 0.131451 0.000000 0.000000 
0.031159 0.012658 0.003895 0.045764 0.000000 0.028238 0.008763 0.335930 0.055501 0.137293 0.029211 0.000974 0.000000 0.024343 0.020448 0.022395 0.027264 0.215190 0.000974 0.000000 
0.000974 0.001947 0.020448 0.002921 0.000974 0.956183 0.001947 0.000000 0.003895 0.000974 0.000000 0.007790 0.000000 0.000000 0.000000 0.001947 0.000000 0.000000 0.000000 0.000000 
0.016569 0.006823 0.003899 0.022417 0.090643 0.000000 0.004873 0.037037 0.165692 0.227096 0.217349 0.000975 0.000975 0.028265 0.039961 0.003899 0.011696 0.034113 0.007797 0.079922 
0.006816 0.010711 0.650438 0.128530 0.000974 0.001947 0.003895 0.000000 0.004869 0.000974 0.000974 0.076923 0.008763 0.003895 0.002921 0.090555 0.006816 0.000000 0.000000 0.000000 
0.581305 0.005842 0.000000 0.002921 0.002921 0.012658 0.000000 0.012658 0.000000 0.003895 0.000000 0.000000 0.094450 0.000000 0.000000 0.018500 0.006816 0.252191 0.004869 0.000974 
0.069133 0.007790 0.045764 0.089581 0.100292 0.004869 0.007790 0.036027 0.048685 0.132425 0.006816 0.011685 0.000000 0.008763 0.059396 0.098345 0.229796 0.025316 0.000000 0.017527 
0.034080 0.000000 0.492697 0.227848 0.000000 0.000000 0.001947 0.000000 0.029211 0.002921 0.000974 0.134372 0.000000 0.027264 0.022395 0.019474 0.002921 0.000974 0.002921 0.000000 
0.000974 0.000000 0.000000 0.000000 0.000000 0.000000 0.000000 0.029211 0.000000 0.010711 0.000000 0.000000 0.000974 0.952288 0.000000 0.000000 0.004869 0.000974 0.000000 0.000000 
0.259981 0.001947 0.000974 0.043817 0.002921 0.013632 0.000000 0.046738 0.043817 0.019474 0.008763 0.049659 0.013632 0.037975 0.237585 0.024343 0.058423 0.102240 0.000000 0.034080 
0.286271 0.000974 0.044791 0.117819 0.062317 0.126582 0.019474 0.023369 0.030185 0.126582 0.002921 0.019474 0.000000 0.033106 0.020448 0.017527 0.037001 0.009737 0.000000 0.021422 
0.002921 0.002921 0.000000 0.000000 0.000000 0.000000 0.000000 0.580331 0.000000 0.231743 0.000000 0.000000 0.000000 0.000000 0.000000 0.000000 0.000000 0.182084 0.000000 0.000000 
0.000000 0.000000 0.999026 0.000974 0.000000 0.000000 0.000000 0.000000 0.000000 0.000000 0.000000 0.000000 0.000000 0.000000 0.000000 0.000000 0.000000 0.000000 0.000000 0.000000 
0.099318 0.000000 0.015579 0.090555 0.000974 0.021422 0.036027 0.000000 0.165531 0.014606 0.011685 0.084713 0.000000 0.243427 0.173320 0.014606 0.013632 0.000000 0.000000 0.014606 
0.329114 0.003895 0.000974 0.006816 0.032132 0.000000 0.000000 0.133398 0.062317 0.134372 0.029211 0.000000 0.000000 0.003895 0.053554 0.003895 0.153846 0.040896 0.000000 0.011685 
0.000000 0.000000 0.000000 0.000000 0.000000 0.000000 0.000000 0.004873 0.000000 0.271930 0.723197 0.000000 0.000000 0.000000 0.000000 0.000000 0.000000 0.000000 0.000000 0.000000 
0.000974 0.014606 0.000000 0.000974 0.020448 0.000000 0.000000 0.630964 0.011685 0.176241 0.007790 0.006816 0.000000 0.002921 0.046738 0.000974 0.004869 0.074002 0.000000 0.000000 
0.177215 0.000974 0.288218 0.376826 0.000000 0.003895 0.003895 0.000000 0.055501 0.000974 0.000000 0.018500 0.000000 0.040896 0.004869 0.014606 0.011685 0.000974 0.000000 0.000974 
0.064265 0.002921 0.000000 0.019474 0.003895 0.000000 0.000000 0.040896 0.006816 0.799416 0.004869 0.000000 0.000000 0.024343 0.003895 0.001947 0.020448 0.006816 0.000000 0.000000 
0.000000 0.000000 0.949367 0.000000 0.000000 0.000974 0.000000 0.000000 0.000000 0.048685 0.000000 0.000974 0.000000 0.000000 0.000000 0.000000 0.000000 0.000000 0.000000 0.000000 
0.030185 0.000000 0.050633 0.002921 0.000000 0.907498 0.000000 0.000000 0.000000 0.000000 0.000000 0.004869 0.000974 0.000000 0.000000 0.002921 0.000000 0.000000 0.000000 0.000000 
0.000000 0.000974 0.002921 0.000000 0.000000 0.048685 0.000000 0.000974 0.001947 0.000000 0.000000 0.000000 0.000000 0.000000 0.000000 0.044791 0.899708 0.000000 0.000000 0.000000 

MOTIF MEME-17
letter-probability matrix: alength= 20 w= 30 nsites= 1605 E= 0.000000
0.340187 0.000000 0.007477 0.001869 0.000000 0.330841 0.000000 0.001869 0.000000 0.004361 0.000000 0.207477 0.001246 0.006231 0.000000 0.078505 0.019938 0.000000 0.000000 0.000000 
0.007477 0.000623 0.000000 0.003115 0.016822 0.000623 0.011838 0.067913 0.006231 0.114642 0.009969 0.004984 0.000000 0.001246 0.004361 0.000000 0.006231 0.743925 0.000000 0.000000 
0.009969 0.000000 0.000000 0.003115 0.000000 0.809969 0.002492 0.036137 0.047975 0.002492 0.000000 0.000623 0.000000 0.001246 0.012461 0.005607 0.031776 0.034891 0.000000 0.001246 
0.019938 0.000000 0.814330 0.000000 0.000000 0.162617 0.000000 0.000000 0.000000 0.000000 0.000000 0.001246 0.000000 0.000000 0.000000 0.000000 0.000000 0.000000 0.000000 0.001869 
0.001246 0.000000 0.000000 0.819315 0.004984 0.000000 0.001246 0.014953 0.009969 0.003738 0.001246 0.000000 0.000000 0.017445 0.031153 0.000000 0.026168 0.021807 0.019315 0.027414 
0.000000 0.000000 0.000000 0.000623 0.000000 0.999377 0.000000 0.000000 0.000000 0.000000 0.000000 0.000000 0.000000 0.000000 0.000000 0.000000 0.000000 0.000000 0.000000 0.000000 
0.013716 0.000000 0.000623 0.159601 0.000000 0.818579 0.000000 0.000000 0.000000 0.000000 0.000000 0.000623 0.000000 0.000000 0.000000 0.003741 0.003117 0.000000 0.000000 0.000000 
0.051713 0.119003 0.000000 0.000000 0.749533 0.009346 0.000623 0.000623 0.000000 0.001246 0.000000 0.000000 0.000000 0.000000 0.000000 0.001246 0.000000 0.026791 0.003738 0.036137 
0.831153 0.000000 0.000000 0.000000 0.000623 0.004984 0.000000 0.000000 0.000000 0.000000 0.000000 0.000000 0.019938 0.000000 0.000623 0.007477 0.085981 0.044237 0.004984 0.000000 
0.013707 0.000623 0.000000 0.000000 0.000000 0.000000 0.000000 0.000000 0.000000 0.000000 0.000000 0.000000 0.981931 0.000000 0.000000 0.003115 0.000623 0.000000 0.000000 0.000000 
0.029302 0.001247 0.125312 0.007481 0.000623 0.014963 0.003117 0.000000 0.021820 0.003741 0.001247 0.546758 0.011222 0.003741 0.015586 0.040524 0.058603 0.004364 0.000000 0.110349 
0.044860 0.000623 0.000000 0.010592 0.090343 0.005607 0.004361 0.233022 0.004361 0.429283 0.009969 0.001869 0.089097 0.000000 0.003115 0.003738 0.001246 0.066667 0.000623 0.000623 
0.104673 0.000000 0.056698 0.072274 0.006854 0.063551 0.021184 0.001246 0.125234 0.100935 0.001246 0.036137 0.056075 0.096573 0.143302 0.061059 0.016822 0.034268 0.000000 0.001869 
0.005607 0.000623 0.030530 0.092212 0.001246 0.088474 0.003738 0.042368 0.003115 0.000623 0.000623 0.106542 0.000000 0.001246 0.003738 0.424299 0.056698 0.011215 0.001246 0.125857 
0.082243 0.000000 0.029283 0.003115 0.000000 0.122118 0.029283 0.012461 0.000000 0.002492 0.000000 0.512150 0.018692 0.004984 0.001246 0.022430 0.153894 0.005607 0.000000 0.000000 
0.064798 0.000000 0.041121 0.449844 0.000623 0.064798 0.006854 0.001869 0.122118 0.001246 0.003115 0.023676 0.011838 0.022430 0.092835 0.027414 0.032399 0.030530 0.000623 0.001869 
0.113396 0.000000 0.198131 0.518380 0.000000 0.003738 0.001246 0.001246 0.004361 0.000000 0.000000 0.003115 0.000000 0.016822 0.001246 0.088474 0.043614 0.006231 0.000000 0.000000 
0.658567 0.008100 0.034891 0.016822 0.010592 0.070405 0.000623 0.014953 0.000000 0.023676 0.004984 0.000000 0.064174 0.000623 0.001869 0.029283 0.027414 0.032399 0.000623 0.000000 
0.071651 0.002492 0.024299 0.044860 0.024299 0.007477 0.002492 0.121495 0.004361 0.625545 0.006854 0.001869 0.001869 0.003115 0.000000 0.006231 0.013707 0.033645 0.003115 0.000623 
0.064174 0.000623 0.248598 0.299065 0.024922 0.027414 0.000000 0.006231 0.035514 0.013084 0.000000 0.024299 0.001246 0.056075 0.008723 0.135202 0.021807 0.015576 0.000000 0.017445 
0.044237 0.009969 0.006854 0.007477 0.080374 0.017445 0.003115 0.036760 0.000000 0.359502 0.013084 0.001246 0.000000 0.000623 0.000000 0.052336 0.093458 0.237383 0.001246 0.034891 
0.010592 0.007477 0.000000 0.007477 0.001869 0.000623 0.001246 0.594393 0.001869 0.214953 0.076636 0.000000 0.000623 0.001246 0.001246 0.005607 0.025545 0.047975 0.000623 0.000000 
0.144548 0.006231 0.004984 0.046106 0.001869 0.006854 0.006854 0.122118 0.120249 0.168847 0.083489 0.006231 0.000000 0.053583 0.011838 0.046729 0.038006 0.125857 0.000000 0.005607 
0.097196 0.000623 0.087850 0.366355 0.001246 0.010592 0.005607 0.001869 0.075389 0.016822 0.002492 0.018069 0.000000 0.164486 0.026168 0.028037 0.079751 0.013084 0.000623 0.003738 
0.774314 0.004364 0.001247 0.001870 0.001247 0.003117 0.000000 0.097880 0.004364 0.031172 0.000000 0.000000 0.000000 0.000623 0.000000 0.057357 0.008105 0.014339 0.000000 0.000000 
0.032399 0.004984 0.002492 0.033645 0.000000 0.001869 0.000623 0.679751 0.001246 0.017445 0.046106 0.002492 0.003115 0.007477 0.001246 0.014330 0.007477 0.143302 0.000000 0.000000 
0.115265 0.000623 0.032399 0.390031 0.000000 0.047975 0.019315 0.006231 0.156386 0.021184 0.000623 0.018069 0.001869 0.069782 0.016822 0.057944 0.031776 0.013707 0.000000 0.000000 
0.175701 0.000000 0.034268 0.047975 0.001246 0.016822 0.009346 0.028037 0.384424 0.038006 0.014330 0.038006 0.000000 0.075389 0.039252 0.024299 0.015576 0.055452 0.000000 0.001869 
0.775078 0.008723 0.001246 0.001246 0.006854 0.013707 0.006231 0.007477 0.006231 0.006854 0.002492 0.004361 0.016822 0.008723 0.024922 0.022430 0.024922 0.059813 0.000623 0.001246 
0.019938 0.000000 0.009969 0.023053 0.005607 0.798754 0.009346 0.021184 0.003738 0.013084 0.008100 0.003115 0.048598 0.006854 0.001869 0.014330 0.008100 0.001869 0.000000 0.002492 

MOTIF MEME-18
letter-probability matrix: alength= 20 w= 30 nsites= 1331 E= 0.000000
0.000000 0.000000 0.000000 0.000000 0.000000 0.000000 0.000000 0.000000 0.000000 0.002254 0.000000 0.000751 0.000000 0.000000 0.000000 0.424493 0.572502 0.000000 0.000000 0.000000 
0.000000 0.000000 0.000000 0.000000 0.000751 0.000000 0.000000 0.085650 0.000000 0.650639 0.000000 0.000000 0.003005 0.000000 0.000000 0.000000 0.000000 0.259955 0.000000 0.000000 
0.000000 0.000000 0.000000 0.000000 0.000000 0.000000 0.000000 0.000000 0.003005 0.001503 0.000751 0.000000 0.000000 0.000000 0.000000 0.221638 0.773103 0.000000 0.000000 0.000000 
0.001503 0.000000 0.012772 0.968445 0.000000 0.003005 0.000000 0.000000 0.000751 0.000751 0.000000 0.000000 0.000000 0.009767 0.000751 0.002254 0.000000 0.000000 0.000000 0.000000 
0.078137 0.000000 0.000000 0.000000 0.000000 0.000751 0.000000 0.000000 0.000000 0.000000 0.000000 0.000000 0.000000 0.000000 0.000000 0.226146 0.694966 0.000000 0.000000 0.000000 
0.002254 0.000000 0.000000 0.000000 0.143501 0.000000 0.001503 0.271976 0.004508 0.514651 0.029301 0.000000 0.000000 0.000751 0.005259 0.002254 0.002254 0.018032 0.001503 0.002254 
0.142750 0.000000 0.329076 0.265214 0.000000 0.002254 0.000000 0.000000 0.042074 0.001503 0.000000 0.045079 0.000000 0.146506 0.009767 0.005259 0.009767 0.000000 0.000000 0.000751 
0.870774 0.003757 0.000000 0.000000 0.000751 0.000000 0.000000 0.000751 0.000000 0.000000 0.000000 0.000000 0.000000 0.000000 0.000000 0.012772 0.102179 0.009016 0.000000 0.000000 
0.061608 0.088655 0.000000 0.000000 0.000751 0.000000 0.065364 0.451540 0.000000 0.010518 0.018032 0.002254 0.000000 0.000000 0.000000 0.003005 0.002254 0.294515 0.000000 0.001503 
0.051089 0.000000 0.069121 0.308790 0.000751 0.004508 0.002254 0.000000 0.227648 0.064613 0.000000 0.041322 0.000000 0.060856 0.090909 0.031555 0.035312 0.002254 0.000000 0.009016 
0.009016 0.000751 0.034560 0.002254 0.003757 0.000000 0.000000 0.017280 0.003005 0.408715 0.453794 0.000751 0.000000 0.005259 0.004508 0.001503 0.050338 0.002254 0.000000 0.002254 
0.905334 0.016529 0.000000 0.000000 0.000000 0.008264 0.000000 0.001503 0.000000 0.000000 0.003005 0.000000 0.000000 0.000000 0.000000 0.061608 0.003005 0.000751 0.000000 0.000000 
0.004508 0.000000 0.010518 0.006011 0.025545 0.006011 0.199098 0.003005 0.397446 0.003757 0.003005 0.018783 0.000000 0.220887 0.050338 0.003757 0.025545 0.003757 0.000000 0.018032 
0.081893 0.001503 0.078888 0.090158 0.000751 0.010518 0.029301 0.001503 0.196093 0.004508 0.001503 0.042825 0.000000 0.031555 0.313298 0.096920 0.015026 0.003005 0.000000 0.000751 
0.547368 0.001504 0.016541 0.000752 0.003759 0.003759 0.057143 0.000000 0.006015 0.003008 0.000752 0.284211 0.000000 0.003008 0.006015 0.056391 0.000000 0.002256 0.000000 0.007519 
0.032307 0.000000 0.006762 0.000000 0.000000 0.829452 0.006011 0.000000 0.016529 0.000000 0.001503 0.047333 0.000000 0.002254 0.038317 0.018032 0.001503 0.000000 0.000000 0.000000 
0.000751 0.000000 0.000000 0.000000 0.076634 0.000000 0.000751 0.001503 0.000000 0.009016 0.022539 0.000000 0.000000 0.000751 0.000000 0.000000 0.000000 0.000000 0.280240 0.607814 
0.054095 0.000000 0.006011 0.006011 0.000000 0.265965 0.002254 0.000751 0.057100 0.001503 0.000000 0.015778 0.000000 0.022539 0.065364 0.029301 0.468820 0.003005 0.001503 0.000000 
0.372180 0.083459 0.000000 0.000000 0.000752 0.000000 0.000000 0.021805 0.000000 0.000000 0.000752 0.017293 0.011278 0.003008 0.001504 0.093985 0.184962 0.206767 0.000000 0.002256 
0.000000 0.000000 0.000000 0.003005 0.009767 0.000000 0.000000 0.131480 0.000000 0.000751 0.361382 0.000000 0.000000 0.001503 0.000000 0.000000 0.000000 0.491360 0.000000 0.000751 
0.029301 0.000751 0.000000 0.000000 0.000000 0.000000 0.000000 0.274981 0.000000 0.013524 0.222389 0.000000 0.000000 0.000000 0.000000 0.014275 0.049587 0.395192 0.000000 0.000000 
0.000000 0.000000 0.000000 0.000000 0.000000 0.000000 0.000000 0.000000 0.000000 0.000000 0.000000 0.000000 0.000000 0.000000 0.000000 0.996243 0.000751 0.003005 0.000000 0.000000 
0.012772 0.000000 0.000000 0.003757 0.000000 0.000000 0.983471 0.000000 0.000000 0.000000 0.000000 0.000000 0.000000 0.000000 0.000000 0.000000 0.000000 0.000000 0.000000 0.000000 
0.000000 0.000000 0.000000 0.000000 0.000000 0.000000 0.000751 0.000000 0.000000 0.000000 0.000000 0.000000 0.000000 0.003005 0.996243 0.000000 0.000000 0.000000 0.000000 0.000000 
0.000000 0.000000 0.000000 0.000000 0.000000 0.000000 0.000000 0.000000 0.000000 0.000000 0.000000 0.000000 0.003005 0.000000 0.000751 0.996243 0.000000 0.000000 0.000000 0.000000 
0.002254 0.000000 0.000000 0.000000 0.000000 0.993238 0.000000 0.000000 0.000000 0.000751 0.000000 0.000000 0.000000 0.000000 0.000000 0.000000 0.000000 0.003757 0.000000 0.000000 
0.000000 0.000000 0.001503 0.993238 0.000000 0.000751 0.002254 0.000000 0.001503 0.000000 0.000000 0.000000 0.000000 0.000000 0.000000 0.000751 0.000000 0.000000 0.000000 0.000000 
0.000751 0.000000 0.000000 0.000000 0.000751 0.000000 0.000000 0.000000 0.002254 0.000000 0.000000 0.000751 0.000000 0.000000 0.000000 0.048835 0.946657 0.000000 0.000000 0.000000 
0.011270 0.001503 0.006762 0.939144 0.000000 0.011270 0.000000 0.000751 0.000751 0.000000 0.000751 0.001503 0.005259 0.000000 0.000000 0.003005 0.010518 0.007513 0.000000 0.000000 
0.000000 0.000000 0.989482 0.000751 0.000000 0.000000 0.000000 0.000000 0.000000 0.000000 0.000000 0.006762 0.000000 0.000000 0.000000 0.002254 0.000000 0.000000 0.000000 0.000751 

MOTIF MEME-21
letter-probability matrix: alength= 20 w= 30 nsites= 1679 E= 0.000000
0.000000 0.000000 0.000596 0.000000 0.000000 0.000000 0.000596 0.000596 0.000000 0.000000 0.000000 0.000000 0.998213 0.000000 0.000000 0.000000 0.000000 0.000000 0.000000 0.000000 
0.034544 0.002382 0.002978 0.000596 0.007743 0.000000 0.010721 0.093508 0.002978 0.040500 0.000000 0.214413 0.000000 0.000596 0.001191 0.008934 0.098868 0.474092 0.001191 0.004765 
0.029780 0.000596 0.002382 0.006552 0.000000 0.906492 0.000000 0.000000 0.019059 0.000000 0.001191 0.005956 0.000596 0.001787 0.000000 0.018463 0.005360 0.001787 0.000000 0.000000 
0.883859 0.002978 0.000000 0.000000 0.046456 0.022037 0.000000 0.002382 0.003574 0.002382 0.000596 0.012507 0.000596 0.008338 0.005360 0.002978 0.000000 0.005956 0.000000 0.000000 
0.056052 0.005367 0.050686 0.131187 0.001789 0.008945 0.002982 0.001193 0.112105 0.001193 0.000596 0.008348 0.195587 0.010733 0.004770 0.120453 0.072153 0.002982 0.212880 0.000000 
0.000596 0.009529 0.013699 0.000596 0.006552 0.002382 0.001787 0.000596 0.006552 0.063133 0.000000 0.086361 0.001191 0.000000 0.004765 0.573556 0.228708 0.000000 0.000000 0.000000 
0.001787 0.001787 0.000000 0.004765 0.640262 0.000000 0.000000 0.037522 0.000000 0.241811 0.008934 0.000000 0.002978 0.000000 0.000000 0.000000 0.001191 0.048839 0.000000 0.010125 
0.114949 0.001787 0.081596 0.051221 0.001191 0.005956 0.016677 0.000596 0.241811 0.001787 0.001191 0.041096 0.007147 0.005956 0.191185 0.163788 0.065515 0.004765 0.000000 0.001787 
0.001787 0.000000 0.085765 0.829661 0.000000 0.000000 0.014294 0.000596 0.002978 0.001787 0.000000 0.001191 0.000000 0.019059 0.002978 0.000596 0.038714 0.000596 0.000000 0.000000 
0.839190 0.004169 0.000000 0.000000 0.000000 0.094699 0.000000 0.000000 0.000000 0.000000 0.000000 0.000596 0.000000 0.000596 0.000596 0.059559 0.000596 0.000000 0.000000 0.000000 
0.001787 0.000000 0.000000 0.000000 0.009529 0.000596 0.000000 0.223347 0.001787 0.419893 0.188207 0.000000 0.000000 0.001191 0.001191 0.000000 0.000000 0.149494 0.000000 0.002978 
0.039905 0.001191 0.003574 0.034544 0.010125 0.006552 0.002978 0.000000 0.083979 0.001191 0.002978 0.000596 0.000000 0.053008 0.708160 0.038714 0.004169 0.001787 0.001787 0.004765 
0.063133 0.031566 0.000000 0.000000 0.001191 0.000000 0.000596 0.161406 0.010721 0.136986 0.332341 0.000000 0.000000 0.017272 0.001191 0.010125 0.014890 0.033949 0.141155 0.043478 
0.049434 0.159619 0.000000 0.000000 0.000000 0.717094 0.000000 0.014890 0.000000 0.003574 0.001787 0.011912 0.000000 0.000000 0.000000 0.026802 0.005956 0.008934 0.000000 0.000000 
0.441001 0.011919 0.001192 0.011323 0.000596 0.001788 0.000000 0.000000 0.117998 0.000000 0.000000 0.004768 0.000000 0.001192 0.066746 0.195471 0.102503 0.043504 0.000000 0.000000 
0.014294 0.000000 0.048839 0.765337 0.001787 0.063728 0.007743 0.000000 0.004765 0.010721 0.000000 0.014890 0.008338 0.020846 0.007743 0.000596 0.001191 0.000596 0.000000 0.028588 
0.000000 0.001191 0.000000 0.000000 0.000596 0.000000 0.001191 0.198332 0.014294 0.155450 0.017272 0.000000 0.000000 0.023228 0.000000 0.000596 0.064324 0.523526 0.000000 0.000000 
0.007147 0.000000 0.008934 0.005360 0.405003 0.032758 0.054199 0.001191 0.053008 0.005360 0.000000 0.029184 0.000000 0.012507 0.015485 0.001191 0.001191 0.002978 0.000000 0.364503 
0.019655 0.000000 0.082192 0.005360 0.001787 0.100655 0.740917 0.000000 0.002978 0.001191 0.000000 0.005360 0.001191 0.033353 0.002382 0.001191 0.000000 0.000000 0.000000 0.001787 
0.179273 0.008934 0.011316 0.003574 0.004169 0.001191 0.113758 0.026206 0.011912 0.008934 0.004765 0.150685 0.000000 0.010125 0.008934 0.110780 0.187016 0.151281 0.000000 0.007147 
0.004765 0.000000 0.000000 0.000000 0.000000 0.000000 0.000000 0.004169 0.000000 0.972007 0.002382 0.000000 0.000000 0.000000 0.000000 0.000000 0.000596 0.016081 0.000000 0.000000 
0.194759 0.000000 0.000000 0.023228 0.000000 0.014890 0.002978 0.000000 0.642644 0.000000 0.000596 0.000000 0.002382 0.022037 0.032758 0.015485 0.048243 0.000000 0.000000 0.000000 
0.089934 0.000000 0.011912 0.011316 0.000000 0.061346 0.002978 0.004765 0.368672 0.001191 0.000596 0.054199 0.000000 0.008338 0.012507 0.141751 0.010721 0.005956 0.000000 0.213818 
0.178082 0.002978 0.006552 0.033949 0.000000 0.014890 0.000596 0.166766 0.007147 0.138177 0.002382 0.004765 0.000000 0.005360 0.008934 0.004169 0.007147 0.405599 0.000000 0.012507 
0.016081 0.005360 0.000000 0.213222 0.003574 0.001191 0.000000 0.201310 0.000000 0.541989 0.002382 0.000000 0.000000 0.000000 0.000000 0.000000 0.010125 0.004765 0.000000 0.000000 
0.040500 0.000000 0.245384 0.014294 0.000000 0.007743 0.072067 0.004765 0.494342 0.010125 0.000596 0.023228 0.000000 0.018463 0.005956 0.052412 0.004765 0.004765 0.000000 0.000596 
0.162597 0.000000 0.133413 0.153663 0.000596 0.069684 0.000596 0.000000 0.138177 0.000596 0.000000 0.013103 0.212627 0.011912 0.006552 0.086957 0.008934 0.000596 0.000000 0.000000 
0.072662 0.172126 0.020846 0.018463 0.000000 0.002382 0.010125 0.000000 0.418702 0.004169 0.007743 0.013699 0.000000 0.036927 0.179273 0.005956 0.027993 0.008934 0.000000 0.000000 
0.002382 0.000000 0.010125 0.001191 0.055986 0.687314 0.003574 0.001191 0.013699 0.007147 0.000000 0.031566 0.019655 0.001787 0.001787 0.004765 0.000000 0.000000 0.000000 0.157832 
0.158428 0.000596 0.011316 0.002978 0.013699 0.243597 0.067898 0.006552 0.008934 0.331745 0.038714 0.000596 0.013699 0.020846 0.001191 0.000596 0.004765 0.003574 0.000000 0.070280 

