MEME version 4

ALPHABET= ACDEFGHIKLMNPQRSTVWY

Background letter frequencies
A 0.1135 C 0.0104 D 0.0639 E 0.0702 F 0.0298 G 0.0889 H 0.0207 I 0.0613 K 0.0496 L 0.0962 
M 0.0245 N 0.0360 P 0.0427 Q 0.0316 R 0.0508 S 0.0507 T 0.0505 V 0.0702 W 0.0129 
Y 0.0257 

MOTIF MEME-2
letter-probability matrix: alength= 20 w= 30 nsites= 354 E= 0.000000
0.042373 0.000000 0.002825 0.005650 0.033898 0.000000 0.194915 0.000000 0.000000 0.000000 0.000000 0.000000 0.000000 0.000000 0.005650 0.432203 0.000000 0.000000 0.115819 0.166667 
0.132768 0.000000 0.110169 0.395480 0.000000 0.000000 0.002825 0.002825 0.031073 0.014124 0.000000 0.002825 0.000000 0.245763 0.011299 0.022599 0.025424 0.002825 0.000000 0.000000 
0.000000 0.000000 0.000000 0.000000 0.008475 0.000000 0.000000 0.022599 0.000000 0.889831 0.011299 0.000000 0.000000 0.000000 0.000000 0.000000 0.000000 0.067797 0.000000 0.000000 
0.000000 0.000000 0.000000 0.000000 0.045198 0.005650 0.000000 0.008475 0.000000 0.838983 0.096045 0.000000 0.000000 0.000000 0.000000 0.002825 0.000000 0.000000 0.000000 0.002825 
0.000000 0.000000 0.000000 0.000000 0.000000 1.000000 0.000000 0.000000 0.000000 0.000000 0.000000 0.000000 0.000000 0.000000 0.000000 0.000000 0.000000 0.000000 0.000000 0.000000 
0.000000 0.000000 0.000000 0.000000 0.000000 1.000000 0.000000 0.000000 0.000000 0.000000 0.000000 0.000000 0.000000 0.000000 0.000000 0.000000 0.000000 0.000000 0.000000 0.000000 
0.189266 0.000000 0.000000 0.000000 0.000000 0.000000 0.002825 0.000000 0.166667 0.135593 0.000000 0.005650 0.028249 0.079096 0.367232 0.008475 0.011299 0.005650 0.000000 0.000000 
0.042373 0.045198 0.000000 0.000000 0.005650 0.000000 0.000000 0.033898 0.000000 0.186441 0.002825 0.005650 0.000000 0.005650 0.028249 0.000000 0.053672 0.590395 0.000000 0.000000 
0.005650 0.000000 0.000000 0.000000 0.000000 0.000000 0.036723 0.000000 0.036723 0.000000 0.000000 0.002825 0.000000 0.033898 0.844633 0.002825 0.033898 0.000000 0.000000 0.002825 
0.011299 0.000000 0.652542 0.118644 0.000000 0.000000 0.005650 0.000000 0.019774 0.000000 0.002825 0.115819 0.002825 0.016949 0.000000 0.014124 0.039548 0.000000 0.000000 0.000000 
0.129944 0.000000 0.000000 0.016949 0.000000 0.014124 0.011299 0.000000 0.259887 0.000000 0.000000 0.002825 0.000000 0.005650 0.237288 0.276836 0.042373 0.002825 0.000000 0.000000 
0.002825 0.011299 0.000000 0.000000 0.000000 0.000000 0.000000 0.341808 0.000000 0.347458 0.084746 0.000000 0.000000 0.000000 0.000000 0.000000 0.000000 0.211864 0.000000 0.000000 
0.005650 0.000000 0.048023 0.115819 0.002825 0.002825 0.000000 0.000000 0.242938 0.002825 0.002825 0.000000 0.395480 0.031073 0.144068 0.005650 0.000000 0.000000 0.000000 0.000000 
0.110169 0.028249 0.000000 0.000000 0.045198 0.000000 0.000000 0.022599 0.000000 0.019774 0.022599 0.000000 0.000000 0.000000 0.000000 0.002825 0.036723 0.661017 0.000000 0.050847 
0.228814 0.000000 0.000000 0.000000 0.000000 0.000000 0.000000 0.011299 0.000000 0.180791 0.000000 0.000000 0.000000 0.000000 0.000000 0.084746 0.011299 0.002825 0.000000 0.480226 
0.161017 0.016949 0.000000 0.000000 0.000000 0.031073 0.000000 0.000000 0.000000 0.000000 0.000000 0.002825 0.000000 0.025424 0.022599 0.288136 0.000000 0.000000 0.423729 0.028249 
0.025424 0.000000 0.000000 0.000000 0.000000 0.000000 0.000000 0.000000 0.000000 0.000000 0.000000 0.000000 0.002825 0.000000 0.000000 0.042373 0.372881 0.022599 0.437853 0.096045 
0.000000 0.005650 0.000000 0.000000 0.000000 0.000000 0.000000 0.245763 0.033898 0.522599 0.000000 0.000000 0.000000 0.000000 0.000000 0.000000 0.014124 0.177966 0.000000 0.000000 
0.409605 0.000000 0.000000 0.000000 0.096045 0.451977 0.002825 0.002825 0.000000 0.033898 0.000000 0.000000 0.000000 0.000000 0.000000 0.000000 0.000000 0.002825 0.000000 0.000000 
0.005650 0.000000 0.000000 0.000000 0.002825 0.440678 0.000000 0.000000 0.000000 0.000000 0.000000 0.000000 0.000000 0.000000 0.000000 0.409605 0.002825 0.011299 0.000000 0.127119 
0.008475 0.000000 0.437853 0.002825 0.000000 0.418079 0.000000 0.000000 0.084746 0.005650 0.000000 0.002825 0.000000 0.000000 0.036723 0.002825 0.000000 0.000000 0.000000 0.000000 
0.000000 0.000000 0.372881 0.016949 0.002825 0.000000 0.005650 0.000000 0.011299 0.000000 0.000000 0.045198 0.019774 0.005650 0.395480 0.005650 0.028249 0.002825 0.081921 0.005650 
0.096045 0.000000 0.031073 0.000000 0.000000 0.005650 0.000000 0.005650 0.002825 0.005650 0.000000 0.000000 0.460452 0.000000 0.000000 0.014124 0.370056 0.008475 0.000000 0.000000 
0.432203 0.000000 0.048023 0.158192 0.000000 0.070621 0.002825 0.011299 0.016949 0.025424 0.000000 0.005650 0.000000 0.039548 0.011299 0.163842 0.005650 0.008475 0.000000 0.000000 
0.022599 0.000000 0.307910 0.121469 0.000000 0.005650 0.096045 0.000000 0.223164 0.005650 0.000000 0.005650 0.000000 0.042373 0.146893 0.005650 0.008475 0.008475 0.000000 0.000000 
0.028249 0.000000 0.389831 0.039548 0.000000 0.000000 0.000000 0.050847 0.000000 0.008475 0.000000 0.000000 0.090395 0.000000 0.000000 0.000000 0.067797 0.324859 0.000000 0.000000 
0.209040 0.000000 0.008475 0.050847 0.002825 0.093220 0.000000 0.516949 0.005650 0.033898 0.031073 0.000000 0.002825 0.000000 0.000000 0.008475 0.000000 0.036723 0.000000 0.000000 
0.389831 0.000000 0.144068 0.175141 0.000000 0.039548 0.008475 0.000000 0.016949 0.022599 0.002825 0.045198 0.000000 0.067797 0.053672 0.014124 0.005650 0.014124 0.000000 0.000000 
0.172316 0.000000 0.039548 0.446328 0.000000 0.144068 0.008475 0.008475 0.000000 0.011299 0.002825 0.042373 0.002825 0.070621 0.008475 0.008475 0.000000 0.033898 0.000000 0.000000 
0.669492 0.000000 0.008475 0.045198 0.000000 0.073446 0.000000 0.138418 0.000000 0.000000 0.011299 0.000000 0.031073 0.000000 0.002825 0.005650 0.002825 0.011299 0.000000 0.000000 

MOTIF MEME-13
letter-probability matrix: alength= 20 w= 30 nsites= 802 E= 0.000000
0.000000 0.000000 0.000000 0.998753 0.000000 0.000000 0.000000 0.000000 0.000000 0.000000 0.000000 0.000000 0.000000 0.000000 0.000000 0.000000 0.000000 0.001247 0.000000 0.000000 
0.112219 0.006234 0.000000 0.000000 0.001247 0.036160 0.179551 0.017456 0.000000 0.001247 0.112219 0.034913 0.000000 0.006234 0.190773 0.254364 0.014963 0.013716 0.018703 0.000000 
0.028678 0.144638 0.000000 0.088529 0.021197 0.002494 0.000000 0.103491 0.000000 0.291771 0.103491 0.002494 0.000000 0.000000 0.007481 0.002494 0.008728 0.185786 0.008728 0.000000 
0.093516 0.012469 0.001247 0.041147 0.260599 0.002494 0.105985 0.003741 0.024938 0.003741 0.006234 0.042394 0.001247 0.140898 0.032419 0.011222 0.078554 0.002494 0.006234 0.128429 
0.002494 0.013716 0.026185 0.001247 0.000000 0.134663 0.000000 0.000000 0.000000 0.000000 0.000000 0.199501 0.000000 0.000000 0.017456 0.397756 0.201995 0.004988 0.000000 0.000000 
0.079800 0.003741 0.002494 0.000000 0.029925 0.003741 0.013716 0.037406 0.017456 0.062344 0.001247 0.000000 0.165835 0.001247 0.428928 0.041147 0.011222 0.081047 0.001247 0.017456 
0.061097 0.000000 0.043641 0.104738 0.073566 0.001247 0.066085 0.069825 0.022444 0.017456 0.003741 0.008728 0.001247 0.046135 0.073566 0.026185 0.016209 0.123441 0.165835 0.074813 
0.001247 0.000000 0.450125 0.150873 0.000000 0.112219 0.001247 0.018703 0.000000 0.023691 0.067332 0.004988 0.000000 0.029925 0.000000 0.072319 0.007481 0.058603 0.000000 0.001247 
0.305486 0.019950 0.000000 0.001247 0.440150 0.023691 0.041147 0.023691 0.000000 0.017456 0.043641 0.001247 0.000000 0.007481 0.000000 0.004988 0.011222 0.052369 0.000000 0.006234 
0.016209 0.000000 0.001247 0.041147 0.109726 0.007481 0.004988 0.017456 0.416459 0.096010 0.016209 0.000000 0.000000 0.014963 0.163342 0.000000 0.002494 0.014963 0.007481 0.069825 
0.042394 0.001247 0.058603 0.100998 0.001247 0.004988 0.024938 0.001247 0.094763 0.008728 0.032419 0.037406 0.021197 0.285536 0.223192 0.024938 0.011222 0.011222 0.001247 0.012469 
0.054863 0.000000 0.000000 0.000000 0.112219 0.003741 0.001247 0.147132 0.000000 0.472569 0.016209 0.000000 0.004988 0.002494 0.000000 0.001247 0.000000 0.170823 0.000000 0.012469 
0.193267 0.001247 0.000000 0.000000 0.038653 0.000000 0.002494 0.243142 0.000000 0.406484 0.021197 0.000000 0.000000 0.000000 0.000000 0.000000 0.008728 0.081047 0.000000 0.003741 
0.104738 0.009975 0.051122 0.223192 0.000000 0.001247 0.008728 0.001247 0.120948 0.024938 0.032419 0.011222 0.000000 0.239401 0.099751 0.054863 0.016209 0.000000 0.000000 0.000000 
0.223192 0.001247 0.079800 0.113466 0.001247 0.108479 0.019950 0.016209 0.031172 0.052369 0.058603 0.062344 0.000000 0.053616 0.084788 0.037406 0.032419 0.017456 0.003741 0.002494 
0.034913 0.001247 0.041147 0.044888 0.000000 0.460100 0.058603 0.000000 0.043641 0.000000 0.000000 0.066085 0.000000 0.071072 0.162095 0.014963 0.001247 0.000000 0.000000 0.000000 
0.500000 0.059850 0.004988 0.001247 0.026185 0.145885 0.001247 0.003741 0.006234 0.034913 0.007481 0.027431 0.000000 0.000000 0.002494 0.082294 0.009975 0.011222 0.000000 0.074813 
0.310474 0.100998 0.000000 0.000000 0.002494 0.017456 0.000000 0.170823 0.000000 0.088529 0.004988 0.000000 0.000000 0.000000 0.000000 0.038653 0.021197 0.244389 0.000000 0.000000 
0.033666 0.000000 0.728180 0.002494 0.000000 0.041147 0.029925 0.000000 0.004988 0.000000 0.000000 0.009975 0.006234 0.016209 0.017456 0.105985 0.003741 0.000000 0.000000 0.000000 
0.036160 0.000000 0.000000 0.000000 0.066085 0.007481 0.002494 0.335411 0.029925 0.103491 0.032419 0.000000 0.000000 0.000000 0.000000 0.006234 0.002494 0.317955 0.000000 0.059850 
0.009975 0.039900 0.000000 0.000000 0.150873 0.000000 0.000000 0.375312 0.000000 0.152120 0.009975 0.000000 0.000000 0.000000 0.000000 0.000000 0.000000 0.240648 0.001247 0.019950 
0.184539 0.000000 0.000000 0.000000 0.000000 0.000000 0.000000 0.000000 0.000000 0.000000 0.008728 0.225686 0.000000 0.537406 0.022444 0.018703 0.000000 0.002494 0.000000 0.000000 
0.014963 0.001247 0.000000 0.000000 0.000000 0.000000 0.000000 0.372818 0.000000 0.138404 0.004988 0.000000 0.342893 0.000000 0.000000 0.001247 0.006234 0.087282 0.000000 0.029925 
0.000000 0.000000 0.546135 0.000000 0.000000 0.000000 0.000000 0.000000 0.432668 0.000000 0.000000 0.000000 0.000000 0.000000 0.000000 0.000000 0.021197 0.000000 0.000000 0.000000 
0.209476 0.001247 0.000000 0.000000 0.008728 0.000000 0.000000 0.193267 0.000000 0.337905 0.004988 0.000000 0.021197 0.000000 0.000000 0.043641 0.059850 0.119701 0.000000 0.000000 
0.230673 0.122195 0.000000 0.049875 0.000000 0.053616 0.000000 0.000000 0.000000 0.003741 0.180798 0.034913 0.076060 0.001247 0.000000 0.189526 0.026185 0.029925 0.000000 0.001247 
0.000000 0.000000 0.018703 0.000000 0.000000 0.008728 0.203242 0.000000 0.305486 0.003741 0.000000 0.019950 0.000000 0.088529 0.279302 0.000000 0.000000 0.012469 0.059850 0.000000 
0.220698 0.159601 0.000000 0.000000 0.001247 0.002494 0.014963 0.016209 0.000000 0.110973 0.036160 0.033666 0.000000 0.000000 0.000000 0.149626 0.036160 0.218204 0.000000 0.000000 
0.043641 0.000000 0.001247 0.000000 0.000000 0.948878 0.000000 0.000000 0.000000 0.000000 0.000000 0.000000 0.000000 0.000000 0.000000 0.006234 0.000000 0.000000 0.000000 0.000000 
0.000000 0.000000 0.001247 0.000000 0.000000 0.963840 0.000000 0.006234 0.000000 0.004988 0.000000 0.000000 0.000000 0.000000 0.000000 0.008728 0.000000 0.014963 0.000000 0.000000 

MOTIF MEME-15
letter-probability matrix: alength= 20 w= 30 nsites= 1027 E= 0.000000
0.011685 0.000000 0.000000 0.000000 0.000000 0.000000 0.000000 0.180136 0.000000 0.001947 0.000000 0.006816 0.000000 0.000000 0.000000 0.000000 0.000000 0.799416 0.000000 0.000000 
0.003895 0.000000 0.006816 0.031159 0.000000 0.002921 0.005842 0.044791 0.020448 0.042843 0.006816 0.792600 0.000000 0.008763 0.010711 0.004869 0.010711 0.005842 0.000974 0.000000 
0.007790 0.000000 0.130477 0.204479 0.000974 0.235638 0.008763 0.001947 0.039922 0.001947 0.000000 0.099318 0.000000 0.003895 0.003895 0.062317 0.185979 0.011685 0.000000 0.000974 
0.036027 0.000000 0.024343 0.277507 0.000974 0.000974 0.002921 0.203505 0.075949 0.021422 0.000000 0.003895 0.083739 0.039922 0.015579 0.005842 0.057449 0.148978 0.000000 0.000974 
0.004869 0.000000 0.000000 0.000000 0.003895 0.000000 0.000000 0.890944 0.000000 0.091529 0.000974 0.000000 0.000000 0.000000 0.000000 0.000000 0.000000 0.007790 0.000000 0.000000 
0.557936 0.009737 0.003895 0.004869 0.049659 0.100292 0.006816 0.000000 0.049659 0.016553 0.000000 0.036027 0.000000 0.016553 0.064265 0.061344 0.005842 0.010711 0.000000 0.005842 
0.038948 0.000000 0.136319 0.266796 0.000000 0.010711 0.025316 0.000000 0.042843 0.000000 0.000000 0.029211 0.364167 0.050633 0.006816 0.014606 0.009737 0.001947 0.000000 0.001947 
0.502434 0.004869 0.004869 0.233690 0.000974 0.000000 0.025316 0.014606 0.058423 0.051607 0.004869 0.020448 0.000000 0.006816 0.007790 0.011685 0.028238 0.023369 0.000000 0.000000 
0.000974 0.000000 0.000000 0.000000 0.000974 0.000000 0.000000 0.234664 0.000000 0.630964 0.000974 0.000000 0.000000 0.000000 0.000000 0.000000 0.000000 0.131451 0.000000 0.000000 
0.031159 0.012658 0.003895 0.045764 0.000000 0.028238 0.008763 0.335930 0.055501 0.137293 0.029211 0.000974 0.000000 0.024343 0.020448 0.022395 0.027264 0.215190 0.000974 0.000000 
0.000974 0.001947 0.020448 0.002921 0.000974 0.956183 0.001947 0.000000 0.003895 0.000974 0.000000 0.007790 0.000000 0.000000 0.000000 0.001947 0.000000 0.000000 0.000000 0.000000 
0.016569 0.006823 0.003899 0.022417 0.090643 0.000000 0.004873 0.037037 0.165692 0.227096 0.217349 0.000975 0.000975 0.028265 0.039961 0.003899 0.011696 0.034113 0.007797 0.079922 
0.006816 0.010711 0.650438 0.128530 0.000974 0.001947 0.003895 0.000000 0.004869 0.000974 0.000974 0.076923 0.008763 0.003895 0.002921 0.090555 0.006816 0.000000 0.000000 0.000000 
0.581305 0.005842 0.000000 0.002921 0.002921 0.012658 0.000000 0.012658 0.000000 0.003895 0.000000 0.000000 0.094450 0.000000 0.000000 0.018500 0.006816 0.252191 0.004869 0.000974 
0.069133 0.007790 0.045764 0.089581 0.100292 0.004869 0.007790 0.036027 0.048685 0.132425 0.006816 0.011685 0.000000 0.008763 0.059396 0.098345 0.229796 0.025316 0.000000 0.017527 
0.034080 0.000000 0.492697 0.227848 0.000000 0.000000 0.001947 0.000000 0.029211 0.002921 0.000974 0.134372 0.000000 0.027264 0.022395 0.019474 0.002921 0.000974 0.002921 0.000000 
0.000974 0.000000 0.000000 0.000000 0.000000 0.000000 0.000000 0.029211 0.000000 0.010711 0.000000 0.000000 0.000974 0.952288 0.000000 0.000000 0.004869 0.000974 0.000000 0.000000 
0.259981 0.001947 0.000974 0.043817 0.002921 0.013632 0.000000 0.046738 0.043817 0.019474 0.008763 0.049659 0.013632 0.037975 0.237585 0.024343 0.058423 0.102240 0.000000 0.034080 
0.286271 0.000974 0.044791 0.117819 0.062317 0.126582 0.019474 0.023369 0.030185 0.126582 0.002921 0.019474 0.000000 0.033106 0.020448 0.017527 0.037001 0.009737 0.000000 0.021422 
0.002921 0.002921 0.000000 0.000000 0.000000 0.000000 0.000000 0.580331 0.000000 0.231743 0.000000 0.000000 0.000000 0.000000 0.000000 0.000000 0.000000 0.182084 0.000000 0.000000 
0.000000 0.000000 0.999026 0.000974 0.000000 0.000000 0.000000 0.000000 0.000000 0.000000 0.000000 0.000000 0.000000 0.000000 0.000000 0.000000 0.000000 0.000000 0.000000 0.000000 
0.099318 0.000000 0.015579 0.090555 0.000974 0.021422 0.036027 0.000000 0.165531 0.014606 0.011685 0.084713 0.000000 0.243427 0.173320 0.014606 0.013632 0.000000 0.000000 0.014606 
0.329114 0.003895 0.000974 0.006816 0.032132 0.000000 0.000000 0.133398 0.062317 0.134372 0.029211 0.000000 0.000000 0.003895 0.053554 0.003895 0.153846 0.040896 0.000000 0.011685 
0.000000 0.000000 0.000000 0.000000 0.000000 0.000000 0.000000 0.004873 0.000000 0.271930 0.723197 0.000000 0.000000 0.000000 0.000000 0.000000 0.000000 0.000000 0.000000 0.000000 
0.000974 0.014606 0.000000 0.000974 0.020448 0.000000 0.000000 0.630964 0.011685 0.176241 0.007790 0.006816 0.000000 0.002921 0.046738 0.000974 0.004869 0.074002 0.000000 0.000000 
0.177215 0.000974 0.288218 0.376826 0.000000 0.003895 0.003895 0.000000 0.055501 0.000974 0.000000 0.018500 0.000000 0.040896 0.004869 0.014606 0.011685 0.000974 0.000000 0.000974 
0.064265 0.002921 0.000000 0.019474 0.003895 0.000000 0.000000 0.040896 0.006816 0.799416 0.004869 0.000000 0.000000 0.024343 0.003895 0.001947 0.020448 0.006816 0.000000 0.000000 
0.000000 0.000000 0.949367 0.000000 0.000000 0.000974 0.000000 0.000000 0.000000 0.048685 0.000000 0.000974 0.000000 0.000000 0.000000 0.000000 0.000000 0.000000 0.000000 0.000000 
0.030185 0.000000 0.050633 0.002921 0.000000 0.907498 0.000000 0.000000 0.000000 0.000000 0.000000 0.004869 0.000974 0.000000 0.000000 0.002921 0.000000 0.000000 0.000000 0.000000 
0.000000 0.000974 0.002921 0.000000 0.000000 0.048685 0.000000 0.000974 0.001947 0.000000 0.000000 0.000000 0.000000 0.000000 0.000000 0.044791 0.899708 0.000000 0.000000 0.000000 

