MEME version 4

ALPHABET= ACDEFGHIKLMNPQRSTVWY

Background letter frequencies
A 0.1135 C 0.0104 D 0.0639 E 0.0702 F 0.0298 G 0.0889 H 0.0207 I 0.0613 K 0.0496 L 0.0962 
M 0.0245 N 0.0360 P 0.0427 Q 0.0316 R 0.0508 S 0.0507 T 0.0505 V 0.0702 W 0.0129 
Y 0.0257 

MOTIF MEME-2
letter-probability matrix: alength= 20 w= 30 nsites= 354 E= 0.000000
0.042373 0.000000 0.002825 0.005650 0.033898 0.000000 0.194915 0.000000 0.000000 0.000000 0.000000 0.000000 0.000000 0.000000 0.005650 0.432203 0.000000 0.000000 0.115819 0.166667 
0.132768 0.000000 0.110169 0.395480 0.000000 0.000000 0.002825 0.002825 0.031073 0.014124 0.000000 0.002825 0.000000 0.245763 0.011299 0.022599 0.025424 0.002825 0.000000 0.000000 
0.000000 0.000000 0.000000 0.000000 0.008475 0.000000 0.000000 0.022599 0.000000 0.889831 0.011299 0.000000 0.000000 0.000000 0.000000 0.000000 0.000000 0.067797 0.000000 0.000000 
0.000000 0.000000 0.000000 0.000000 0.045198 0.005650 0.000000 0.008475 0.000000 0.838983 0.096045 0.000000 0.000000 0.000000 0.000000 0.002825 0.000000 0.000000 0.000000 0.002825 
0.000000 0.000000 0.000000 0.000000 0.000000 1.000000 0.000000 0.000000 0.000000 0.000000 0.000000 0.000000 0.000000 0.000000 0.000000 0.000000 0.000000 0.000000 0.000000 0.000000 
0.000000 0.000000 0.000000 0.000000 0.000000 1.000000 0.000000 0.000000 0.000000 0.000000 0.000000 0.000000 0.000000 0.000000 0.000000 0.000000 0.000000 0.000000 0.000000 0.000000 
0.189266 0.000000 0.000000 0.000000 0.000000 0.000000 0.002825 0.000000 0.166667 0.135593 0.000000 0.005650 0.028249 0.079096 0.367232 0.008475 0.011299 0.005650 0.000000 0.000000 
0.042373 0.045198 0.000000 0.000000 0.005650 0.000000 0.000000 0.033898 0.000000 0.186441 0.002825 0.005650 0.000000 0.005650 0.028249 0.000000 0.053672 0.590395 0.000000 0.000000 
0.005650 0.000000 0.000000 0.000000 0.000000 0.000000 0.036723 0.000000 0.036723 0.000000 0.000000 0.002825 0.000000 0.033898 0.844633 0.002825 0.033898 0.000000 0.000000 0.002825 
0.011299 0.000000 0.652542 0.118644 0.000000 0.000000 0.005650 0.000000 0.019774 0.000000 0.002825 0.115819 0.002825 0.016949 0.000000 0.014124 0.039548 0.000000 0.000000 0.000000 
0.129944 0.000000 0.000000 0.016949 0.000000 0.014124 0.011299 0.000000 0.259887 0.000000 0.000000 0.002825 0.000000 0.005650 0.237288 0.276836 0.042373 0.002825 0.000000 0.000000 
0.002825 0.011299 0.000000 0.000000 0.000000 0.000000 0.000000 0.341808 0.000000 0.347458 0.084746 0.000000 0.000000 0.000000 0.000000 0.000000 0.000000 0.211864 0.000000 0.000000 
0.005650 0.000000 0.048023 0.115819 0.002825 0.002825 0.000000 0.000000 0.242938 0.002825 0.002825 0.000000 0.395480 0.031073 0.144068 0.005650 0.000000 0.000000 0.000000 0.000000 
0.110169 0.028249 0.000000 0.000000 0.045198 0.000000 0.000000 0.022599 0.000000 0.019774 0.022599 0.000000 0.000000 0.000000 0.000000 0.002825 0.036723 0.661017 0.000000 0.050847 
0.228814 0.000000 0.000000 0.000000 0.000000 0.000000 0.000000 0.011299 0.000000 0.180791 0.000000 0.000000 0.000000 0.000000 0.000000 0.084746 0.011299 0.002825 0.000000 0.480226 
0.161017 0.016949 0.000000 0.000000 0.000000 0.031073 0.000000 0.000000 0.000000 0.000000 0.000000 0.002825 0.000000 0.025424 0.022599 0.288136 0.000000 0.000000 0.423729 0.028249 
0.025424 0.000000 0.000000 0.000000 0.000000 0.000000 0.000000 0.000000 0.000000 0.000000 0.000000 0.000000 0.002825 0.000000 0.000000 0.042373 0.372881 0.022599 0.437853 0.096045 
0.000000 0.005650 0.000000 0.000000 0.000000 0.000000 0.000000 0.245763 0.033898 0.522599 0.000000 0.000000 0.000000 0.000000 0.000000 0.000000 0.014124 0.177966 0.000000 0.000000 
0.409605 0.000000 0.000000 0.000000 0.096045 0.451977 0.002825 0.002825 0.000000 0.033898 0.000000 0.000000 0.000000 0.000000 0.000000 0.000000 0.000000 0.002825 0.000000 0.000000 
0.005650 0.000000 0.000000 0.000000 0.002825 0.440678 0.000000 0.000000 0.000000 0.000000 0.000000 0.000000 0.000000 0.000000 0.000000 0.409605 0.002825 0.011299 0.000000 0.127119 
0.008475 0.000000 0.437853 0.002825 0.000000 0.418079 0.000000 0.000000 0.084746 0.005650 0.000000 0.002825 0.000000 0.000000 0.036723 0.002825 0.000000 0.000000 0.000000 0.000000 
0.000000 0.000000 0.372881 0.016949 0.002825 0.000000 0.005650 0.000000 0.011299 0.000000 0.000000 0.045198 0.019774 0.005650 0.395480 0.005650 0.028249 0.002825 0.081921 0.005650 
0.096045 0.000000 0.031073 0.000000 0.000000 0.005650 0.000000 0.005650 0.002825 0.005650 0.000000 0.000000 0.460452 0.000000 0.000000 0.014124 0.370056 0.008475 0.000000 0.000000 
0.432203 0.000000 0.048023 0.158192 0.000000 0.070621 0.002825 0.011299 0.016949 0.025424 0.000000 0.005650 0.000000 0.039548 0.011299 0.163842 0.005650 0.008475 0.000000 0.000000 
0.022599 0.000000 0.307910 0.121469 0.000000 0.005650 0.096045 0.000000 0.223164 0.005650 0.000000 0.005650 0.000000 0.042373 0.146893 0.005650 0.008475 0.008475 0.000000 0.000000 
0.028249 0.000000 0.389831 0.039548 0.000000 0.000000 0.000000 0.050847 0.000000 0.008475 0.000000 0.000000 0.090395 0.000000 0.000000 0.000000 0.067797 0.324859 0.000000 0.000000 
0.209040 0.000000 0.008475 0.050847 0.002825 0.093220 0.000000 0.516949 0.005650 0.033898 0.031073 0.000000 0.002825 0.000000 0.000000 0.008475 0.000000 0.036723 0.000000 0.000000 
0.389831 0.000000 0.144068 0.175141 0.000000 0.039548 0.008475 0.000000 0.016949 0.022599 0.002825 0.045198 0.000000 0.067797 0.053672 0.014124 0.005650 0.014124 0.000000 0.000000 
0.172316 0.000000 0.039548 0.446328 0.000000 0.144068 0.008475 0.008475 0.000000 0.011299 0.002825 0.042373 0.002825 0.070621 0.008475 0.008475 0.000000 0.033898 0.000000 0.000000 
0.669492 0.000000 0.008475 0.045198 0.000000 0.073446 0.000000 0.138418 0.000000 0.000000 0.011299 0.000000 0.031073 0.000000 0.002825 0.005650 0.002825 0.011299 0.000000 0.000000 

MOTIF MEME-5
letter-probability matrix: alength= 20 w= 30 nsites= 286 E= 0.000000
0.048951 0.000000 0.000000 0.000000 0.027972 0.213287 0.000000 0.003497 0.000000 0.031469 0.020979 0.048951 0.000000 0.000000 0.000000 0.003497 0.597902 0.000000 0.000000 0.003497 
0.650350 0.000000 0.000000 0.000000 0.000000 0.000000 0.000000 0.000000 0.346154 0.000000 0.000000 0.000000 0.003497 0.000000 0.000000 0.000000 0.000000 0.000000 0.000000 0.000000 
0.000000 0.000000 0.000000 0.000000 0.000000 0.000000 0.000000 0.594406 0.000000 0.097902 0.237762 0.000000 0.000000 0.000000 0.000000 0.003497 0.000000 0.066434 0.000000 0.000000 
0.031469 0.000000 0.653846 0.000000 0.000000 0.000000 0.000000 0.000000 0.000000 0.000000 0.000000 0.000000 0.230769 0.000000 0.083916 0.000000 0.000000 0.000000 0.000000 0.000000 
0.003497 0.003497 0.000000 0.000000 0.083916 0.000000 0.000000 0.000000 0.000000 0.157343 0.000000 0.000000 0.000000 0.000000 0.000000 0.000000 0.751748 0.000000 0.000000 0.000000 
0.003497 0.000000 0.000000 0.000000 0.000000 0.083916 0.811189 0.000000 0.000000 0.003497 0.000000 0.000000 0.059441 0.031469 0.000000 0.000000 0.003497 0.003497 0.000000 0.000000 
0.000000 0.000000 0.000000 0.000000 0.024476 0.000000 0.101399 0.003497 0.000000 0.000000 0.000000 0.000000 0.000000 0.000000 0.000000 0.000000 0.000000 0.000000 0.762238 0.108392 
0.000000 0.027972 0.000000 0.000000 0.000000 0.300699 0.000000 0.653846 0.000000 0.000000 0.000000 0.010490 0.000000 0.000000 0.000000 0.006993 0.000000 0.000000 0.000000 0.000000 
0.003497 0.000000 0.000000 0.000000 0.000000 0.000000 0.000000 0.000000 0.000000 0.000000 0.000000 0.000000 0.339161 0.000000 0.000000 0.003497 0.000000 0.000000 0.653846 0.000000 
0.118881 0.000000 0.031469 0.017483 0.000000 0.000000 0.101399 0.000000 0.059441 0.000000 0.000000 0.000000 0.000000 0.650350 0.003497 0.010490 0.006993 0.000000 0.000000 0.000000 
0.003497 0.000000 0.178322 0.793706 0.000000 0.000000 0.024476 0.000000 0.000000 0.000000 0.000000 0.000000 0.000000 0.000000 0.000000 0.000000 0.000000 0.000000 0.000000 0.000000 
0.003497 0.000000 0.003497 0.000000 0.000000 0.975524 0.000000 0.000000 0.000000 0.013986 0.000000 0.000000 0.000000 0.000000 0.003497 0.000000 0.000000 0.000000 0.000000 0.000000 
0.010490 0.000000 0.314685 0.129371 0.006993 0.000000 0.031469 0.020979 0.000000 0.034965 0.003497 0.265734 0.052448 0.055944 0.017483 0.003497 0.045455 0.006993 0.000000 0.000000 
0.269231 0.146853 0.045455 0.209790 0.000000 0.000000 0.006993 0.000000 0.006993 0.000000 0.000000 0.000000 0.000000 0.286713 0.003497 0.000000 0.006993 0.017483 0.000000 0.000000 
0.000000 0.000000 0.000000 0.000000 0.000000 0.349650 0.003497 0.000000 0.000000 0.000000 0.000000 0.000000 0.000000 0.034965 0.611888 0.000000 0.000000 0.000000 0.000000 0.000000 
0.000000 0.000000 0.000000 0.000000 0.003497 0.000000 0.000000 0.104895 0.000000 0.793706 0.062937 0.000000 0.000000 0.000000 0.000000 0.000000 0.000000 0.034965 0.000000 0.000000 
0.006993 0.000000 0.000000 0.003497 0.000000 0.000000 0.006993 0.000000 0.048951 0.003497 0.003497 0.000000 0.000000 0.010490 0.244755 0.006993 0.657343 0.006993 0.000000 0.000000 
0.003497 0.006993 0.000000 0.034965 0.000000 0.000000 0.000000 0.000000 0.779720 0.003497 0.000000 0.003497 0.000000 0.027972 0.101399 0.000000 0.017483 0.020979 0.000000 0.000000 
0.059441 0.000000 0.108392 0.290210 0.000000 0.000000 0.000000 0.000000 0.000000 0.000000 0.000000 0.475524 0.000000 0.041958 0.003497 0.006993 0.006993 0.003497 0.000000 0.003497 
0.090909 0.000000 0.000000 0.000000 0.000000 0.000000 0.000000 0.101399 0.000000 0.094406 0.000000 0.000000 0.653846 0.000000 0.000000 0.000000 0.000000 0.055944 0.000000 0.003497 
0.132867 0.000000 0.031469 0.139860 0.209790 0.000000 0.000000 0.000000 0.027972 0.402098 0.003497 0.006993 0.038462 0.003497 0.000000 0.000000 0.003497 0.000000 0.000000 0.000000 
0.020979 0.003497 0.000000 0.506993 0.038462 0.000000 0.000000 0.000000 0.034965 0.013986 0.104895 0.000000 0.000000 0.167832 0.052448 0.031469 0.003497 0.000000 0.003497 0.017483 
0.000000 0.000000 0.000000 0.000000 0.003497 0.000000 0.000000 0.653846 0.000000 0.157343 0.000000 0.000000 0.000000 0.000000 0.000000 0.000000 0.000000 0.185315 0.000000 0.000000 
0.227273 0.000000 0.000000 0.034965 0.000000 0.000000 0.000000 0.031469 0.468531 0.000000 0.000000 0.003497 0.000000 0.010490 0.118881 0.013986 0.013986 0.076923 0.000000 0.000000 
0.076923 0.000000 0.216783 0.031469 0.000000 0.318182 0.006993 0.000000 0.045455 0.010490 0.000000 0.234266 0.000000 0.017483 0.000000 0.006993 0.031469 0.003497 0.000000 0.000000 
0.003497 0.003497 0.000000 0.000000 0.000000 0.653846 0.038462 0.020979 0.000000 0.045455 0.195804 0.000000 0.000000 0.013986 0.000000 0.000000 0.000000 0.017483 0.000000 0.006993 
0.003497 0.006993 0.000000 0.034965 0.000000 0.003497 0.006993 0.000000 0.251748 0.118881 0.139860 0.000000 0.000000 0.027972 0.349650 0.024476 0.031469 0.000000 0.000000 0.000000 
0.017483 0.000000 0.003497 0.276224 0.000000 0.003497 0.000000 0.328671 0.003497 0.000000 0.000000 0.010490 0.000000 0.000000 0.000000 0.031469 0.000000 0.325175 0.000000 0.000000 
0.328671 0.000000 0.000000 0.034965 0.000000 0.000000 0.000000 0.000000 0.153846 0.041958 0.003497 0.000000 0.003497 0.279720 0.080420 0.031469 0.000000 0.041958 0.000000 0.000000 
0.038462 0.108392 0.000000 0.000000 0.000000 0.003497 0.000000 0.045455 0.000000 0.010490 0.003497 0.000000 0.000000 0.000000 0.000000 0.000000 0.000000 0.790210 0.000000 0.000000 

MOTIF MEME-9
letter-probability matrix: alength= 20 w= 30 nsites= 350 E= 0.000000
0.008571 0.000000 0.005714 0.042857 0.000000 0.000000 0.005714 0.014286 0.228571 0.005714 0.000000 0.005714 0.000000 0.362857 0.188571 0.040000 0.082857 0.008571 0.000000 0.000000 
0.045714 0.000000 0.000000 0.000000 0.000000 0.000000 0.000000 0.077143 0.000000 0.054286 0.000000 0.000000 0.000000 0.000000 0.000000 0.000000 0.000000 0.822857 0.000000 0.000000 
0.000000 0.000000 0.000000 0.000000 0.000000 0.000000 0.005714 0.628571 0.000000 0.000000 0.000000 0.000000 0.000000 0.000000 0.000000 0.000000 0.165714 0.157143 0.000000 0.042857 
0.000000 0.000000 0.000000 0.000000 0.000000 0.000000 0.000000 0.000000 0.000000 0.000000 0.000000 0.000000 1.000000 0.000000 0.000000 0.000000 0.000000 0.000000 0.000000 0.000000 
0.000000 0.000000 0.000000 0.000000 0.000000 0.000000 0.000000 0.128571 0.000000 0.000000 0.000000 0.000000 0.000000 0.000000 0.000000 0.000000 0.000000 0.871429 0.000000 0.000000 
0.951429 0.000000 0.000000 0.000000 0.000000 0.000000 0.000000 0.000000 0.000000 0.042857 0.000000 0.000000 0.000000 0.000000 0.000000 0.000000 0.002857 0.002857 0.000000 0.000000 
0.000000 0.000000 0.000000 0.000000 0.111429 0.834286 0.000000 0.014286 0.000000 0.000000 0.000000 0.000000 0.000000 0.000000 0.000000 0.000000 0.000000 0.040000 0.000000 0.000000 
0.045714 0.000000 0.000000 0.002857 0.000000 0.002857 0.551429 0.000000 0.017143 0.000000 0.000000 0.000000 0.005714 0.065714 0.205714 0.011429 0.002857 0.014286 0.000000 0.074286 
0.000000 0.000000 1.000000 0.000000 0.000000 0.000000 0.000000 0.000000 0.000000 0.000000 0.000000 0.000000 0.000000 0.000000 0.000000 0.000000 0.000000 0.000000 0.000000 0.000000 
0.002857 0.011429 0.020000 0.000000 0.000000 0.051429 0.000000 0.000000 0.002857 0.002857 0.002857 0.000000 0.151429 0.000000 0.002857 0.751429 0.000000 0.000000 0.000000 0.000000 
0.008571 0.000000 0.000000 0.000000 0.008571 0.000000 0.000000 0.002857 0.000000 0.000000 0.820000 0.000000 0.160000 0.000000 0.000000 0.000000 0.000000 0.000000 0.000000 0.000000 
0.002857 0.000000 0.000000 0.025714 0.000000 0.000000 0.000000 0.000000 0.000000 0.971429 0.000000 0.000000 0.000000 0.000000 0.000000 0.000000 0.000000 0.000000 0.000000 0.000000 
0.000000 0.000000 0.000000 0.000000 0.000000 0.000000 0.000000 0.000000 0.000000 0.768571 0.231429 0.000000 0.000000 0.000000 0.000000 0.000000 0.000000 0.000000 0.000000 0.000000 
0.000000 0.000000 0.000000 0.000000 0.000000 0.000000 0.000000 0.000000 0.000000 0.000000 0.000000 0.991429 0.000000 0.000000 0.000000 0.000000 0.008571 0.000000 0.000000 0.000000 
0.071429 0.005714 0.000000 0.000000 0.000000 0.000000 0.000000 0.228571 0.000000 0.605714 0.000000 0.000000 0.000000 0.000000 0.000000 0.022857 0.057143 0.008571 0.000000 0.000000 
0.022857 0.031429 0.000000 0.000000 0.000000 0.228571 0.000000 0.000000 0.005714 0.000000 0.005714 0.008571 0.000000 0.042857 0.000000 0.620000 0.000000 0.034286 0.000000 0.000000 
0.000000 0.000000 0.000000 0.000000 0.000000 1.000000 0.000000 0.000000 0.000000 0.000000 0.000000 0.000000 0.000000 0.000000 0.000000 0.000000 0.000000 0.000000 0.000000 0.000000 
0.817143 0.002857 0.000000 0.000000 0.000000 0.011429 0.000000 0.054286 0.000000 0.008571 0.000000 0.000000 0.000000 0.000000 0.000000 0.000000 0.000000 0.105714 0.000000 0.000000 
0.000000 0.000000 0.000000 0.000000 0.000000 0.000000 1.000000 0.000000 0.000000 0.000000 0.000000 0.000000 0.000000 0.000000 0.000000 0.000000 0.000000 0.000000 0.000000 0.000000 
0.331429 0.000000 0.000000 0.100000 0.000000 0.268571 0.000000 0.000000 0.000000 0.000000 0.000000 0.191429 0.000000 0.060000 0.000000 0.045714 0.000000 0.000000 0.000000 0.002857 
0.214286 0.011429 0.000000 0.000000 0.000000 0.000000 0.000000 0.000000 0.000000 0.000000 0.000000 0.002857 0.771429 0.000000 0.000000 0.000000 0.000000 0.000000 0.000000 0.000000 
0.002857 0.002857 0.000000 0.000000 0.431429 0.000000 0.005714 0.000000 0.000000 0.020000 0.000000 0.000000 0.000000 0.000000 0.000000 0.000000 0.002857 0.000000 0.105714 0.428571 
0.117143 0.000000 0.000000 0.000000 0.834286 0.000000 0.000000 0.000000 0.000000 0.000000 0.000000 0.000000 0.000000 0.000000 0.000000 0.000000 0.042857 0.005714 0.000000 0.000000 
0.000000 0.000000 0.000000 0.000000 0.000000 0.000000 0.005714 0.008571 0.000000 0.117143 0.000000 0.000000 0.042857 0.000000 0.000000 0.000000 0.825714 0.000000 0.000000 0.000000 
0.000000 0.000000 0.000000 0.000000 0.000000 0.000000 0.000000 0.000000 0.000000 0.000000 0.000000 0.000000 0.000000 0.000000 1.000000 0.000000 0.000000 0.000000 0.000000 0.000000 
0.020000 0.005714 0.000000 0.000000 0.000000 0.000000 0.000000 0.017143 0.000000 0.042857 0.000000 0.811429 0.000000 0.000000 0.000000 0.065714 0.028571 0.008571 0.000000 0.000000 
0.000000 0.000000 0.000000 0.000000 0.000000 0.000000 0.000000 0.771429 0.000000 0.120000 0.000000 0.000000 0.000000 0.000000 0.000000 0.000000 0.000000 0.108571 0.000000 0.000000 
0.005714 0.000000 0.000000 0.000000 0.000000 0.000000 0.000000 0.097143 0.000000 0.100000 0.005714 0.000000 0.000000 0.000000 0.000000 0.000000 0.002857 0.788571 0.000000 0.000000 
0.000000 0.000000 0.000000 0.137143 0.000000 0.000000 0.000000 0.505714 0.000000 0.025714 0.000000 0.000000 0.000000 0.028571 0.000000 0.000000 0.002857 0.300000 0.000000 0.000000 
0.005714 0.000000 0.000000 0.000000 0.000000 0.000000 0.000000 0.297143 0.000000 0.594286 0.005714 0.000000 0.000000 0.000000 0.000000 0.000000 0.000000 0.097143 0.000000 0.000000 

MOTIF MEME-11
letter-probability matrix: alength= 20 w= 30 nsites= 338 E= 0.000000
0.011834 0.000000 0.310651 0.000000 0.002959 0.461538 0.124260 0.000000 0.008876 0.000000 0.056213 0.014793 0.000000 0.002959 0.005917 0.000000 0.000000 0.000000 0.000000 0.000000 
0.053254 0.000000 0.002959 0.000000 0.000000 0.005917 0.000000 0.079882 0.000000 0.032544 0.002959 0.000000 0.000000 0.002959 0.005917 0.147929 0.026627 0.639053 0.000000 0.000000 
0.002959 0.000000 0.000000 0.047337 0.000000 0.000000 0.000000 0.011834 0.000000 0.875740 0.011834 0.000000 0.000000 0.008876 0.005917 0.000000 0.000000 0.035503 0.000000 0.000000 
0.612426 0.000000 0.000000 0.059172 0.000000 0.000000 0.002959 0.000000 0.000000 0.050296 0.000000 0.000000 0.011834 0.000000 0.000000 0.026627 0.233728 0.002959 0.000000 0.000000 
0.000000 0.000000 0.000000 0.000000 0.005917 0.000000 0.000000 0.000000 0.000000 0.056213 0.000000 0.000000 0.000000 0.000000 0.000000 0.000000 0.000000 0.000000 0.000000 0.937870 
0.849112 0.011834 0.000000 0.000000 0.000000 0.050296 0.000000 0.011834 0.000000 0.059172 0.011834 0.000000 0.000000 0.000000 0.000000 0.000000 0.000000 0.005917 0.000000 0.000000 
0.000000 0.000000 0.050296 0.937870 0.000000 0.005917 0.000000 0.005917 0.000000 0.000000 0.000000 0.000000 0.000000 0.000000 0.000000 0.000000 0.000000 0.000000 0.000000 0.000000 
0.002959 0.000000 0.991124 0.000000 0.000000 0.000000 0.000000 0.000000 0.000000 0.000000 0.000000 0.000000 0.000000 0.005917 0.000000 0.000000 0.000000 0.000000 0.000000 0.000000 
0.000000 0.000000 0.000000 0.000000 0.000000 0.000000 0.000000 0.000000 0.000000 0.059172 0.000000 0.000000 0.940828 0.000000 0.000000 0.000000 0.000000 0.000000 0.000000 0.000000 
0.002959 0.855030 0.000000 0.005917 0.002959 0.000000 0.000000 0.000000 0.005917 0.000000 0.000000 0.000000 0.000000 0.050296 0.000000 0.002959 0.041420 0.032544 0.000000 0.000000 
0.005917 0.000000 0.000000 0.000000 0.000000 0.893491 0.002959 0.000000 0.002959 0.000000 0.000000 0.000000 0.032544 0.000000 0.000000 0.005917 0.000000 0.000000 0.000000 0.056213 
0.789941 0.000000 0.011834 0.011834 0.000000 0.044379 0.000000 0.000000 0.000000 0.000000 0.000000 0.000000 0.068047 0.008876 0.000000 0.002959 0.005917 0.000000 0.000000 0.056213 
0.000000 0.000000 0.000000 0.940828 0.000000 0.002959 0.000000 0.032544 0.000000 0.008876 0.000000 0.000000 0.000000 0.011834 0.000000 0.000000 0.002959 0.000000 0.000000 0.000000 
0.056213 0.000000 0.109467 0.032544 0.000000 0.103550 0.002959 0.000000 0.000000 0.000000 0.000000 0.183432 0.002959 0.494083 0.002959 0.005917 0.005917 0.000000 0.000000 0.000000 
0.002959 0.000000 0.000000 0.000000 0.008876 0.878698 0.000000 0.000000 0.000000 0.000000 0.000000 0.000000 0.056213 0.000000 0.014793 0.020710 0.000000 0.017751 0.000000 0.000000 
0.000000 0.000000 0.000000 0.000000 0.541420 0.000000 0.000000 0.000000 0.000000 0.002959 0.047337 0.000000 0.000000 0.002959 0.000000 0.000000 0.056213 0.000000 0.002959 0.346154 
0.044379 0.000000 0.000000 0.005917 0.000000 0.002959 0.000000 0.000000 0.000000 0.000000 0.000000 0.000000 0.056213 0.000000 0.000000 0.890533 0.000000 0.000000 0.000000 0.000000 
0.038462 0.000000 0.000000 0.029586 0.002959 0.875740 0.000000 0.000000 0.000000 0.000000 0.000000 0.000000 0.000000 0.000000 0.008876 0.038462 0.005917 0.000000 0.000000 0.000000 
0.002959 0.000000 0.000000 0.000000 0.000000 0.000000 0.000000 0.000000 0.000000 0.062130 0.000000 0.000000 0.000000 0.000000 0.887574 0.000000 0.000000 0.047337 0.000000 0.000000 
0.044379 0.000000 0.032544 0.914201 0.000000 0.000000 0.000000 0.000000 0.000000 0.000000 0.000000 0.000000 0.000000 0.005917 0.002959 0.000000 0.000000 0.000000 0.000000 0.000000 
0.011834 0.000000 0.000000 0.002959 0.000000 0.059172 0.000000 0.142012 0.008876 0.002959 0.005917 0.000000 0.000000 0.000000 0.020710 0.000000 0.029586 0.715976 0.000000 0.000000 
0.002959 0.000000 0.002959 0.023669 0.000000 0.005917 0.000000 0.000000 0.000000 0.053254 0.887574 0.000000 0.000000 0.008876 0.000000 0.000000 0.011834 0.002959 0.000000 0.000000 
0.914201 0.005917 0.002959 0.000000 0.000000 0.000000 0.000000 0.000000 0.000000 0.000000 0.000000 0.000000 0.000000 0.000000 0.000000 0.068047 0.002959 0.005917 0.000000 0.000000 
0.008876 0.000000 0.000000 0.937870 0.002959 0.005917 0.000000 0.000000 0.002959 0.000000 0.000000 0.000000 0.026627 0.002959 0.002959 0.005917 0.002959 0.000000 0.000000 0.000000 
0.000000 0.000000 0.000000 0.000000 0.887574 0.000000 0.000000 0.005917 0.000000 0.059172 0.044379 0.000000 0.000000 0.000000 0.000000 0.000000 0.000000 0.000000 0.000000 0.002959 
0.000000 0.000000 0.000000 0.000000 0.000000 0.000000 0.053254 0.000000 0.103550 0.000000 0.000000 0.000000 0.047337 0.002959 0.784024 0.000000 0.000000 0.002959 0.000000 0.005917 
0.000000 0.000000 0.005917 0.000000 0.000000 0.000000 0.008876 0.000000 0.059172 0.047337 0.000000 0.005917 0.000000 0.005917 0.855030 0.000000 0.011834 0.000000 0.000000 0.000000 
0.890533 0.000000 0.000000 0.000000 0.000000 0.002959 0.000000 0.002959 0.000000 0.000000 0.000000 0.000000 0.000000 0.002959 0.073964 0.011834 0.002959 0.008876 0.000000 0.002959 
0.000000 0.000000 0.000000 0.000000 0.000000 0.000000 0.000000 0.000000 0.000000 0.008876 0.000000 0.000000 0.002959 0.000000 0.000000 0.000000 0.988166 0.000000 0.000000 0.000000 
0.000000 0.000000 0.000000 0.000000 0.000000 0.926036 0.005917 0.002959 0.000000 0.000000 0.000000 0.056213 0.000000 0.000000 0.000000 0.008876 0.000000 0.000000 0.000000 0.000000 

MOTIF MEME-12
letter-probability matrix: alength= 20 w= 30 nsites= 360 E= 0.000000
0.247222 0.002778 0.000000 0.000000 0.000000 0.000000 0.000000 0.000000 0.000000 0.000000 0.000000 0.000000 0.000000 0.000000 0.005556 0.625000 0.119444 0.000000 0.000000 0.000000 
0.008333 0.000000 0.000000 0.000000 0.000000 0.002778 0.005556 0.005556 0.005556 0.002778 0.005556 0.011111 0.000000 0.080556 0.055556 0.005556 0.005556 0.805556 0.000000 0.000000 
0.033333 0.002778 0.000000 0.038889 0.002778 0.000000 0.019444 0.000000 0.002778 0.022222 0.005556 0.000000 0.000000 0.016667 0.813889 0.005556 0.027778 0.008333 0.000000 0.000000 
0.000000 0.000000 0.000000 0.000000 0.000000 0.005556 0.000000 0.005556 0.000000 0.183333 0.008333 0.000000 0.000000 0.000000 0.000000 0.000000 0.000000 0.797222 0.000000 0.000000 
0.919444 0.000000 0.000000 0.000000 0.000000 0.033333 0.000000 0.000000 0.000000 0.000000 0.000000 0.000000 0.000000 0.000000 0.000000 0.047222 0.000000 0.000000 0.000000 0.000000 
0.055556 0.000000 0.000000 0.008333 0.000000 0.030556 0.000000 0.000000 0.052778 0.000000 0.000000 0.000000 0.000000 0.813889 0.011111 0.005556 0.016667 0.002778 0.000000 0.002778 
0.002778 0.000000 0.000000 0.000000 0.002778 0.000000 0.000000 0.075000 0.000000 0.413889 0.447222 0.000000 0.000000 0.000000 0.000000 0.000000 0.033333 0.025000 0.000000 0.000000 
0.000000 0.983333 0.000000 0.000000 0.000000 0.000000 0.000000 0.000000 0.000000 0.008333 0.000000 0.000000 0.000000 0.000000 0.000000 0.000000 0.002778 0.000000 0.005556 0.000000 
0.044444 0.000000 0.288889 0.066667 0.000000 0.000000 0.319444 0.000000 0.033333 0.000000 0.000000 0.113889 0.000000 0.022222 0.100000 0.005556 0.000000 0.000000 0.000000 0.005556 
0.077778 0.000000 0.358333 0.363889 0.000000 0.002778 0.005556 0.000000 0.000000 0.000000 0.033333 0.002778 0.000000 0.005556 0.000000 0.016667 0.122222 0.011111 0.000000 0.000000 
0.000000 0.000000 0.000000 0.000000 0.400000 0.000000 0.008333 0.000000 0.000000 0.005556 0.022222 0.019444 0.000000 0.000000 0.000000 0.000000 0.002778 0.000000 0.505556 0.036111 
0.000000 0.000000 0.025000 0.005556 0.000000 0.936111 0.000000 0.000000 0.000000 0.000000 0.000000 0.033333 0.000000 0.000000 0.000000 0.000000 0.000000 0.000000 0.000000 0.000000 
0.000000 0.000000 0.000000 0.000000 0.000000 0.000000 0.000000 0.022222 0.000000 0.880556 0.030556 0.000000 0.000000 0.000000 0.005556 0.000000 0.000000 0.050000 0.000000 0.011111 
0.013889 0.000000 0.002778 0.000000 0.000000 0.138889 0.000000 0.002778 0.002778 0.000000 0.000000 0.002778 0.000000 0.000000 0.002778 0.002778 0.830556 0.000000 0.000000 0.000000 
0.000000 0.000000 0.000000 0.000000 0.000000 0.000000 0.000000 0.008333 0.000000 0.080556 0.000000 0.000000 0.000000 0.000000 0.000000 0.000000 0.008333 0.075000 0.827778 0.000000 
0.000000 0.000000 0.000000 0.000000 0.000000 0.833333 0.000000 0.000000 0.000000 0.000000 0.000000 0.005556 0.000000 0.000000 0.000000 0.161111 0.000000 0.000000 0.000000 0.000000 
0.000000 0.252778 0.000000 0.000000 0.000000 0.000000 0.000000 0.000000 0.000000 0.000000 0.161111 0.000000 0.005556 0.000000 0.000000 0.575000 0.000000 0.005556 0.000000 0.000000 
0.000000 0.000000 0.002778 0.002778 0.000000 0.000000 0.994444 0.000000 0.000000 0.000000 0.000000 0.000000 0.000000 0.000000 0.000000 0.000000 0.000000 0.000000 0.000000 0.000000 
0.000000 0.000000 0.000000 0.000000 0.000000 0.000000 0.000000 0.000000 0.000000 0.005556 0.000000 0.000000 0.000000 0.000000 0.000000 0.994444 0.000000 0.000000 0.000000 0.000000 
0.000000 0.000000 0.000000 0.000000 0.000000 0.000000 0.000000 0.000000 0.000000 0.000000 0.000000 0.994444 0.000000 0.005556 0.000000 0.000000 0.000000 0.000000 0.000000 0.000000 
0.000000 0.000000 0.000000 0.000000 0.000000 0.000000 0.000000 0.000000 0.002778 0.000000 0.000000 0.827778 0.000000 0.000000 0.000000 0.127778 0.041667 0.000000 0.000000 0.000000 
0.000000 0.000000 0.000000 0.000000 0.000000 0.000000 0.994444 0.000000 0.000000 0.000000 0.000000 0.000000 0.000000 0.000000 0.000000 0.005556 0.000000 0.000000 0.000000 0.000000 
0.000000 0.000000 0.000000 0.000000 0.838889 0.000000 0.000000 0.000000 0.000000 0.161111 0.000000 0.000000 0.000000 0.000000 0.000000 0.000000 0.000000 0.000000 0.000000 0.000000 
0.000000 0.000000 0.833333 0.000000 0.000000 0.161111 0.000000 0.000000 0.000000 0.000000 0.000000 0.000000 0.000000 0.000000 0.000000 0.000000 0.005556 0.000000 0.000000 0.000000 
0.000000 0.000000 0.000000 0.000000 0.000000 0.000000 0.000000 0.866667 0.000000 0.000000 0.000000 0.000000 0.000000 0.000000 0.000000 0.000000 0.000000 0.133333 0.000000 0.000000 
0.000000 0.000000 0.000000 0.000000 0.000000 0.005556 0.000000 0.000000 0.000000 0.000000 0.000000 0.000000 0.000000 0.000000 0.000000 0.980556 0.013889 0.000000 0.000000 0.000000 
0.000000 0.000000 0.000000 0.000000 0.000000 0.000000 0.000000 0.005556 0.000000 0.994444 0.000000 0.000000 0.000000 0.000000 0.000000 0.000000 0.000000 0.000000 0.000000 0.000000 
0.938889 0.000000 0.005556 0.000000 0.000000 0.000000 0.000000 0.000000 0.000000 0.000000 0.052778 0.000000 0.000000 0.000000 0.000000 0.000000 0.002778 0.000000 0.000000 0.000000 
0.163889 0.000000 0.000000 0.000000 0.000000 0.000000 0.000000 0.002778 0.000000 0.002778 0.822222 0.000000 0.000000 0.000000 0.000000 0.002778 0.002778 0.002778 0.000000 0.000000 
0.000000 0.002778 0.000000 0.000000 0.769444 0.000000 0.000000 0.005556 0.000000 0.002778 0.175000 0.000000 0.000000 0.000000 0.000000 0.000000 0.000000 0.038889 0.000000 0.005556 

MOTIF MEME-19
letter-probability matrix: alength= 20 w= 30 nsites= 336 E= 0.000000
0.000000 0.000000 0.000000 0.000000 0.000000 1.000000 0.000000 0.000000 0.000000 0.000000 0.000000 0.000000 0.000000 0.000000 0.000000 0.000000 0.000000 0.000000 0.000000 0.000000 
0.002976 0.002976 0.000000 0.020833 0.000000 0.000000 0.523810 0.023810 0.000000 0.017857 0.000000 0.241071 0.000000 0.008929 0.119048 0.000000 0.017857 0.017857 0.000000 0.002976 
0.002976 0.000000 0.000000 0.005952 0.000000 0.000000 0.000000 0.071429 0.008929 0.011905 0.002976 0.000000 0.000000 0.017857 0.002976 0.014881 0.741071 0.113095 0.000000 0.005952 
0.000000 0.000000 0.000000 0.005952 0.000000 0.994048 0.000000 0.000000 0.000000 0.000000 0.000000 0.000000 0.000000 0.000000 0.000000 0.000000 0.000000 0.000000 0.000000 0.000000 
0.008929 0.002976 0.000000 0.000000 0.000000 0.000000 0.000000 0.130952 0.000000 0.122024 0.002976 0.002976 0.000000 0.000000 0.000000 0.000000 0.026786 0.687500 0.000000 0.014881 
0.000000 0.000000 0.000000 0.000000 0.000000 0.988095 0.000000 0.005952 0.000000 0.000000 0.000000 0.000000 0.000000 0.000000 0.000000 0.005952 0.000000 0.000000 0.000000 0.000000 
0.002976 0.000000 0.000000 0.997024 0.000000 0.000000 0.000000 0.000000 0.000000 0.000000 0.000000 0.000000 0.000000 0.000000 0.000000 0.000000 0.000000 0.000000 0.000000 0.000000 
0.279762 0.005952 0.000000 0.000000 0.000000 0.000000 0.000000 0.276786 0.000000 0.005952 0.000000 0.000000 0.000000 0.000000 0.000000 0.029762 0.029762 0.372024 0.000000 0.000000 
0.000000 0.000000 0.000000 0.000000 0.000000 0.000000 0.008929 0.000000 0.000000 0.002976 0.000000 0.000000 0.895833 0.000000 0.000000 0.000000 0.017857 0.002976 0.000000 0.071429 
0.038690 0.008929 0.000000 0.000000 0.000000 0.904762 0.000000 0.000000 0.000000 0.000000 0.000000 0.000000 0.011905 0.000000 0.000000 0.005952 0.000000 0.000000 0.029762 0.000000 
0.000000 0.000000 0.035714 0.000000 0.000000 0.901786 0.008929 0.000000 0.000000 0.008929 0.000000 0.008929 0.000000 0.000000 0.000000 0.014881 0.020833 0.000000 0.000000 0.000000 
0.065476 0.000000 0.011905 0.827381 0.000000 0.005952 0.000000 0.005952 0.005952 0.002976 0.000000 0.002976 0.014881 0.020833 0.000000 0.011905 0.023810 0.000000 0.000000 0.000000 
0.074405 0.000000 0.002976 0.005952 0.000000 0.107143 0.011905 0.000000 0.363095 0.020833 0.000000 0.002976 0.044643 0.002976 0.062500 0.047619 0.023810 0.226190 0.000000 0.002976 
0.017857 0.000000 0.000000 0.002976 0.000000 0.000000 0.023810 0.889881 0.000000 0.000000 0.000000 0.000000 0.000000 0.000000 0.011905 0.000000 0.011905 0.032738 0.008929 0.000000 
0.011905 0.000000 0.002976 0.005952 0.002976 0.000000 0.002976 0.008929 0.000000 0.101190 0.000000 0.002976 0.026786 0.005952 0.523810 0.000000 0.077381 0.000000 0.017857 0.208333 
0.077381 0.000000 0.008929 0.083333 0.000000 0.020833 0.008929 0.000000 0.217262 0.002976 0.000000 0.032738 0.000000 0.437500 0.077381 0.008929 0.023810 0.000000 0.000000 0.000000 
0.062500 0.002976 0.011905 0.002976 0.000000 0.011905 0.000000 0.008929 0.000000 0.047619 0.002976 0.000000 0.000000 0.000000 0.032738 0.017857 0.791667 0.005952 0.000000 0.000000 
0.000000 0.000000 0.000000 0.000000 0.000000 0.000000 0.000000 0.068452 0.000000 0.904762 0.000000 0.000000 0.000000 0.005952 0.005952 0.002976 0.008929 0.002976 0.000000 0.000000 
0.014881 0.000000 0.059524 0.532738 0.000000 0.002976 0.014881 0.002976 0.011905 0.026786 0.000000 0.053571 0.000000 0.029762 0.047619 0.002976 0.017857 0.181548 0.000000 0.000000 
0.056548 0.000000 0.678571 0.110119 0.000000 0.011905 0.000000 0.002976 0.017857 0.011905 0.000000 0.008929 0.000000 0.011905 0.074405 0.011905 0.000000 0.002976 0.000000 0.000000 
0.809524 0.032738 0.000000 0.000000 0.008929 0.000000 0.000000 0.002976 0.000000 0.002976 0.041667 0.000000 0.000000 0.000000 0.000000 0.044643 0.026786 0.023810 0.000000 0.005952 
0.127976 0.005952 0.000000 0.041667 0.000000 0.017857 0.000000 0.410714 0.083333 0.005952 0.000000 0.000000 0.000000 0.005952 0.244048 0.005952 0.038690 0.011905 0.000000 0.000000 
0.142857 0.000000 0.053571 0.053571 0.000000 0.026786 0.000000 0.011905 0.017857 0.002976 0.000000 0.008929 0.541667 0.014881 0.008929 0.104167 0.008929 0.002976 0.000000 0.000000 
0.032738 0.000000 0.000000 0.008929 0.035714 0.014881 0.020833 0.023810 0.000000 0.610119 0.119048 0.000000 0.000000 0.101190 0.008929 0.005952 0.002976 0.008929 0.000000 0.005952 
0.011905 0.000000 0.000000 0.000000 0.000000 0.000000 0.000000 0.071429 0.000000 0.104167 0.002976 0.000000 0.000000 0.000000 0.000000 0.000000 0.000000 0.809524 0.000000 0.000000 
0.008929 0.000000 0.005952 0.083333 0.000000 0.000000 0.000000 0.148810 0.011905 0.160714 0.002976 0.005952 0.000000 0.000000 0.008929 0.002976 0.023810 0.535714 0.000000 0.000000 
0.000000 0.002976 0.017857 0.000000 0.000000 0.952381 0.000000 0.000000 0.000000 0.000000 0.000000 0.008929 0.000000 0.011905 0.005952 0.000000 0.000000 0.000000 0.000000 0.000000 
0.044643 0.002976 0.002976 0.047619 0.000000 0.000000 0.014881 0.000000 0.270833 0.032738 0.014881 0.002976 0.000000 0.428571 0.047619 0.071429 0.014881 0.002976 0.000000 0.000000 
0.017857 0.002976 0.062500 0.214286 0.002976 0.011905 0.002976 0.000000 0.026786 0.000000 0.002976 0.029762 0.196429 0.014881 0.029762 0.130952 0.241071 0.011905 0.000000 0.000000 
0.002976 0.000000 0.000000 0.000000 0.000000 0.000000 0.005952 0.336310 0.000000 0.235119 0.000000 0.000000 0.050595 0.000000 0.000000 0.000000 0.011905 0.357143 0.000000 0.000000 

MOTIF MEME-20
letter-probability matrix: alength= 20 w= 30 nsites= 300 E= 0.000000
0.030000 0.000000 0.390000 0.040000 0.000000 0.066667 0.013333 0.000000 0.020000 0.010000 0.000000 0.053333 0.213333 0.063333 0.013333 0.033333 0.050000 0.003333 0.000000 0.000000 
0.226667 0.000000 0.163333 0.126667 0.000000 0.303333 0.023333 0.000000 0.003333 0.000000 0.000000 0.013333 0.020000 0.026667 0.000000 0.073333 0.013333 0.003333 0.003333 0.000000 
0.066667 0.000000 0.203333 0.030000 0.000000 0.023333 0.006667 0.000000 0.116667 0.000000 0.000000 0.143333 0.020000 0.086667 0.030000 0.210000 0.053333 0.010000 0.000000 0.000000 
0.030000 0.276667 0.263333 0.006667 0.003333 0.003333 0.300000 0.000000 0.000000 0.000000 0.000000 0.080000 0.003333 0.000000 0.000000 0.006667 0.003333 0.023333 0.000000 0.000000 
0.076667 0.000000 0.520000 0.316667 0.000000 0.013333 0.000000 0.000000 0.000000 0.003333 0.000000 0.006667 0.036667 0.010000 0.010000 0.000000 0.003333 0.003333 0.000000 0.000000 
0.000000 0.000000 0.000000 0.000000 0.000000 0.000000 0.000000 0.000000 0.000000 0.000000 0.000000 0.000000 0.000000 0.000000 0.000000 0.000000 0.000000 0.000000 1.000000 0.000000 
0.006667 0.000000 0.013333 0.046667 0.183333 0.013333 0.003333 0.000000 0.000000 0.050000 0.010000 0.000000 0.000000 0.003333 0.000000 0.006667 0.036667 0.000000 0.000000 0.626667 
0.006667 0.003333 0.000000 0.016667 0.000000 0.000000 0.083333 0.003333 0.050000 0.000000 0.000000 0.033333 0.000000 0.136667 0.650000 0.006667 0.000000 0.000000 0.006667 0.003333 
0.000000 0.000000 0.000000 0.000000 0.000000 0.000000 0.000000 0.060000 0.000000 0.756667 0.003333 0.000000 0.000000 0.000000 0.000000 0.000000 0.000000 0.180000 0.000000 0.000000 
0.000000 0.000000 0.000000 0.000000 0.000000 0.000000 0.000000 0.000000 0.000000 0.000000 0.000000 0.000000 0.000000 0.000000 1.000000 0.000000 0.000000 0.000000 0.000000 0.000000 
0.000000 0.000000 0.040000 0.000000 0.000000 0.000000 0.813333 0.000000 0.000000 0.000000 0.000000 0.060000 0.000000 0.000000 0.060000 0.000000 0.023333 0.000000 0.000000 0.003333 
0.000000 0.000000 0.040000 0.563333 0.000000 0.000000 0.000000 0.000000 0.020000 0.000000 0.010000 0.000000 0.000000 0.343333 0.010000 0.003333 0.006667 0.003333 0.000000 0.000000 
0.063333 0.000000 0.003333 0.590000 0.000000 0.000000 0.000000 0.000000 0.233333 0.000000 0.000000 0.000000 0.030000 0.050000 0.003333 0.000000 0.016667 0.010000 0.000000 0.000000 
0.976667 0.000000 0.000000 0.000000 0.000000 0.000000 0.000000 0.000000 0.000000 0.000000 0.003333 0.000000 0.000000 0.000000 0.000000 0.003333 0.013333 0.003333 0.000000 0.000000 
0.000000 0.000000 0.000000 0.000000 0.000000 0.000000 0.000000 0.003333 0.000000 0.473333 0.520000 0.000000 0.000000 0.000000 0.000000 0.000000 0.000000 0.003333 0.000000 0.000000 
0.000000 0.000000 0.066667 0.000000 0.000000 0.000000 0.000000 0.000000 0.000000 0.000000 0.000000 0.150000 0.000000 0.000000 0.000000 0.093333 0.690000 0.000000 0.000000 0.000000 
0.083333 0.000000 0.003333 0.000000 0.000000 0.040000 0.006667 0.003333 0.000000 0.000000 0.000000 0.000000 0.636667 0.000000 0.003333 0.213333 0.003333 0.006667 0.000000 0.000000 
0.050000 0.000000 0.350000 0.540000 0.000000 0.016667 0.000000 0.000000 0.003333 0.000000 0.000000 0.003333 0.000000 0.033333 0.000000 0.003333 0.000000 0.000000 0.000000 0.000000 
0.790000 0.000000 0.000000 0.000000 0.000000 0.043333 0.006667 0.000000 0.010000 0.000000 0.000000 0.000000 0.000000 0.006667 0.016667 0.040000 0.086667 0.000000 0.000000 0.000000 
0.000000 0.000000 0.000000 0.000000 0.000000 0.000000 0.000000 0.190000 0.000000 0.003333 0.003333 0.000000 0.000000 0.000000 0.000000 0.000000 0.000000 0.803333 0.000000 0.000000 
0.050000 0.000000 0.000000 0.000000 0.000000 0.000000 0.000000 0.010000 0.000000 0.006667 0.003333 0.000000 0.000000 0.036667 0.000000 0.000000 0.000000 0.893333 0.000000 0.000000 
0.050000 0.003333 0.006667 0.020000 0.000000 0.000000 0.000000 0.000000 0.020000 0.003333 0.000000 0.010000 0.000000 0.010000 0.866667 0.010000 0.000000 0.000000 0.000000 0.000000 
0.000000 0.000000 0.000000 0.000000 0.000000 0.000000 0.000000 0.000000 0.000000 0.913333 0.006667 0.000000 0.000000 0.080000 0.000000 0.000000 0.000000 0.000000 0.000000 0.000000 
0.993333 0.003333 0.000000 0.000000 0.000000 0.003333 0.000000 0.000000 0.000000 0.000000 0.000000 0.000000 0.000000 0.000000 0.000000 0.000000 0.000000 0.000000 0.000000 0.000000 
0.003333 0.000000 0.000000 0.910000 0.000000 0.000000 0.000000 0.000000 0.033333 0.003333 0.000000 0.000000 0.000000 0.016667 0.023333 0.003333 0.003333 0.003333 0.000000 0.000000 
0.976667 0.000000 0.000000 0.000000 0.000000 0.000000 0.000000 0.000000 0.000000 0.000000 0.000000 0.000000 0.000000 0.000000 0.000000 0.013333 0.003333 0.006667 0.000000 0.000000 
0.760000 0.000000 0.000000 0.000000 0.000000 0.000000 0.000000 0.003333 0.000000 0.003333 0.000000 0.000000 0.000000 0.000000 0.000000 0.190000 0.040000 0.003333 0.000000 0.000000 
0.020000 0.000000 0.000000 0.010000 0.000000 0.000000 0.143333 0.000000 0.040000 0.000000 0.000000 0.000000 0.000000 0.350000 0.016667 0.006667 0.006667 0.016667 0.000000 0.390000 
0.190000 0.000000 0.366667 0.363333 0.000000 0.003333 0.000000 0.003333 0.013333 0.000000 0.000000 0.003333 0.000000 0.036667 0.003333 0.016667 0.000000 0.000000 0.000000 0.000000 
0.000000 0.000000 0.000000 0.000000 0.000000 0.000000 0.030000 0.000000 0.323333 0.036667 0.000000 0.000000 0.000000 0.003333 0.606667 0.000000 0.000000 0.000000 0.000000 0.000000 

