MEME version 4

ALPHABET= ACDEFGHIKLMNPQRSTVWY

Background letter frequencies
A 0.1134 C 0.0105 D 0.0638 E 0.0702 F 0.0297 G 0.0889 H 0.0205 I 0.0614 K 0.0495 L 0.0963 
M 0.0246 N 0.0360 P 0.0427 Q 0.0317 R 0.0509 S 0.0508 T 0.0505 V 0.0702 W 0.0129 
Y 0.0257 

MOTIF MEME-2
letter-probability matrix: alength= 20 w= 30 nsites= 1759 E= 0.000000
0.009101 0.006257 0.000000 0.000000 0.000569 0.073379 0.000000 0.086462 0.001706 0.002275 0.001138 0.000000 0.000000 0.000000 0.000000 0.172924 0.001706 0.618885 0.000000 0.025597 
0.000000 0.001706 0.000000 0.072810 0.000000 0.000000 0.000000 0.309443 0.179750 0.065415 0.000000 0.000000 0.000000 0.000000 0.001706 0.023322 0.002844 0.343003 0.000000 0.000000 
0.075654 0.002844 0.000000 0.693402 0.000000 0.023322 0.000000 0.000000 0.000000 0.000000 0.000000 0.000000 0.014221 0.000000 0.179750 0.007964 0.002844 0.000000 0.000000 0.000000 
0.192833 0.000000 0.000000 0.000000 0.000000 0.698521 0.000000 0.000000 0.000000 0.000000 0.000000 0.000000 0.000000 0.000000 0.000000 0.012514 0.023322 0.000000 0.000000 0.072810 
0.000000 0.000000 0.000000 0.000000 0.005119 0.184300 0.025597 0.000000 0.070535 0.000000 0.000000 0.000000 0.000000 0.000569 0.631968 0.000000 0.000000 0.000000 0.072810 0.009101 
0.692833 0.001138 0.000000 0.002844 0.000000 0.253129 0.000000 0.000000 0.000000 0.000000 0.000000 0.000000 0.001138 0.001706 0.000000 0.008532 0.034699 0.003982 0.000000 0.000000 
0.159272 0.000000 0.023891 0.060865 0.000000 0.021047 0.188282 0.000000 0.009670 0.078498 0.000000 0.005688 0.096701 0.091013 0.247440 0.015358 0.000569 0.000569 0.000000 0.001138 
0.037543 0.000000 0.000000 0.000000 0.000000 0.249147 0.000000 0.002275 0.000000 0.000000 0.000000 0.000000 0.005119 0.000000 0.000000 0.093857 0.610353 0.001706 0.000000 0.000000 
0.020478 0.001138 0.011377 0.003413 0.000000 0.000569 0.000000 0.086462 0.000000 0.006257 0.003982 0.000000 0.000000 0.091581 0.000000 0.000000 0.009101 0.763936 0.000000 0.001706 
0.187144 0.000000 0.005119 0.350967 0.065415 0.007395 0.008532 0.000000 0.051195 0.005119 0.000569 0.000000 0.056883 0.035836 0.076223 0.001138 0.007395 0.023891 0.000000 0.117179 
0.854380 0.001138 0.000569 0.067122 0.000000 0.001706 0.001706 0.002844 0.001138 0.000000 0.000000 0.000000 0.000000 0.001138 0.005119 0.008532 0.053470 0.001138 0.000000 0.000000 
0.641638 0.036974 0.000000 0.000000 0.000000 0.049488 0.179750 0.018771 0.003413 0.053470 0.004551 0.000000 0.000000 0.000000 0.000000 0.002275 0.003413 0.006257 0.000000 0.000000 
0.199659 0.000000 0.000000 0.002844 0.000000 0.000569 0.000000 0.091013 0.001706 0.010808 0.001138 0.000000 0.000569 0.000000 0.000000 0.000000 0.000569 0.691126 0.000000 0.000000 
0.031286 0.005688 0.066553 0.229807 0.000000 0.011377 0.364050 0.005119 0.162116 0.008532 0.003982 0.013083 0.000000 0.039249 0.031286 0.011377 0.002275 0.000569 0.000000 0.013652 
0.000569 0.000000 0.001706 0.906712 0.000569 0.000000 0.003413 0.000569 0.000000 0.000000 0.000000 0.000000 0.000000 0.005688 0.072241 0.000569 0.000569 0.007395 0.000000 0.000000 
0.000000 0.001706 0.000000 0.000000 0.032423 0.000000 0.000000 0.164960 0.000000 0.636519 0.122298 0.000000 0.000000 0.000569 0.000000 0.001138 0.000000 0.038680 0.001706 0.000000 
0.389078 0.001138 0.000000 0.039818 0.005688 0.167235 0.000000 0.000000 0.040956 0.000000 0.059727 0.000000 0.000000 0.002275 0.006257 0.261661 0.025597 0.000569 0.000000 0.000000 
0.004551 0.000000 0.563140 0.195108 0.000000 0.030717 0.001706 0.000000 0.009101 0.000000 0.000000 0.009101 0.160978 0.009101 0.003413 0.006257 0.005688 0.000000 0.000000 0.001138 
0.032423 0.000569 0.001706 0.006826 0.084755 0.017634 0.022184 0.001138 0.009670 0.031286 0.004551 0.100683 0.000569 0.011945 0.010239 0.009670 0.022184 0.012514 0.000569 0.618885 
0.002844 0.000000 0.000000 0.000000 0.003413 0.000000 0.000000 0.043231 0.000000 0.877702 0.003982 0.000000 0.000000 0.000000 0.000000 0.000000 0.000000 0.068828 0.000000 0.000000 
0.000569 0.000569 0.000569 0.009670 0.000000 0.000000 0.000000 0.629693 0.000000 0.151308 0.004551 0.000000 0.000000 0.009101 0.006257 0.000569 0.006826 0.179750 0.000000 0.000569 
0.000569 0.000000 0.005688 0.001138 0.000000 0.988623 0.000000 0.000000 0.000000 0.000000 0.000000 0.000000 0.000000 0.001138 0.000000 0.002844 0.000000 0.000000 0.000000 0.000000 
0.015927 0.000000 0.002275 0.262230 0.000000 0.000000 0.001706 0.000000 0.327645 0.009670 0.000000 0.001706 0.000000 0.281570 0.090444 0.002275 0.002275 0.001138 0.001138 0.000000 
0.000569 0.000000 0.858362 0.002844 0.000000 0.001138 0.000000 0.000000 0.000569 0.000000 0.000000 0.130262 0.001138 0.000000 0.000000 0.004551 0.000569 0.000000 0.000000 0.000000 
0.018771 0.000000 0.000000 0.000000 0.000000 0.000000 0.000000 0.000000 0.000000 0.000000 0.000000 0.000000 0.980091 0.000569 0.000000 0.000569 0.000000 0.000000 0.000000 0.000000 
0.163161 0.001137 0.002274 0.000569 0.074474 0.009096 0.015918 0.000000 0.000000 0.209778 0.036953 0.130756 0.000000 0.008528 0.172825 0.159750 0.014213 0.000000 0.000000 0.000569 
0.008528 0.001706 0.273451 0.027857 0.000569 0.000000 0.028994 0.000000 0.014213 0.105742 0.002274 0.114269 0.003411 0.029562 0.384309 0.002274 0.002843 0.000000 0.000000 0.000000 
0.000000 0.000000 0.000000 0.000000 0.000000 0.000000 0.000000 0.965890 0.000000 0.009096 0.007391 0.000000 0.000000 0.000000 0.000000 0.000000 0.001706 0.015918 0.000000 0.000000 
0.057987 0.000000 0.170551 0.469585 0.000000 0.032973 0.000000 0.000000 0.000000 0.000000 0.000000 0.249005 0.000000 0.010233 0.000000 0.008528 0.001137 0.000000 0.000000 0.000000 
0.007959 0.000000 0.642979 0.013076 0.000000 0.011370 0.018761 0.000000 0.152359 0.007391 0.000000 0.000569 0.000569 0.001137 0.139284 0.000000 0.001137 0.000569 0.000000 0.002843 

MOTIF MEME-8
letter-probability matrix: alength= 20 w= 30 nsites= 6672 E= 0.000000
0.040174 0.000000 0.007045 0.068356 0.083046 0.003448 0.055614 0.076151 0.027882 0.052166 0.010343 0.013941 0.001649 0.028182 0.096537 0.032829 0.017838 0.143607 0.171638 0.069555 
0.007495 0.000000 0.354070 0.173737 0.000150 0.127267 0.002698 0.028631 0.000000 0.028032 0.088443 0.001799 0.000000 0.094289 0.001349 0.006146 0.008994 0.064008 0.012592 0.000300 
0.193674 0.005846 0.014690 0.007795 0.525109 0.001199 0.049918 0.019188 0.000300 0.017389 0.038975 0.000899 0.000000 0.011093 0.000000 0.051566 0.003298 0.052316 0.000150 0.006596 
0.020384 0.000300 0.004496 0.042416 0.106115 0.005695 0.002848 0.032074 0.458183 0.096972 0.013789 0.001948 0.000000 0.010042 0.163969 0.002248 0.001049 0.021283 0.011391 0.004796 
0.022036 0.000600 0.055314 0.090841 0.001199 0.004347 0.029531 0.002998 0.099235 0.015140 0.031180 0.024884 0.026683 0.298906 0.240294 0.017389 0.015290 0.011692 0.000899 0.011542 
0.053207 0.000000 0.001799 0.003297 0.124251 0.002398 0.000000 0.116157 0.000899 0.431505 0.019335 0.000000 0.015737 0.001199 0.000899 0.001799 0.049610 0.167266 0.000000 0.010641 
0.045414 0.004197 0.000000 0.000000 0.051559 0.000000 0.000000 0.262440 0.000000 0.524580 0.023831 0.000150 0.002398 0.000000 0.000000 0.000300 0.007494 0.077188 0.000000 0.000450 
0.113459 0.005396 0.048861 0.240108 0.000899 0.002698 0.005246 0.002398 0.063549 0.046013 0.033124 0.009143 0.001049 0.244904 0.064598 0.094724 0.020683 0.003147 0.000000 0.000000 
0.238945 0.000899 0.063858 0.127117 0.001049 0.106281 0.016339 0.010793 0.033278 0.067006 0.062959 0.034927 0.003298 0.041373 0.095638 0.033428 0.039424 0.015140 0.005996 0.002249 
0.040767 0.002698 0.049910 0.049910 0.000000 0.419814 0.018585 0.000000 0.052908 0.000600 0.000000 0.052908 0.000150 0.053357 0.184053 0.025030 0.048861 0.000000 0.000000 0.000450 
0.512140 0.055456 0.004047 0.000300 0.005246 0.176409 0.001049 0.001199 0.009442 0.005396 0.004946 0.029826 0.000000 0.000000 0.003147 0.078837 0.008993 0.009442 0.000300 0.093825 
0.219574 0.097272 0.000000 0.000000 0.001199 0.009143 0.000000 0.244604 0.000000 0.103867 0.005396 0.000150 0.000150 0.000000 0.000000 0.023681 0.007644 0.287320 0.000000 0.000000 
0.059203 0.000000 0.784323 0.001499 0.000000 0.018585 0.013040 0.000000 0.002848 0.000150 0.000000 0.011541 0.000000 0.016037 0.015138 0.072992 0.004646 0.000000 0.000000 0.000000 
0.004047 0.000899 0.000000 0.000000 0.081997 0.007645 0.003448 0.434268 0.032229 0.125918 0.037326 0.000000 0.000000 0.000000 0.001349 0.003148 0.001049 0.217659 0.001049 0.047969 
0.025180 0.057104 0.000000 0.000000 0.023681 0.000000 0.000000 0.386391 0.000000 0.200540 0.055006 0.000000 0.000300 0.000000 0.000000 0.000000 0.000000 0.251199 0.000600 0.000000 
0.045564 0.000000 0.000000 0.000000 0.000000 0.000000 0.000000 0.000000 0.000000 0.000150 0.013339 0.246103 0.000000 0.691847 0.000000 0.002848 0.000150 0.000000 0.000000 0.000000 
0.003447 0.000000 0.000000 0.000000 0.001948 0.000000 0.000000 0.393135 0.000000 0.074341 0.001499 0.000000 0.465528 0.000300 0.000000 0.000000 0.001499 0.023082 0.000000 0.035222 
0.000000 0.000000 0.711781 0.000000 0.000000 0.000000 0.000000 0.000000 0.288070 0.000000 0.000000 0.000000 0.000000 0.000000 0.000000 0.000150 0.000000 0.000000 0.000000 0.000000 
0.245803 0.000450 0.000000 0.000000 0.004496 0.001499 0.000000 0.075240 0.000000 0.373052 0.009442 0.001349 0.028028 0.000000 0.000000 0.058153 0.059952 0.142536 0.000000 0.000000 
0.130135 0.152924 0.000000 0.000900 0.000150 0.102099 0.000000 0.001049 0.000000 0.000450 0.216792 0.038231 0.085907 0.001649 0.000000 0.238381 0.019940 0.010045 0.000000 0.001349 
0.000899 0.000000 0.014538 0.000000 0.000000 0.007644 0.229916 0.000000 0.265737 0.005845 0.000450 0.019185 0.000000 0.000000 0.325240 0.000300 0.000000 0.013489 0.116757 0.000000 
0.228567 0.229017 0.000000 0.000000 0.000450 0.000450 0.000000 0.019185 0.000000 0.117056 0.037320 0.000150 0.000000 0.000000 0.000000 0.057104 0.056055 0.254646 0.000000 0.000000 
0.049318 0.000750 0.000000 0.000000 0.000000 0.945136 0.000000 0.000000 0.000000 0.000000 0.000000 0.000000 0.000000 0.000000 0.000000 0.004797 0.000000 0.000000 0.000000 0.000000 
0.000000 0.000000 0.000300 0.000000 0.000000 0.983661 0.000000 0.000000 0.000000 0.000000 0.000000 0.000000 0.000000 0.000000 0.000000 0.016040 0.000000 0.000000 0.000000 0.000000 
0.000000 0.000000 0.000000 0.000000 0.012890 0.000150 0.000000 0.546763 0.000000 0.209532 0.037170 0.000000 0.005695 0.000000 0.000000 0.000000 0.000000 0.184353 0.000000 0.003447 
0.012590 0.000600 0.002848 0.003597 0.013489 0.003747 0.028327 0.000600 0.012740 0.024131 0.000450 0.214478 0.002848 0.010941 0.064299 0.145084 0.386841 0.001049 0.004796 0.066547 
0.040618 0.000000 0.002548 0.656025 0.000000 0.039119 0.002098 0.001799 0.016337 0.000000 0.004197 0.059952 0.082434 0.030426 0.011541 0.001799 0.048411 0.002548 0.000000 0.000150 
0.279077 0.122902 0.000000 0.000450 0.044065 0.013489 0.000150 0.035222 0.000000 0.127248 0.038669 0.085432 0.000000 0.000000 0.000000 0.020084 0.082734 0.129047 0.016787 0.004646 
0.012590 0.001049 0.000150 0.013639 0.008843 0.000899 0.016787 0.095024 0.056805 0.347722 0.024281 0.002248 0.000000 0.039269 0.190348 0.002098 0.003297 0.113909 0.026978 0.044065 
0.191397 0.000600 0.006145 0.065498 0.000000 0.001199 0.004496 0.008993 0.467176 0.009293 0.001649 0.000899 0.000749 0.029826 0.172212 0.018435 0.010941 0.010492 0.000000 0.000000 

MOTIF MEME-18
letter-probability matrix: alength= 20 w= 30 nsites= 175 E= 0.000000
0.000000 0.000000 0.920000 0.000000 0.000000 0.000000 0.000000 0.000000 0.051429 0.005714 0.000000 0.000000 0.000000 0.000000 0.005714 0.017143 0.000000 0.000000 0.000000 0.000000 
0.000000 0.000000 0.000000 0.000000 0.000000 0.125714 0.000000 0.000000 0.000000 0.000000 0.000000 0.000000 0.000000 0.874286 0.000000 0.000000 0.000000 0.000000 0.000000 0.000000 
0.034286 0.000000 0.000000 0.011429 0.000000 0.000000 0.000000 0.000000 0.177143 0.022857 0.017143 0.000000 0.000000 0.434286 0.257143 0.000000 0.045714 0.000000 0.000000 0.000000 
0.891429 0.000000 0.000000 0.000000 0.000000 0.062857 0.000000 0.000000 0.000000 0.000000 0.000000 0.000000 0.000000 0.000000 0.000000 0.000000 0.000000 0.045714 0.000000 0.000000 
0.005714 0.000000 0.000000 0.000000 0.000000 0.000000 0.000000 0.857143 0.000000 0.045714 0.000000 0.000000 0.000000 0.000000 0.000000 0.000000 0.000000 0.091429 0.000000 0.000000 
0.000000 0.000000 0.000000 0.000000 0.000000 0.011429 0.000000 0.000000 0.874286 0.062857 0.000000 0.000000 0.000000 0.011429 0.028571 0.000000 0.005714 0.005714 0.000000 0.000000 
0.120000 0.000000 0.011429 0.005714 0.000000 0.017143 0.000000 0.000000 0.245714 0.011429 0.057143 0.388571 0.000000 0.028571 0.022857 0.062857 0.011429 0.000000 0.000000 0.017143 
0.062857 0.017143 0.017143 0.005714 0.000000 0.851429 0.000000 0.000000 0.000000 0.000000 0.000000 0.045714 0.000000 0.000000 0.000000 0.000000 0.000000 0.000000 0.000000 0.000000 
0.817143 0.000000 0.000000 0.011429 0.000000 0.000000 0.000000 0.028571 0.000000 0.000000 0.000000 0.000000 0.000000 0.000000 0.017143 0.000000 0.000000 0.125714 0.000000 0.000000 
0.017143 0.000000 0.005714 0.051429 0.000000 0.668571 0.000000 0.011429 0.125714 0.000000 0.000000 0.000000 0.011429 0.022857 0.011429 0.011429 0.034286 0.028571 0.000000 0.000000 
0.034286 0.000000 0.000000 0.005714 0.000000 0.051429 0.737143 0.005714 0.000000 0.045714 0.000000 0.022857 0.000000 0.022857 0.011429 0.040000 0.022857 0.000000 0.000000 0.000000 
0.000000 0.000000 0.874286 0.005714 0.000000 0.000000 0.000000 0.062857 0.000000 0.000000 0.000000 0.051429 0.000000 0.000000 0.000000 0.000000 0.005714 0.000000 0.000000 0.000000 
0.051429 0.000000 0.000000 0.000000 0.000000 0.862857 0.000000 0.000000 0.005714 0.000000 0.000000 0.062857 0.000000 0.000000 0.000000 0.000000 0.017143 0.000000 0.000000 0.000000 
0.068571 0.045714 0.051429 0.000000 0.725714 0.000000 0.005714 0.000000 0.000000 0.017143 0.022857 0.017143 0.000000 0.000000 0.017143 0.005714 0.000000 0.011429 0.000000 0.011429 
0.142857 0.000000 0.000000 0.000000 0.285714 0.000000 0.000000 0.217143 0.000000 0.017143 0.000000 0.005714 0.000000 0.000000 0.000000 0.034286 0.280000 0.017143 0.000000 0.000000 
0.045714 0.000000 0.000000 0.000000 0.011429 0.000000 0.000000 0.005714 0.000000 0.062857 0.000000 0.000000 0.000000 0.000000 0.000000 0.000000 0.000000 0.000000 0.000000 0.874286 
0.068571 0.000000 0.011429 0.017143 0.022857 0.000000 0.000000 0.051429 0.017143 0.062857 0.005714 0.011429 0.000000 0.034286 0.011429 0.011429 0.525714 0.148571 0.000000 0.000000 
0.000000 0.000000 0.000000 0.000000 0.000000 0.891429 0.000000 0.000000 0.000000 0.000000 0.000000 0.000000 0.062857 0.000000 0.000000 0.045714 0.000000 0.000000 0.000000 0.000000 
0.177143 0.000000 0.114286 0.394286 0.045714 0.017143 0.000000 0.000000 0.131429 0.000000 0.000000 0.005714 0.011429 0.045714 0.005714 0.040000 0.011429 0.000000 0.000000 0.000000 
0.057143 0.000000 0.000000 0.000000 0.000000 0.000000 0.000000 0.005714 0.000000 0.062857 0.000000 0.000000 0.777143 0.000000 0.000000 0.000000 0.097143 0.000000 0.000000 0.000000 
0.028571 0.017143 0.000000 0.005714 0.000000 0.000000 0.000000 0.051429 0.028571 0.080000 0.022857 0.000000 0.000000 0.028571 0.011429 0.011429 0.000000 0.714286 0.000000 0.000000 
0.091429 0.000000 0.000000 0.000000 0.000000 0.000000 0.000000 0.000000 0.000000 0.000000 0.000000 0.017143 0.000000 0.000000 0.000000 0.028571 0.862857 0.000000 0.000000 0.000000 
0.022857 0.000000 0.045714 0.302857 0.000000 0.000000 0.000000 0.000000 0.011429 0.000000 0.000000 0.000000 0.348571 0.177143 0.000000 0.080000 0.011429 0.000000 0.000000 0.000000 
0.062857 0.000000 0.000000 0.000000 0.000000 0.920000 0.000000 0.000000 0.000000 0.000000 0.000000 0.000000 0.000000 0.000000 0.000000 0.000000 0.017143 0.000000 0.000000 0.000000 
0.000000 0.000000 0.000000 0.011429 0.868571 0.045714 0.000000 0.051429 0.000000 0.005714 0.000000 0.000000 0.000000 0.000000 0.000000 0.000000 0.005714 0.005714 0.000000 0.005714 
0.057143 0.000000 0.022857 0.005714 0.000000 0.000000 0.017143 0.000000 0.131429 0.000000 0.000000 0.165714 0.011429 0.017143 0.040000 0.160000 0.365714 0.005714 0.000000 0.000000 
0.411429 0.000000 0.005714 0.011429 0.000000 0.005714 0.000000 0.000000 0.017143 0.000000 0.000000 0.011429 0.000000 0.045714 0.022857 0.388571 0.017143 0.062857 0.000000 0.000000 
0.017143 0.000000 0.000000 0.000000 0.000000 0.000000 0.000000 0.280000 0.000000 0.000000 0.000000 0.000000 0.000000 0.000000 0.000000 0.000000 0.000000 0.702857 0.000000 0.000000 
0.000000 0.000000 0.000000 0.062857 0.000000 0.000000 0.000000 0.011429 0.000000 0.000000 0.000000 0.000000 0.000000 0.045714 0.880000 0.000000 0.000000 0.000000 0.000000 0.000000 
0.011429 0.000000 0.000000 0.057143 0.000000 0.000000 0.000000 0.000000 0.000000 0.000000 0.017143 0.000000 0.000000 0.874286 0.005714 0.011429 0.000000 0.022857 0.000000 0.000000 

MOTIF MEME-20
letter-probability matrix: alength= 20 w= 30 nsites= 149 E= 0.000000
0.000000 0.000000 0.000000 0.006757 0.824324 0.000000 0.000000 0.000000 0.013514 0.006757 0.000000 0.006757 0.000000 0.020270 0.121622 0.000000 0.000000 0.000000 0.000000 0.000000 
0.013514 0.000000 0.000000 0.013514 0.000000 0.000000 0.013514 0.000000 0.229730 0.445946 0.000000 0.006757 0.000000 0.027027 0.229730 0.013514 0.006757 0.000000 0.000000 0.000000 
0.067568 0.006757 0.054054 0.162162 0.000000 0.027027 0.000000 0.000000 0.027027 0.182432 0.006757 0.013514 0.378378 0.000000 0.006757 0.027027 0.040541 0.000000 0.000000 0.000000 
0.122449 0.000000 0.000000 0.006803 0.000000 0.013605 0.000000 0.000000 0.000000 0.238095 0.102041 0.476190 0.000000 0.000000 0.000000 0.000000 0.000000 0.040816 0.000000 0.000000 
0.727891 0.061224 0.054422 0.068027 0.000000 0.047619 0.000000 0.000000 0.000000 0.006803 0.000000 0.000000 0.000000 0.000000 0.000000 0.013605 0.020408 0.000000 0.000000 0.000000 
0.027211 0.000000 0.027211 0.244898 0.000000 0.020408 0.000000 0.020408 0.081633 0.047619 0.000000 0.006803 0.000000 0.013605 0.442177 0.061224 0.006803 0.000000 0.000000 0.000000 
0.006803 0.000000 0.040816 0.190476 0.482993 0.000000 0.000000 0.068027 0.013605 0.013605 0.047619 0.000000 0.000000 0.020408 0.000000 0.000000 0.061224 0.047619 0.000000 0.006803 
0.000000 0.000000 0.047619 0.095238 0.646259 0.000000 0.000000 0.047619 0.006803 0.047619 0.061224 0.000000 0.000000 0.000000 0.000000 0.020408 0.000000 0.027211 0.000000 0.000000 
0.000000 0.000000 0.666667 0.163265 0.000000 0.000000 0.054422 0.006803 0.006803 0.000000 0.020408 0.040816 0.000000 0.006803 0.006803 0.013605 0.006803 0.000000 0.000000 0.006803 
0.054422 0.000000 0.006803 0.156463 0.000000 0.006803 0.020408 0.000000 0.394558 0.047619 0.013605 0.027211 0.006803 0.054422 0.020408 0.142857 0.034014 0.013605 0.000000 0.000000 
0.013699 0.000000 0.020548 0.000000 0.006849 0.000000 0.054795 0.102740 0.054795 0.472603 0.143836 0.006849 0.000000 0.020548 0.041096 0.000000 0.006849 0.047945 0.000000 0.006849 
0.034014 0.000000 0.020408 0.061224 0.000000 0.000000 0.040816 0.006803 0.108844 0.020408 0.006803 0.006803 0.000000 0.074830 0.523810 0.000000 0.095238 0.000000 0.000000 0.000000 
0.013605 0.000000 0.000000 0.027211 0.000000 0.000000 0.000000 0.551020 0.020408 0.020408 0.006803 0.000000 0.088435 0.006803 0.000000 0.013605 0.000000 0.251701 0.000000 0.000000 
0.000000 0.000000 0.619048 0.061224 0.000000 0.027211 0.000000 0.000000 0.006803 0.000000 0.000000 0.224490 0.000000 0.006803 0.006803 0.006803 0.040816 0.000000 0.000000 0.000000 
0.000000 0.000000 0.000000 0.006803 0.000000 0.965986 0.000000 0.000000 0.000000 0.000000 0.000000 0.020408 0.000000 0.000000 0.000000 0.006803 0.000000 0.000000 0.000000 0.000000 
0.006803 0.000000 0.020408 0.102041 0.000000 0.000000 0.115646 0.000000 0.374150 0.000000 0.000000 0.306122 0.000000 0.040816 0.013605 0.013605 0.000000 0.006803 0.000000 0.000000 
0.000000 0.000000 0.000000 0.000000 0.000000 0.013605 0.000000 0.000000 0.040816 0.414966 0.000000 0.000000 0.102041 0.034014 0.387755 0.006803 0.000000 0.000000 0.000000 0.000000 
0.000000 0.000000 0.000000 0.000000 0.027211 0.000000 0.000000 0.034014 0.000000 0.782313 0.061224 0.000000 0.000000 0.000000 0.000000 0.000000 0.000000 0.000000 0.000000 0.095238 
0.000000 0.000000 0.000000 0.000000 0.000000 0.000000 1.000000 0.000000 0.000000 0.000000 0.000000 0.000000 0.000000 0.000000 0.000000 0.000000 0.000000 0.000000 0.000000 0.000000 
0.000000 0.000000 0.000000 0.000000 0.000000 0.000000 0.000000 0.000000 0.000000 0.000000 0.013605 0.000000 0.000000 0.000000 0.000000 0.013605 0.972789 0.000000 0.000000 0.000000 
1.000000 0.000000 0.000000 0.000000 0.000000 0.000000 0.000000 0.000000 0.000000 0.000000 0.000000 0.000000 0.000000 0.000000 0.000000 0.000000 0.000000 0.000000 0.000000 0.000000 
0.006803 0.000000 0.000000 0.000000 0.000000 0.000000 0.000000 0.448980 0.000000 0.129252 0.000000 0.000000 0.000000 0.000000 0.000000 0.000000 0.000000 0.414966 0.000000 0.000000 
0.000000 0.000000 0.000000 0.000000 0.000000 0.000000 0.000000 0.000000 0.000000 0.000000 0.000000 0.000000 0.000000 0.006803 0.993197 0.000000 0.000000 0.000000 0.000000 0.000000 
0.006803 0.000000 0.000000 0.000000 0.000000 0.000000 0.000000 0.000000 0.000000 0.000000 0.000000 0.000000 0.000000 0.000000 0.000000 0.000000 0.000000 0.000000 0.000000 0.993197 
0.000000 0.000000 0.000000 0.000000 0.000000 1.000000 0.000000 0.000000 0.000000 0.000000 0.000000 0.000000 0.000000 0.000000 0.000000 0.000000 0.000000 0.000000 0.000000 0.000000 
0.000000 0.000000 0.000000 0.000000 0.000000 0.000000 0.000000 0.183673 0.000000 0.510204 0.006803 0.000000 0.000000 0.000000 0.000000 0.000000 0.000000 0.299320 0.000000 0.000000 
0.000000 0.000000 0.006803 0.000000 0.000000 0.000000 0.000000 0.000000 0.000000 0.000000 0.000000 0.000000 0.000000 0.000000 0.000000 0.727891 0.265306 0.000000 0.000000 0.000000 
0.000000 0.000000 0.000000 0.000000 0.000000 0.000000 0.000000 0.000000 0.000000 0.000000 0.006803 0.000000 0.000000 0.993197 0.000000 0.000000 0.000000 0.000000 0.000000 0.000000 
0.979592 0.000000 0.000000 0.000000 0.000000 0.000000 0.000000 0.000000 0.000000 0.013605 0.000000 0.000000 0.000000 0.000000 0.000000 0.000000 0.006803 0.000000 0.000000 0.000000 
0.000000 0.006757 0.000000 0.000000 0.000000 0.000000 0.000000 0.378378 0.000000 0.614865 0.000000 0.000000 0.000000 0.000000 0.000000 0.000000 0.000000 0.000000 0.000000 0.000000 

MOTIF MEME-21
letter-probability matrix: alength= 20 w= 30 nsites= 150 E= 0.000000
0.013333 0.000000 0.000000 0.000000 0.000000 0.500000 0.100000 0.000000 0.260000 0.000000 0.000000 0.053333 0.000000 0.013333 0.053333 0.006667 0.000000 0.000000 0.000000 0.000000 
0.006667 0.033333 0.000000 0.000000 0.000000 0.000000 0.000000 0.100000 0.126667 0.053333 0.006667 0.000000 0.000000 0.006667 0.533333 0.000000 0.033333 0.100000 0.000000 0.000000 
0.000000 0.000000 0.000000 0.000000 0.000000 0.000000 0.000000 0.000000 0.000000 0.600000 0.006667 0.000000 0.000000 0.000000 0.000000 0.000000 0.393333 0.000000 0.000000 0.000000 
0.000000 0.000000 0.000000 0.000000 0.000000 0.000000 0.000000 0.000000 0.456376 0.000000 0.503356 0.000000 0.006711 0.020134 0.013423 0.000000 0.000000 0.000000 0.000000 0.000000 
0.446667 0.113333 0.000000 0.000000 0.000000 0.000000 0.000000 0.000000 0.000000 0.000000 0.000000 0.000000 0.000000 0.000000 0.000000 0.013333 0.426667 0.000000 0.000000 0.000000 
0.000000 0.000000 0.020000 0.940000 0.000000 0.000000 0.000000 0.000000 0.000000 0.000000 0.000000 0.000000 0.000000 0.033333 0.006667 0.000000 0.000000 0.000000 0.000000 0.000000 
0.000000 0.000000 0.000000 0.000000 0.000000 0.000000 0.000000 0.053333 0.000000 0.000000 0.000000 0.000000 0.000000 0.000000 0.000000 0.000000 0.000000 0.946667 0.000000 0.000000 
0.000000 0.000000 0.000000 0.000000 0.000000 0.000000 0.000000 0.220000 0.000000 0.013333 0.013333 0.000000 0.000000 0.000000 0.000000 0.000000 0.000000 0.753333 0.000000 0.000000 
0.226667 0.446667 0.000000 0.000000 0.000000 0.000000 0.006667 0.000000 0.026667 0.086667 0.000000 0.000000 0.000000 0.006667 0.113333 0.006667 0.006667 0.060000 0.000000 0.013333 
0.013333 0.000000 0.640000 0.153333 0.000000 0.020000 0.000000 0.000000 0.113333 0.000000 0.000000 0.033333 0.000000 0.006667 0.006667 0.013333 0.000000 0.000000 0.000000 0.000000 
0.020000 0.000000 0.006667 0.966667 0.000000 0.000000 0.000000 0.000000 0.000000 0.000000 0.000000 0.000000 0.000000 0.000000 0.000000 0.000000 0.006667 0.000000 0.000000 0.000000 
0.000000 0.000000 0.000000 0.000000 0.013333 0.000000 0.000000 0.000000 0.000000 0.020000 0.000000 0.000000 0.000000 0.000000 0.000000 0.000000 0.000000 0.000000 0.453333 0.513333 
0.000000 0.000000 0.040000 0.026667 0.000000 0.140000 0.100000 0.000000 0.066667 0.000000 0.000000 0.200000 0.000000 0.406667 0.000000 0.020000 0.000000 0.000000 0.000000 0.000000 
0.006667 0.060000 0.000000 0.000000 0.000000 0.000000 0.000000 0.006667 0.000000 0.600000 0.000000 0.000000 0.060000 0.000000 0.000000 0.000000 0.266667 0.000000 0.000000 0.000000 
0.000000 0.006667 0.013333 0.060000 0.000000 0.180000 0.000000 0.000000 0.033333 0.000000 0.000000 0.000000 0.566667 0.020000 0.006667 0.006667 0.106667 0.000000 0.000000 0.000000 
0.026667 0.233333 0.000000 0.000000 0.000000 0.026667 0.013333 0.020000 0.000000 0.193333 0.033333 0.006667 0.020000 0.000000 0.193333 0.000000 0.013333 0.206667 0.000000 0.013333 
0.026667 0.000000 0.020000 0.146667 0.000000 0.000000 0.000000 0.093333 0.013333 0.013333 0.000000 0.000000 0.013333 0.040000 0.000000 0.133333 0.013333 0.486667 0.000000 0.000000 
0.273333 0.000000 0.066667 0.073333 0.013333 0.006667 0.000000 0.166667 0.006667 0.106667 0.006667 0.006667 0.193333 0.006667 0.000000 0.013333 0.046667 0.013333 0.000000 0.000000 
0.013333 0.000000 0.006667 0.560000 0.000000 0.000000 0.006667 0.006667 0.253333 0.006667 0.000000 0.026667 0.000000 0.013333 0.033333 0.020000 0.053333 0.000000 0.000000 0.000000 
0.206667 0.000000 0.000000 0.013333 0.000000 0.013333 0.000000 0.020000 0.013333 0.000000 0.013333 0.000000 0.306667 0.013333 0.166667 0.220000 0.013333 0.000000 0.000000 0.000000 
0.000000 0.000000 0.000000 0.000000 0.000000 0.000000 0.000000 0.700000 0.000000 0.000000 0.000000 0.000000 0.000000 0.000000 0.013333 0.000000 0.000000 0.286667 0.000000 0.000000 
0.013333 0.000000 0.020000 0.000000 0.000000 0.000000 0.000000 0.000000 0.000000 0.000000 0.000000 0.006667 0.960000 0.000000 0.000000 0.000000 0.000000 0.000000 0.000000 0.000000 
0.000000 0.000000 0.000000 0.000000 0.000000 0.000000 0.000000 0.460000 0.000000 0.453333 0.000000 0.000000 0.000000 0.000000 0.000000 0.000000 0.000000 0.086667 0.000000 0.000000 
0.000000 0.000000 0.000000 0.000000 0.986667 0.000000 0.000000 0.000000 0.000000 0.000000 0.000000 0.000000 0.000000 0.000000 0.000000 0.000000 0.000000 0.000000 0.000000 0.013333 
0.073333 0.033333 0.000000 0.000000 0.000000 0.480000 0.000000 0.000000 0.000000 0.000000 0.000000 0.000000 0.000000 0.000000 0.000000 0.020000 0.393333 0.000000 0.000000 0.000000 
0.000000 0.000000 0.000000 0.000000 0.000000 0.000000 0.000000 0.000000 0.000000 0.000000 0.000000 0.000000 0.000000 1.000000 0.000000 0.000000 0.000000 0.000000 0.000000 0.000000 
0.000000 0.000000 0.000000 0.000000 0.000000 0.000000 0.000000 0.000000 0.000000 0.000000 0.000000 0.006667 0.000000 0.000000 0.000000 0.860000 0.133333 0.000000 0.000000 0.000000 
0.000000 0.000000 0.000000 0.000000 0.000000 1.000000 0.000000 0.000000 0.000000 0.000000 0.000000 0.000000 0.000000 0.000000 0.000000 0.000000 0.000000 0.000000 0.000000 0.000000 
0.000000 0.000000 0.993333 0.006667 0.000000 0.000000 0.000000 0.000000 0.000000 0.000000 0.000000 0.000000 0.000000 0.000000 0.000000 0.000000 0.000000 0.000000 0.000000 0.000000 
0.020000 0.000000 0.833333 0.053333 0.000000 0.000000 0.000000 0.000000 0.000000 0.000000 0.000000 0.073333 0.000000 0.006667 0.000000 0.013333 0.000000 0.000000 0.000000 0.000000 

MOTIF MEME-22
letter-probability matrix: alength= 20 w= 30 nsites= 154 E= 0.000000
0.201299 0.000000 0.090909 0.357143 0.000000 0.012987 0.000000 0.000000 0.064935 0.000000 0.000000 0.019481 0.201299 0.012987 0.006494 0.019481 0.012987 0.000000 0.000000 0.000000 
0.025974 0.019481 0.233766 0.032468 0.000000 0.032468 0.000000 0.000000 0.000000 0.000000 0.000000 0.116883 0.006494 0.006494 0.350649 0.149351 0.019481 0.006494 0.000000 0.000000 
0.000000 0.000000 0.000000 0.000000 0.012987 0.000000 0.000000 0.000000 0.000000 0.000000 0.000000 0.000000 0.000000 0.000000 0.000000 0.000000 0.000000 0.000000 0.000000 0.987013 
0.051948 0.012987 0.012987 0.006494 0.012987 0.000000 0.344156 0.000000 0.077922 0.006494 0.032468 0.142857 0.000000 0.012987 0.181818 0.064935 0.012987 0.000000 0.012987 0.012987 
0.000000 0.000000 0.000000 0.000000 0.000000 0.000000 0.000000 0.000000 0.000000 0.000000 0.000000 0.000000 1.000000 0.000000 0.000000 0.000000 0.000000 0.000000 0.000000 0.000000 
0.006494 0.000000 0.045455 0.000000 0.000000 0.000000 0.000000 0.259740 0.000000 0.000000 0.000000 0.012987 0.000000 0.000000 0.025974 0.006494 0.422078 0.220779 0.000000 0.000000 
0.000000 0.000000 0.000000 0.000000 0.279221 0.000000 0.000000 0.032468 0.000000 0.681818 0.006494 0.000000 0.000000 0.000000 0.000000 0.000000 0.000000 0.000000 0.000000 0.000000 
0.000000 0.000000 0.000000 0.000000 0.000000 0.000000 1.000000 0.000000 0.000000 0.000000 0.000000 0.000000 0.000000 0.000000 0.000000 0.000000 0.000000 0.000000 0.000000 0.000000 
0.000000 0.000000 0.000000 0.000000 0.025974 0.000000 0.000000 0.928571 0.000000 0.019481 0.000000 0.000000 0.000000 0.000000 0.000000 0.000000 0.000000 0.012987 0.000000 0.012987 
0.000000 0.000000 1.000000 0.000000 0.000000 0.000000 0.000000 0.000000 0.000000 0.000000 0.000000 0.000000 0.000000 0.000000 0.000000 0.000000 0.000000 0.000000 0.000000 0.000000 
0.000000 0.000000 0.000000 0.000000 0.012987 0.000000 0.000000 0.000000 0.000000 0.012987 0.000000 0.000000 0.000000 0.000000 0.000000 0.000000 0.000000 0.974026 0.000000 0.000000 
0.000000 0.000000 0.000000 0.000000 0.000000 0.000000 0.025974 0.000000 0.000000 0.000000 0.000000 0.000000 0.000000 0.000000 0.000000 0.000000 0.000000 0.000000 0.000000 0.974026 
0.000000 0.000000 0.006494 0.000000 0.000000 0.980519 0.000000 0.000000 0.000000 0.000000 0.000000 0.000000 0.000000 0.000000 0.000000 0.012987 0.000000 0.000000 0.000000 0.000000 
0.000000 0.000000 0.000000 0.000000 0.000000 0.000000 0.000000 0.006494 0.000000 0.012987 0.019481 0.000000 0.000000 0.000000 0.000000 0.012987 0.935065 0.000000 0.012987 0.000000 
0.000000 0.000000 0.000000 0.000000 0.000000 0.000000 0.000000 0.922078 0.000000 0.077922 0.000000 0.000000 0.000000 0.000000 0.000000 0.000000 0.000000 0.000000 0.000000 0.000000 
0.000000 0.000000 0.000000 0.000000 0.000000 0.987013 0.000000 0.000000 0.000000 0.000000 0.000000 0.000000 0.000000 0.000000 0.000000 0.012987 0.000000 0.000000 0.000000 0.000000 
0.129870 0.000000 0.058442 0.032468 0.000000 0.000000 0.000000 0.064935 0.006494 0.506494 0.051948 0.000000 0.000000 0.064935 0.012987 0.000000 0.019481 0.051948 0.000000 0.000000 
0.357143 0.000000 0.000000 0.012987 0.051948 0.000000 0.000000 0.480519 0.000000 0.025974 0.012987 0.000000 0.000000 0.000000 0.012987 0.000000 0.000000 0.045455 0.000000 0.000000 
0.000000 0.000000 0.000000 0.000000 0.902597 0.000000 0.000000 0.012987 0.000000 0.012987 0.000000 0.000000 0.000000 0.000000 0.000000 0.000000 0.051948 0.012987 0.000000 0.006494 
0.045455 0.000000 0.577922 0.051948 0.000000 0.142857 0.000000 0.000000 0.032468 0.000000 0.000000 0.142857 0.000000 0.000000 0.000000 0.000000 0.000000 0.006494 0.000000 0.000000 
0.000000 0.032680 0.150327 0.000000 0.000000 0.026144 0.000000 0.000000 0.013072 0.032680 0.418301 0.209150 0.013072 0.019608 0.000000 0.000000 0.000000 0.045752 0.000000 0.039216 
0.000000 0.000000 0.837662 0.025974 0.000000 0.000000 0.012987 0.000000 0.006494 0.000000 0.000000 0.077922 0.025974 0.000000 0.006494 0.006494 0.000000 0.000000 0.000000 0.000000 
0.006494 0.000000 0.000000 0.012987 0.019481 0.000000 0.000000 0.084416 0.000000 0.012987 0.012987 0.097403 0.467532 0.000000 0.000000 0.006494 0.103896 0.136364 0.006494 0.032468 
0.000000 0.006494 0.090909 0.162338 0.012987 0.000000 0.000000 0.045455 0.116883 0.220779 0.019481 0.006494 0.051948 0.025974 0.000000 0.000000 0.006494 0.149351 0.000000 0.084416 
0.129870 0.000000 0.000000 0.012987 0.000000 0.000000 0.000000 0.000000 0.168831 0.032468 0.000000 0.006494 0.019481 0.019481 0.584416 0.006494 0.012987 0.006494 0.000000 0.000000 
0.078431 0.444444 0.013072 0.013072 0.000000 0.006536 0.000000 0.052288 0.013072 0.000000 0.346405 0.000000 0.000000 0.006536 0.000000 0.000000 0.006536 0.019608 0.000000 0.000000 
0.668831 0.000000 0.000000 0.025974 0.000000 0.000000 0.000000 0.012987 0.000000 0.025974 0.084416 0.000000 0.000000 0.000000 0.000000 0.000000 0.058442 0.123377 0.000000 0.000000 
0.155844 0.000000 0.246753 0.272727 0.000000 0.006494 0.006494 0.000000 0.012987 0.000000 0.000000 0.019481 0.000000 0.201299 0.000000 0.019481 0.000000 0.058442 0.000000 0.000000 
0.000000 0.000000 0.084416 0.000000 0.012987 0.000000 0.000000 0.000000 0.000000 0.000000 0.000000 0.000000 0.000000 0.000000 0.000000 0.012987 0.012987 0.012987 0.000000 0.863636 
0.000000 0.000000 0.019481 0.000000 0.123377 0.006494 0.000000 0.558442 0.000000 0.188312 0.006494 0.000000 0.000000 0.000000 0.000000 0.000000 0.000000 0.000000 0.000000 0.097403 

MOTIF MEME-24
letter-probability matrix: alength= 20 w= 30 nsites= 158 E= 0.000000
0.000000 0.000000 0.025478 0.044586 0.012739 0.382166 0.000000 0.000000 0.000000 0.000000 0.000000 0.000000 0.522293 0.000000 0.012739 0.000000 0.000000 0.000000 0.000000 0.000000 
0.000000 0.000000 0.000000 0.000000 0.382166 0.000000 0.006369 0.000000 0.000000 0.547771 0.000000 0.000000 0.000000 0.000000 0.000000 0.000000 0.000000 0.012739 0.000000 0.050955 
0.006369 0.000000 0.012739 0.019108 0.000000 0.000000 0.235669 0.012739 0.184713 0.000000 0.012739 0.031847 0.445860 0.012739 0.000000 0.000000 0.025478 0.000000 0.000000 0.000000 
0.000000 0.000000 0.000000 0.000000 0.000000 0.000000 0.000000 0.012821 0.000000 0.967949 0.000000 0.000000 0.000000 0.000000 0.000000 0.000000 0.000000 0.019231 0.000000 0.000000 
0.000000 0.000000 0.000000 0.000000 0.000000 0.000000 0.000000 0.000000 0.025641 0.012821 0.000000 0.012821 0.000000 0.025641 0.487179 0.000000 0.000000 0.000000 0.000000 0.435897 
0.000000 0.000000 0.000000 0.000000 0.012821 0.000000 0.000000 0.961538 0.000000 0.000000 0.000000 0.000000 0.000000 0.000000 0.000000 0.000000 0.000000 0.025641 0.000000 0.000000 
0.000000 0.000000 0.000000 0.974359 0.000000 0.000000 0.000000 0.000000 0.025641 0.000000 0.000000 0.000000 0.000000 0.000000 0.000000 0.000000 0.000000 0.000000 0.000000 0.000000 
0.000000 0.000000 0.012821 0.000000 0.000000 0.961538 0.000000 0.000000 0.000000 0.000000 0.000000 0.000000 0.012821 0.000000 0.000000 0.012821 0.000000 0.000000 0.000000 0.000000 
0.000000 0.000000 0.000000 0.000000 0.000000 0.025641 0.000000 0.000000 0.000000 0.000000 0.000000 0.000000 0.974359 0.000000 0.000000 0.000000 0.000000 0.000000 0.000000 0.000000 
0.012903 0.000000 0.000000 0.000000 0.000000 0.000000 0.000000 0.019355 0.000000 0.025806 0.445161 0.000000 0.000000 0.000000 0.000000 0.000000 0.000000 0.483871 0.012903 0.000000 
0.000000 0.000000 0.987179 0.000000 0.000000 0.000000 0.000000 0.000000 0.000000 0.000000 0.000000 0.000000 0.000000 0.000000 0.000000 0.012821 0.000000 0.000000 0.000000 0.000000 
0.589744 0.038462 0.000000 0.000000 0.012821 0.000000 0.000000 0.000000 0.000000 0.000000 0.070513 0.000000 0.000000 0.000000 0.025641 0.019231 0.000000 0.243590 0.000000 0.000000 
0.000000 0.000000 0.038462 0.237179 0.000000 0.724359 0.000000 0.000000 0.000000 0.000000 0.000000 0.000000 0.000000 0.000000 0.000000 0.000000 0.000000 0.000000 0.000000 0.000000 
0.000000 0.012821 0.160256 0.121795 0.000000 0.012821 0.032051 0.000000 0.000000 0.000000 0.000000 0.500000 0.012821 0.000000 0.000000 0.141026 0.006410 0.000000 0.000000 0.000000 
0.000000 0.000000 0.032051 0.000000 0.000000 0.000000 0.000000 0.012821 0.519231 0.032051 0.000000 0.012821 0.000000 0.000000 0.358974 0.000000 0.025641 0.006410 0.000000 0.000000 
0.032051 0.000000 0.019231 0.301282 0.000000 0.012821 0.000000 0.019231 0.019231 0.000000 0.000000 0.000000 0.435897 0.108974 0.044872 0.000000 0.000000 0.000000 0.000000 0.006410 
0.108974 0.000000 0.455128 0.057692 0.000000 0.108974 0.000000 0.000000 0.217949 0.006410 0.000000 0.000000 0.000000 0.006410 0.032051 0.006410 0.000000 0.000000 0.000000 0.000000 
0.000000 0.000000 0.012821 0.000000 0.000000 0.000000 0.000000 0.000000 0.012821 0.000000 0.000000 0.000000 0.000000 0.942308 0.000000 0.000000 0.019231 0.012821 0.000000 0.000000 
0.000000 0.006452 0.000000 0.000000 0.000000 0.000000 0.000000 0.638710 0.000000 0.051613 0.251613 0.000000 0.000000 0.032258 0.012903 0.000000 0.000000 0.006452 0.000000 0.000000 
0.051282 0.000000 0.032051 0.211538 0.000000 0.000000 0.000000 0.032051 0.083333 0.076923 0.012821 0.006410 0.000000 0.057692 0.429487 0.000000 0.006410 0.000000 0.000000 0.000000 
0.277419 0.032258 0.019355 0.025806 0.000000 0.000000 0.000000 0.006452 0.000000 0.316129 0.116129 0.012903 0.000000 0.090323 0.032258 0.006452 0.000000 0.064516 0.000000 0.000000 
0.032258 0.000000 0.000000 0.000000 0.000000 0.000000 0.000000 0.012903 0.000000 0.825806 0.103226 0.000000 0.000000 0.000000 0.000000 0.000000 0.000000 0.000000 0.012903 0.012903 
0.179487 0.000000 0.000000 0.000000 0.000000 0.012821 0.000000 0.000000 0.211538 0.032051 0.000000 0.000000 0.012821 0.000000 0.115385 0.006410 0.416667 0.012821 0.000000 0.000000 
0.538462 0.000000 0.121795 0.205128 0.000000 0.044872 0.000000 0.000000 0.019231 0.006410 0.000000 0.000000 0.000000 0.000000 0.038462 0.025641 0.000000 0.000000 0.000000 0.000000 
0.012821 0.000000 0.000000 0.000000 0.000000 0.019231 0.000000 0.519231 0.000000 0.435897 0.012821 0.000000 0.000000 0.000000 0.000000 0.000000 0.000000 0.000000 0.000000 0.000000 
0.000000 0.012821 0.000000 0.000000 0.012821 0.000000 0.000000 0.000000 0.006410 0.032051 0.006410 0.000000 0.000000 0.000000 0.320513 0.000000 0.596154 0.012821 0.000000 0.000000 
0.134615 0.000000 0.057692 0.108974 0.000000 0.000000 0.038462 0.000000 0.416667 0.032051 0.000000 0.025641 0.012821 0.057692 0.038462 0.019231 0.038462 0.019231 0.000000 0.000000 
0.134615 0.000000 0.000000 0.564103 0.000000 0.025641 0.032051 0.012821 0.025641 0.038462 0.000000 0.032051 0.000000 0.012821 0.025641 0.076923 0.012821 0.006410 0.000000 0.000000 
0.000000 0.000000 0.000000 0.031847 0.006369 0.000000 0.000000 0.025478 0.000000 0.815287 0.031847 0.000000 0.000000 0.000000 0.000000 0.000000 0.012739 0.076433 0.000000 0.000000 
0.044586 0.000000 0.273885 0.044586 0.000000 0.000000 0.025478 0.006369 0.171975 0.031847 0.006369 0.000000 0.000000 0.012739 0.019108 0.000000 0.363057 0.000000 0.000000 0.000000 

MOTIF MEME-26
letter-probability matrix: alength= 20 w= 30 nsites= 161 E= 0.000000
0.447205 0.136646 0.006211 0.000000 0.012422 0.000000 0.000000 0.000000 0.000000 0.000000 0.000000 0.000000 0.000000 0.000000 0.000000 0.049689 0.335404 0.012422 0.000000 0.000000 
0.000000 0.006211 0.031056 0.000000 0.000000 0.254658 0.000000 0.000000 0.043478 0.000000 0.000000 0.000000 0.000000 0.086957 0.565217 0.006211 0.006211 0.000000 0.000000 0.000000 
0.236025 0.000000 0.000000 0.000000 0.000000 0.000000 0.006211 0.000000 0.018634 0.000000 0.000000 0.000000 0.714286 0.000000 0.000000 0.018634 0.000000 0.006211 0.000000 0.000000 
0.081250 0.006250 0.262500 0.006250 0.000000 0.000000 0.018750 0.031250 0.025000 0.018750 0.393750 0.000000 0.000000 0.000000 0.043750 0.012500 0.006250 0.081250 0.012500 0.000000 
0.000000 0.000000 0.000000 0.049689 0.000000 0.000000 0.000000 0.000000 0.000000 0.000000 0.012422 0.000000 0.006211 0.503106 0.428571 0.000000 0.000000 0.000000 0.000000 0.000000 
0.000000 0.056250 0.000000 0.000000 0.012500 0.000000 0.000000 0.112500 0.000000 0.006250 0.581250 0.000000 0.000000 0.056250 0.000000 0.000000 0.025000 0.131250 0.000000 0.018750 
0.006211 0.000000 0.000000 0.000000 0.000000 0.000000 0.000000 0.000000 0.024845 0.956522 0.000000 0.000000 0.006211 0.000000 0.000000 0.000000 0.006211 0.000000 0.000000 0.000000 
0.552795 0.000000 0.000000 0.000000 0.000000 0.012422 0.000000 0.155280 0.000000 0.000000 0.000000 0.000000 0.000000 0.000000 0.000000 0.000000 0.012422 0.267081 0.000000 0.000000 
0.000000 0.000000 0.000000 0.000000 0.018634 0.000000 0.000000 0.000000 0.962733 0.000000 0.000000 0.000000 0.000000 0.000000 0.000000 0.000000 0.000000 0.000000 0.000000 0.018634 
0.000000 0.000000 0.000000 0.000000 0.000000 0.000000 0.000000 0.000000 0.000000 0.018634 0.000000 0.000000 0.981366 0.000000 0.000000 0.000000 0.000000 0.000000 0.000000 0.000000 
0.012422 0.000000 0.000000 0.000000 0.000000 0.962733 0.000000 0.000000 0.000000 0.000000 0.000000 0.000000 0.000000 0.000000 0.000000 0.018634 0.000000 0.006211 0.000000 0.000000 
0.000000 0.000000 0.000000 0.000000 0.000000 0.037736 0.000000 0.000000 0.000000 0.031447 0.930818 0.000000 0.000000 0.000000 0.000000 0.000000 0.000000 0.000000 0.000000 0.000000 
0.000000 0.000000 0.000000 0.000000 0.000000 0.993789 0.000000 0.000000 0.000000 0.000000 0.000000 0.000000 0.000000 0.000000 0.000000 0.006211 0.000000 0.000000 0.000000 0.000000 
0.000000 0.000000 0.000000 0.000000 0.472050 0.000000 0.000000 0.018634 0.000000 0.012422 0.000000 0.000000 0.000000 0.000000 0.000000 0.000000 0.000000 0.496894 0.000000 0.000000 
0.000000 0.000000 0.993789 0.006211 0.000000 0.000000 0.000000 0.000000 0.000000 0.000000 0.000000 0.000000 0.000000 0.000000 0.000000 0.000000 0.000000 0.000000 0.000000 0.000000 
0.012422 0.000000 0.006211 0.962733 0.000000 0.000000 0.000000 0.006211 0.012422 0.000000 0.000000 0.000000 0.000000 0.000000 0.000000 0.000000 0.000000 0.000000 0.000000 0.000000 
0.024845 0.000000 0.006211 0.000000 0.000000 0.950311 0.000000 0.018634 0.000000 0.000000 0.000000 0.000000 0.000000 0.000000 0.000000 0.000000 0.000000 0.000000 0.000000 0.000000 
0.000000 0.000000 0.000000 0.000000 0.062500 0.000000 0.000000 0.062500 0.000000 0.412500 0.093750 0.000000 0.000000 0.000000 0.000000 0.000000 0.000000 0.018750 0.000000 0.350000 
0.006250 0.000000 0.193750 0.012500 0.000000 0.000000 0.000000 0.000000 0.006250 0.000000 0.512500 0.237500 0.000000 0.000000 0.000000 0.012500 0.018750 0.000000 0.000000 0.000000 
0.012422 0.000000 0.000000 0.018634 0.000000 0.000000 0.000000 0.931677 0.000000 0.006211 0.000000 0.000000 0.000000 0.000000 0.000000 0.000000 0.000000 0.012422 0.000000 0.018634 
0.000000 0.000000 0.000000 0.000000 0.018634 0.000000 0.000000 0.043478 0.000000 0.000000 0.018634 0.000000 0.000000 0.000000 0.000000 0.000000 0.006211 0.913043 0.000000 0.000000 
0.006211 0.000000 0.000000 0.031056 0.447205 0.012422 0.093168 0.000000 0.068323 0.000000 0.000000 0.149068 0.000000 0.000000 0.000000 0.012422 0.031056 0.000000 0.000000 0.149068 
0.000000 0.000000 0.018634 0.018634 0.000000 0.000000 0.006211 0.000000 0.000000 0.000000 0.000000 0.956522 0.000000 0.000000 0.000000 0.000000 0.000000 0.000000 0.000000 0.000000 
0.006211 0.000000 0.000000 0.956522 0.000000 0.000000 0.000000 0.018634 0.000000 0.000000 0.000000 0.000000 0.000000 0.000000 0.018634 0.000000 0.000000 0.000000 0.000000 0.000000 
0.000000 0.000000 0.000000 0.000000 0.000000 0.000000 0.006289 0.031447 0.000000 0.000000 0.949686 0.000000 0.000000 0.012579 0.000000 0.000000 0.000000 0.000000 0.000000 0.000000 
0.006211 0.000000 0.018634 0.024845 0.000000 0.000000 0.006211 0.000000 0.006211 0.000000 0.000000 0.701863 0.000000 0.093168 0.024845 0.080745 0.037267 0.000000 0.000000 0.000000 
0.000000 0.000000 0.000000 0.000000 0.000000 0.000000 0.000000 0.000000 0.000000 0.000000 0.000000 0.018634 0.000000 0.000000 0.962733 0.018634 0.000000 0.000000 0.000000 0.000000 
0.024845 0.000000 0.000000 0.018634 0.012422 0.000000 0.000000 0.186335 0.000000 0.024845 0.000000 0.000000 0.000000 0.000000 0.000000 0.000000 0.552795 0.173913 0.000000 0.006211 
0.000000 0.000000 0.000000 0.006211 0.000000 0.000000 0.000000 0.503106 0.006211 0.378882 0.018634 0.000000 0.000000 0.006211 0.000000 0.000000 0.000000 0.080745 0.000000 0.000000 
0.826087 0.000000 0.000000 0.043478 0.000000 0.031056 0.000000 0.018634 0.000000 0.000000 0.000000 0.006211 0.000000 0.000000 0.018634 0.018634 0.024845 0.012422 0.000000 0.000000 

