MEME version 4

ALPHABET= ACDEFGHIKLMNPQRSTVWY

Background letter frequencies
A 0.1134 C 0.0105 D 0.0638 E 0.0702 F 0.0297 G 0.0889 H 0.0205 I 0.0614 K 0.0495 L 0.0963 
M 0.0246 N 0.0360 P 0.0427 Q 0.0317 R 0.0509 S 0.0508 T 0.0505 V 0.0702 W 0.0129 
Y 0.0257 

MOTIF MEME-9
letter-probability matrix: alength= 20 w= 30 nsites= 3983 E= 0.000000
0.000251 0.000000 0.002511 0.000251 0.000000 0.085112 0.007532 0.000000 0.004519 0.000502 0.000000 0.005272 0.153151 0.001757 0.738639 0.000251 0.000000 0.000000 0.000251 0.000000 
0.009794 0.001507 0.000000 0.000000 0.000753 0.000000 0.000000 0.497489 0.000000 0.201909 0.005023 0.000000 0.000000 0.000000 0.037921 0.000000 0.003516 0.242089 0.000000 0.000000 
0.001004 0.000000 0.014562 0.000753 0.000000 0.006026 0.000000 0.000000 0.038413 0.000753 0.013558 0.010545 0.019834 0.009541 0.155662 0.004017 0.723826 0.001506 0.000000 0.000000 
0.006026 0.000000 0.000000 0.000000 0.001004 0.000251 0.000000 0.083354 0.000000 0.683153 0.000000 0.000000 0.000000 0.000000 0.000251 0.000000 0.000000 0.225960 0.000000 0.000000 
0.079337 0.021592 0.898318 0.000000 0.000000 0.000753 0.000000 0.000000 0.000000 0.000000 0.000000 0.000000 0.000000 0.000000 0.000000 0.000000 0.000000 0.000000 0.000000 0.000000 
0.000000 0.000000 0.000000 0.000000 0.000000 0.000000 0.000000 0.000000 0.000000 0.000502 0.000000 0.000000 0.977404 0.000000 0.000000 0.021843 0.000251 0.000000 0.000000 0.000000 
0.000000 0.000000 0.000000 0.000000 0.000000 0.000000 0.101682 0.000000 0.000000 0.000000 0.000000 0.898318 0.000000 0.000000 0.000000 0.000000 0.000000 0.000000 0.000000 0.000000 
0.064022 0.000502 0.000000 0.000000 0.080090 0.846849 0.000000 0.000000 0.000000 0.000000 0.000000 0.000000 0.000000 0.000502 0.000000 0.000251 0.005021 0.002762 0.000000 0.000000 
0.818227 0.004770 0.000000 0.000000 0.000000 0.085614 0.000000 0.002511 0.000000 0.001757 0.021592 0.047703 0.000000 0.000000 0.000000 0.014813 0.000251 0.002762 0.000000 0.000000 
0.000000 0.000000 0.000000 0.000000 0.000000 0.000000 0.002260 0.000000 0.000000 0.000000 0.080090 0.000000 0.000000 0.019332 0.000000 0.000000 0.000000 0.000000 0.898318 0.000000 
0.000502 0.000000 0.000000 0.101933 0.027366 0.000753 0.002009 0.000000 0.007030 0.268391 0.002260 0.001004 0.007281 0.000251 0.007030 0.505147 0.066282 0.000000 0.001757 0.001004 
0.001757 0.000000 0.000000 0.000251 0.000000 0.000000 0.000251 0.024605 0.000000 0.824504 0.001255 0.000000 0.010294 0.000502 0.000251 0.000000 0.002762 0.133568 0.000000 0.000000 
0.074567 0.000251 0.370575 0.160432 0.000000 0.005272 0.102435 0.000000 0.116746 0.000502 0.000000 0.101682 0.018830 0.012553 0.024354 0.010294 0.001004 0.000502 0.000000 0.000000 
0.000502 0.000251 0.064273 0.659553 0.000000 0.000000 0.000000 0.005272 0.000753 0.056490 0.000000 0.000000 0.000000 0.017826 0.000251 0.000753 0.153653 0.040422 0.000000 0.000000 
0.759980 0.000000 0.000000 0.000000 0.000000 0.003264 0.079839 0.000000 0.000000 0.000000 0.000000 0.000000 0.000000 0.000251 0.000000 0.155913 0.000753 0.000000 0.000000 0.000000 
0.001506 0.000753 0.000000 0.000000 0.000000 0.000251 0.000753 0.692443 0.007532 0.169470 0.000000 0.000753 0.000000 0.000753 0.003013 0.000251 0.004017 0.118504 0.000000 0.000000 
0.248619 0.000502 0.013059 0.065796 0.000000 0.027624 0.010045 0.000000 0.127323 0.005023 0.006529 0.003767 0.000753 0.020342 0.269463 0.141888 0.013059 0.019086 0.005023 0.022099 
0.100452 0.000000 0.000000 0.000000 0.005274 0.000502 0.001256 0.149422 0.000000 0.551733 0.036163 0.000000 0.000000 0.000000 0.000753 0.008538 0.014817 0.111753 0.000000 0.019337 
0.209694 0.489955 0.000000 0.000000 0.000000 0.240080 0.000251 0.000753 0.000753 0.010799 0.013059 0.000000 0.000000 0.000000 0.000000 0.007534 0.015068 0.011552 0.000251 0.000251 
0.017575 0.002762 0.011800 0.055486 0.000753 0.008285 0.005523 0.000251 0.464976 0.000753 0.000251 0.001004 0.007783 0.037409 0.277931 0.014813 0.019332 0.000000 0.000000 0.073312 
0.014067 0.000000 0.200955 0.095705 0.000000 0.276312 0.030394 0.000502 0.006782 0.033157 0.000754 0.014318 0.104245 0.093946 0.021351 0.009043 0.010801 0.001758 0.000000 0.085908 
0.000502 0.000000 0.000251 0.000502 0.000000 0.000000 0.004520 0.017579 0.074837 0.636866 0.088398 0.020090 0.000000 0.113762 0.029382 0.000753 0.009041 0.001256 0.000000 0.002260 
0.044188 0.000251 0.040422 0.101933 0.001506 0.137585 0.186041 0.000753 0.209139 0.006026 0.000000 0.120763 0.000251 0.054984 0.064022 0.006277 0.013055 0.012553 0.000000 0.000251 
0.003013 0.000502 0.341702 0.008787 0.000000 0.414261 0.109214 0.000000 0.007030 0.000000 0.000000 0.020587 0.083103 0.004017 0.005021 0.002260 0.000502 0.000000 0.000000 0.000000 
0.003264 0.000502 0.036656 0.000753 0.000000 0.000000 0.000251 0.077831 0.003264 0.046196 0.002511 0.000000 0.000000 0.005523 0.004017 0.084861 0.024856 0.608586 0.098167 0.002762 
0.000753 0.000000 0.000000 0.000000 0.000000 0.000000 0.000000 0.020336 0.000000 0.882250 0.012051 0.000000 0.000251 0.000000 0.000000 0.000000 0.000000 0.084359 0.000000 0.000000 
0.500126 0.000000 0.000000 0.219935 0.000000 0.000000 0.002009 0.000000 0.000000 0.000000 0.000000 0.000251 0.012553 0.037409 0.000000 0.021843 0.205373 0.000502 0.000000 0.000000 
0.009541 0.000251 0.000251 0.000000 0.000000 0.000000 0.080090 0.000502 0.000000 0.000251 0.000000 0.000000 0.000000 0.000000 0.000000 0.000000 0.000000 0.010796 0.000251 0.898067 
0.702988 0.010294 0.000000 0.000000 0.081346 0.000000 0.021592 0.007532 0.000000 0.121265 0.002009 0.000000 0.000000 0.000000 0.000000 0.000251 0.000000 0.006277 0.000000 0.046447 
0.000000 0.000000 0.024856 0.953553 0.000000 0.000000 0.000000 0.000000 0.000000 0.000000 0.000000 0.000000 0.000000 0.000000 0.000000 0.021592 0.000000 0.000000 0.000000 0.000000 

MOTIF MEME-10
letter-probability matrix: alength= 20 w= 30 nsites= 7883 E= 0.000000
0.038945 0.001015 0.152734 0.109603 0.005835 0.007865 0.024610 0.038183 0.002918 0.055689 0.006216 0.007104 0.055309 0.025625 0.294812 0.008372 0.011671 0.139668 0.000000 0.013827 
0.016237 0.000127 0.026640 0.005201 0.000381 0.000381 0.001776 0.226056 0.072688 0.462768 0.003679 0.003933 0.002157 0.002664 0.018775 0.014588 0.017506 0.110491 0.000254 0.013700 
0.019409 0.002664 0.075986 0.008119 0.065965 0.000381 0.003298 0.024356 0.024229 0.183433 0.000127 0.114677 0.003933 0.001903 0.004947 0.003552 0.377394 0.085500 0.000000 0.000127 
0.044146 0.002918 0.006723 0.024229 0.000507 0.033236 0.008499 0.003425 0.359508 0.020677 0.000634 0.047571 0.126348 0.038818 0.095141 0.030192 0.103006 0.051503 0.000000 0.002918 
0.065584 0.000381 0.069009 0.463529 0.002030 0.066345 0.028542 0.000634 0.008119 0.001142 0.000381 0.111759 0.006977 0.047698 0.015984 0.043384 0.048839 0.019155 0.000000 0.000507 
0.053533 0.000000 0.066726 0.037422 0.000254 0.016364 0.000888 0.010148 0.020677 0.002030 0.001269 0.001015 0.561715 0.023595 0.061398 0.013574 0.004440 0.124952 0.000000 0.000000 
0.006344 0.000127 0.010150 0.000507 0.276960 0.000761 0.007105 0.029434 0.000127 0.505202 0.008500 0.001142 0.091221 0.000254 0.000000 0.002157 0.007993 0.014717 0.009896 0.027404 
0.053406 0.002283 0.060510 0.241532 0.001015 0.004694 0.014081 0.006850 0.057973 0.015223 0.001142 0.019282 0.029938 0.162121 0.145376 0.042370 0.061271 0.078904 0.000888 0.001142 
0.003806 0.005455 0.000000 0.000000 0.116849 0.000127 0.003552 0.461304 0.000127 0.044278 0.042248 0.000254 0.018269 0.000761 0.004948 0.000000 0.012560 0.039584 0.001903 0.243974 
0.064950 0.001142 0.045414 0.197514 0.000127 0.007358 0.016491 0.024229 0.209945 0.000381 0.000507 0.008246 0.001649 0.040974 0.150323 0.038691 0.033997 0.157935 0.000000 0.000127 
0.011290 0.000000 0.447292 0.037549 0.000127 0.246607 0.005201 0.000000 0.014588 0.000000 0.000127 0.200939 0.000000 0.019789 0.005582 0.009895 0.000634 0.000000 0.000000 0.000381 
0.001903 0.000000 0.000127 0.000000 0.155271 0.826589 0.003298 0.000000 0.000000 0.000000 0.000000 0.001776 0.000000 0.000000 0.000381 0.004947 0.000127 0.000000 0.000000 0.005582 
0.049480 0.039964 0.005202 0.096549 0.094012 0.012053 0.072824 0.003045 0.155544 0.061533 0.073712 0.003552 0.000000 0.066100 0.093504 0.039711 0.019031 0.009135 0.001015 0.104035 
0.016999 0.005962 0.000000 0.000000 0.041862 0.000000 0.000000 0.222885 0.000000 0.232018 0.072815 0.000000 0.000000 0.000000 0.000000 0.000000 0.000254 0.407205 0.000000 0.000000 
0.221997 0.002791 0.040594 0.076367 0.004567 0.007484 0.112647 0.015476 0.127870 0.020043 0.003045 0.008119 0.014842 0.141697 0.052391 0.033236 0.061652 0.024483 0.019282 0.011417 
0.040213 0.003552 0.000000 0.000000 0.000254 0.000381 0.000000 0.156793 0.000634 0.137638 0.002918 0.002030 0.063808 0.000000 0.016237 0.000000 0.001649 0.573893 0.000000 0.000000 
0.001269 0.000381 0.001522 0.000000 0.002283 0.023468 0.000254 0.000888 0.000254 0.072688 0.003552 0.001269 0.790562 0.000254 0.009514 0.065838 0.024864 0.000000 0.001142 0.000000 
0.048839 0.000634 0.272358 0.122542 0.000634 0.005455 0.004059 0.000888 0.065330 0.001903 0.012559 0.042116 0.018267 0.115311 0.051884 0.049220 0.184067 0.003552 0.000000 0.000381 
0.249017 0.000000 0.004186 0.022453 0.000000 0.259419 0.000127 0.001903 0.196879 0.009134 0.000761 0.001903 0.000127 0.011290 0.116073 0.008246 0.110745 0.007738 0.000000 0.000000 
0.023468 0.000127 0.002410 0.000381 0.000000 0.005328 0.018521 0.003171 0.000634 0.005328 0.000000 0.001903 0.915514 0.001903 0.000507 0.008246 0.003679 0.005708 0.000000 0.003171 
0.000127 0.000000 0.000000 0.000000 0.000000 0.999366 0.000000 0.000000 0.000000 0.000000 0.000000 0.000000 0.000000 0.000000 0.000127 0.000381 0.000000 0.000000 0.000000 0.000000 
0.000127 0.000000 0.000000 0.000000 0.022580 0.000127 0.011544 0.024737 0.000000 0.925155 0.002283 0.000127 0.000000 0.000000 0.000000 0.000507 0.004567 0.008246 0.000000 0.000000 
0.000254 0.000000 0.000000 0.000000 0.000000 0.999493 0.000000 0.000000 0.000000 0.000000 0.000000 0.000000 0.000000 0.000000 0.000000 0.000254 0.000000 0.000000 0.000000 0.000000 
0.007992 0.000888 0.000000 0.000000 0.026132 0.000254 0.000000 0.312191 0.000000 0.092477 0.004186 0.000000 0.000000 0.000254 0.000000 0.000000 0.000381 0.551440 0.000000 0.003806 
0.041989 0.000507 0.084739 0.639351 0.000000 0.002157 0.003552 0.002664 0.005328 0.001269 0.001142 0.003425 0.000000 0.014335 0.022327 0.029811 0.132437 0.014842 0.000000 0.000127 
0.001395 0.000000 0.000000 0.000000 0.022200 0.000127 0.000000 0.305721 0.000000 0.531016 0.005201 0.000000 0.034124 0.000000 0.000000 0.000000 0.000127 0.100089 0.000000 0.000000 
0.001776 0.000634 0.825193 0.004313 0.000000 0.000127 0.000507 0.002918 0.002030 0.001269 0.000000 0.110237 0.000000 0.000000 0.002030 0.044907 0.002537 0.001395 0.000000 0.000127 
0.007487 0.000000 0.015736 0.418020 0.005076 0.002411 0.013959 0.002411 0.005330 0.025635 0.210152 0.000127 0.042259 0.010152 0.095305 0.001396 0.006218 0.003173 0.127792 0.007360 
0.124318 0.000127 0.455157 0.280350 0.000000 0.012305 0.002664 0.000381 0.018013 0.001522 0.000000 0.007738 0.003171 0.055182 0.012178 0.011036 0.009387 0.006216 0.000000 0.000254 
0.167830 0.007865 0.000254 0.024356 0.014081 0.002791 0.010275 0.004694 0.189902 0.046936 0.016872 0.003298 0.000000 0.246353 0.178485 0.003425 0.006723 0.029050 0.001142 0.045668 

MOTIF MEME-14
letter-probability matrix: alength= 20 w= 30 nsites= 2907 E= 0.000000
0.155540 0.000688 0.004129 0.014109 0.000000 0.001032 0.002753 0.000000 0.502065 0.071920 0.000688 0.002065 0.000344 0.071232 0.152787 0.003441 0.005850 0.005162 0.000000 0.006194 
0.025120 0.000344 0.005850 0.001721 0.000000 0.002065 0.000344 0.001032 0.002409 0.006194 0.000000 0.000000 0.014797 0.016518 0.010323 0.014109 0.898142 0.000688 0.000000 0.000344 
0.020991 0.000000 0.586717 0.006194 0.000000 0.011700 0.000688 0.000000 0.012388 0.000344 0.000000 0.018582 0.178596 0.000000 0.009979 0.060564 0.058500 0.000344 0.000000 0.034412 
0.004129 0.000000 0.014109 0.000344 0.002065 0.006882 0.000000 0.000688 0.000000 0.900895 0.020991 0.001032 0.001032 0.001376 0.018926 0.007915 0.007226 0.012044 0.000000 0.000344 
0.119752 0.000344 0.101170 0.029250 0.000000 0.043703 0.001721 0.000000 0.008947 0.025809 0.000000 0.015829 0.621817 0.006538 0.002065 0.020303 0.002753 0.000000 0.000000 0.000000 
0.015485 0.000000 0.008603 0.000688 0.000000 0.004818 0.000000 0.000000 0.005850 0.006882 0.000000 0.000344 0.028562 0.000000 0.000000 0.002753 0.000000 0.000000 0.000000 0.926015 
0.088094 0.000688 0.013076 0.005850 0.000000 0.011700 0.005162 0.010668 0.001721 0.304542 0.000000 0.001376 0.019615 0.245354 0.178940 0.008947 0.006538 0.069167 0.000000 0.028562 
0.066758 0.001376 0.150034 0.198899 0.000344 0.005162 0.009291 0.002065 0.010323 0.004129 0.000000 0.049209 0.010323 0.007226 0.050929 0.362354 0.054714 0.009979 0.000000 0.006882 
0.025809 0.001376 0.041982 0.254646 0.000344 0.163111 0.023400 0.000000 0.003785 0.006538 0.000000 0.126635 0.003441 0.215760 0.040262 0.052306 0.037509 0.003097 0.000000 0.000000 
0.117688 0.000344 0.033379 0.103235 0.000000 0.009291 0.005850 0.000688 0.015141 0.005850 0.000344 0.001721 0.354439 0.017206 0.020991 0.100138 0.211631 0.001032 0.000000 0.001032 
0.038885 0.000000 0.384721 0.050585 0.000688 0.071232 0.014797 0.000688 0.017550 0.005506 0.001032 0.047832 0.210255 0.068479 0.009291 0.030970 0.046456 0.000688 0.000000 0.000344 
0.246387 0.001721 0.135582 0.119064 0.000344 0.327942 0.028562 0.000688 0.000344 0.001721 0.000000 0.007915 0.018582 0.013765 0.000688 0.084997 0.010668 0.000688 0.000344 0.000000 
0.081900 0.000000 0.192361 0.022712 0.001376 0.024776 0.010668 0.000688 0.121473 0.001032 0.000688 0.155540 0.024432 0.070544 0.049209 0.183070 0.054714 0.004474 0.000000 0.000344 
0.012732 0.240537 0.299725 0.014797 0.000000 0.001032 0.313833 0.001376 0.000000 0.000344 0.000000 0.071232 0.009291 0.000344 0.000000 0.005506 0.004818 0.024088 0.000344 0.000000 
0.086717 0.000000 0.524432 0.294563 0.000000 0.023744 0.000000 0.000000 0.003441 0.000344 0.000000 0.004818 0.037509 0.002753 0.009635 0.005506 0.006194 0.000000 0.000344 0.000000 
0.000000 0.000000 0.000000 0.000000 0.000000 0.000000 0.000000 0.000000 0.000000 0.000000 0.000000 0.000000 0.000000 0.000000 0.000000 0.000000 0.000000 0.000000 1.000000 0.000000 
0.002753 0.000688 0.016173 0.039917 0.209566 0.012732 0.002753 0.001376 0.001032 0.064006 0.008947 0.000000 0.000000 0.006194 0.000000 0.008603 0.040950 0.000688 0.000000 0.583620 
0.007229 0.002410 0.001377 0.012048 0.000000 0.002065 0.096041 0.000344 0.046127 0.000688 0.000000 0.015835 0.000000 0.139759 0.658864 0.003787 0.003442 0.000000 0.001377 0.008606 
0.001377 0.000000 0.000000 0.000000 0.000000 0.000000 0.000000 0.067470 0.000000 0.752151 0.001377 0.000000 0.000000 0.000000 0.001721 0.000688 0.000344 0.174182 0.000000 0.000688 
0.000000 0.000688 0.000000 0.000000 0.000000 0.000000 0.000000 0.000000 0.000000 0.000000 0.000000 0.000000 0.000000 0.000000 0.999312 0.000000 0.000000 0.000000 0.000000 0.000000 
0.000000 0.001377 0.030637 0.000000 0.000000 0.000344 0.806196 0.000344 0.000000 0.000000 0.000000 0.072289 0.000000 0.000688 0.055077 0.000000 0.026506 0.000000 0.000000 0.006540 
0.000688 0.000000 0.040950 0.565038 0.000344 0.001721 0.000344 0.000000 0.010323 0.000688 0.011012 0.002065 0.000000 0.355127 0.008603 0.002065 0.000344 0.000688 0.000000 0.000000 
0.075361 0.000344 0.002753 0.559188 0.000000 0.001376 0.000000 0.000000 0.218169 0.000344 0.000688 0.000000 0.030970 0.067103 0.001721 0.000688 0.021335 0.019959 0.000000 0.000000 
0.983482 0.000000 0.000000 0.000000 0.000344 0.000000 0.000000 0.003097 0.000000 0.000000 0.004474 0.000000 0.000000 0.000000 0.000000 0.000688 0.005506 0.002409 0.000000 0.000000 
0.000000 0.000000 0.000000 0.000000 0.000688 0.000000 0.000000 0.003785 0.000000 0.500000 0.487956 0.000000 0.000000 0.000000 0.000000 0.000000 0.001721 0.005850 0.000000 0.000000 
0.001032 0.000000 0.081211 0.000000 0.000000 0.000000 0.000000 0.000688 0.000344 0.000000 0.001376 0.164831 0.000000 0.000000 0.000000 0.093599 0.656917 0.000000 0.000000 0.000000 
0.070888 0.000344 0.003097 0.000000 0.000000 0.024088 0.002753 0.000000 0.000000 0.000344 0.000344 0.000000 0.634893 0.000000 0.004129 0.247419 0.009291 0.002409 0.000000 0.000000 
0.060908 0.000000 0.330695 0.562973 0.000000 0.007915 0.000344 0.000344 0.002753 0.000000 0.001376 0.000688 0.002065 0.025465 0.002065 0.001032 0.000688 0.000688 0.000000 0.000000 
0.800757 0.000000 0.002409 0.002409 0.000000 0.035788 0.003097 0.000000 0.007915 0.000000 0.000344 0.000000 0.000000 0.012388 0.013765 0.051617 0.069511 0.000000 0.000000 0.000000 
0.000344 0.000000 0.000000 0.000000 0.000000 0.000344 0.000000 0.229102 0.000000 0.006536 0.001376 0.000000 0.000000 0.000000 0.000000 0.000000 0.000000 0.762298 0.000000 0.000000 

MOTIF MEME-52
letter-probability matrix: alength= 20 w= 30 nsites= 5471 E= 0.000000
0.010419 0.000000 0.006946 0.311460 0.003107 0.001279 0.002925 0.002011 0.000183 0.492963 0.001462 0.000366 0.000000 0.150795 0.001828 0.012429 0.001462 0.000366 0.000000 0.000000 
0.923597 0.001279 0.016999 0.013343 0.000183 0.031256 0.000000 0.003656 0.000000 0.000183 0.000000 0.000000 0.000000 0.005483 0.000731 0.001645 0.000183 0.001462 0.000000 0.000000 
0.053372 0.000914 0.000914 0.667520 0.002193 0.003107 0.010784 0.002376 0.038750 0.013709 0.000914 0.001097 0.000000 0.052093 0.136173 0.002011 0.002559 0.010601 0.000000 0.000914 
0.574799 0.001097 0.004206 0.033102 0.000549 0.006401 0.021214 0.001829 0.118325 0.017008 0.006401 0.002377 0.000183 0.025238 0.153987 0.013168 0.013899 0.005669 0.000366 0.000183 
0.408335 0.002011 0.002376 0.001462 0.035094 0.001279 0.000366 0.011698 0.015536 0.058673 0.271248 0.001097 0.000000 0.009870 0.026138 0.111863 0.035460 0.006763 0.000366 0.000366 
0.049534 0.004021 0.000914 0.002559 0.008408 0.001279 0.083349 0.117894 0.031804 0.208006 0.003107 0.001279 0.000000 0.188997 0.033449 0.007494 0.020472 0.037653 0.000000 0.199781 
0.199232 0.000000 0.344361 0.337050 0.000000 0.009870 0.001645 0.004204 0.009870 0.002925 0.000731 0.002559 0.000000 0.029245 0.008225 0.011515 0.006215 0.032352 0.000000 0.000000 
0.087370 0.000183 0.014623 0.075489 0.000366 0.003473 0.014074 0.019740 0.162676 0.111863 0.005118 0.002193 0.000000 0.044050 0.394078 0.018278 0.036556 0.008956 0.000000 0.000914 
0.008408 0.000000 0.007677 0.013343 0.006397 0.026686 0.015719 0.000000 0.062329 0.000183 0.000183 0.003473 0.000366 0.005666 0.189728 0.005666 0.000000 0.000000 0.000366 0.653811 
0.000914 0.000000 0.000000 0.003107 0.000000 0.734052 0.000000 0.000000 0.002011 0.006215 0.000183 0.000000 0.000000 0.001645 0.251325 0.000183 0.000366 0.000000 0.000000 0.000000 
0.002376 0.000000 0.000000 0.000000 0.698775 0.000000 0.262292 0.023031 0.000000 0.000183 0.000366 0.004570 0.000000 0.000000 0.000000 0.000000 0.000183 0.001828 0.000000 0.006397 
0.041674 0.006763 0.019192 0.014805 0.005666 0.022848 0.010967 0.000000 0.246390 0.000000 0.000000 0.277646 0.000914 0.070188 0.195577 0.028331 0.056845 0.002011 0.000183 0.000000 
0.074758 0.015354 0.544325 0.000000 0.001462 0.000000 0.017182 0.085359 0.000000 0.005483 0.000000 0.005666 0.000000 0.000731 0.007860 0.101627 0.085908 0.054286 0.000000 0.000000 
0.000366 0.007311 0.000000 0.000000 0.873149 0.000000 0.000000 0.068360 0.000000 0.042223 0.000000 0.000000 0.000000 0.000000 0.000000 0.000000 0.000000 0.007494 0.000000 0.001097 
0.000000 0.000000 0.000000 0.000000 0.000000 0.000000 0.000000 0.000000 0.999817 0.000000 0.000000 0.000000 0.000000 0.000000 0.000183 0.000000 0.000000 0.000000 0.000000 0.000000 
0.000000 0.000183 0.000000 0.000000 0.000000 0.000000 0.000000 0.029245 0.000000 0.919759 0.004387 0.000000 0.000000 0.000000 0.000000 0.000000 0.000000 0.046427 0.000000 0.000000 
0.000000 0.000000 0.000000 0.000000 0.000000 0.000000 0.000000 0.000000 1.000000 0.000000 0.000000 0.000000 0.000000 0.000000 0.000000 0.000000 0.000000 0.000000 0.000000 0.000000 
0.041682 0.000000 0.000000 0.000000 0.000183 0.621938 0.000000 0.244059 0.000000 0.012431 0.014077 0.000000 0.000000 0.000000 0.000000 0.000000 0.000914 0.064717 0.000000 0.000000 
0.000914 0.000000 0.000000 0.000000 0.000000 0.999086 0.000000 0.000000 0.000000 0.000000 0.000000 0.000000 0.000000 0.000000 0.000000 0.000000 0.000000 0.000000 0.000000 0.000000 
0.198684 0.000183 0.000183 0.000000 0.005666 0.006946 0.000731 0.000914 0.034729 0.013526 0.001462 0.002925 0.000000 0.000000 0.048437 0.045878 0.014074 0.625480 0.000183 0.000000 
0.004937 0.000183 0.015725 0.000914 0.084842 0.059792 0.013348 0.000549 0.016274 0.531541 0.031999 0.038764 0.005120 0.007314 0.184494 0.002194 0.000000 0.000183 0.000000 0.001828 
0.205081 0.000548 0.070371 0.125023 0.000000 0.004570 0.015171 0.000183 0.005483 0.000731 0.000000 0.004387 0.334308 0.027417 0.091574 0.102906 0.011698 0.000548 0.000000 0.000000 
0.019923 0.000183 0.000366 0.000183 0.001828 0.514531 0.000000 0.024858 0.000000 0.094681 0.000548 0.000914 0.183148 0.000000 0.000000 0.005301 0.000366 0.150612 0.000548 0.002011 
0.154999 0.000366 0.162310 0.464266 0.008591 0.012064 0.005849 0.000731 0.017364 0.002193 0.006032 0.020106 0.006215 0.046244 0.036739 0.041674 0.008956 0.004387 0.000548 0.000366 
0.080972 0.000000 0.128313 0.331566 0.000000 0.000183 0.046061 0.001097 0.012978 0.031987 0.000183 0.000914 0.000183 0.262658 0.040029 0.006215 0.041492 0.013891 0.000000 0.001279 
0.000000 0.000000 0.333943 0.661853 0.000000 0.000000 0.000000 0.000000 0.000000 0.000183 0.000000 0.003473 0.000000 0.000000 0.000000 0.000548 0.000000 0.000000 0.000000 0.000000 
0.170629 0.001097 0.003292 0.000000 0.000183 0.000366 0.000000 0.366313 0.000000 0.097476 0.076262 0.000000 0.000000 0.000000 0.000732 0.000366 0.023775 0.259510 0.000000 0.000000 
0.274721 0.000000 0.178030 0.390971 0.000000 0.002011 0.000366 0.001279 0.050082 0.001279 0.000000 0.002925 0.000000 0.018644 0.054286 0.013709 0.006763 0.004752 0.000000 0.000183 
0.380918 0.032901 0.000000 0.000000 0.000000 0.012978 0.246756 0.000731 0.000914 0.001462 0.000000 0.000000 0.000000 0.000000 0.071102 0.078962 0.139828 0.033449 0.000000 0.000000 
0.062877 0.008042 0.000000 0.000000 0.000183 0.000183 0.000000 0.252787 0.000000 0.016816 0.014805 0.000000 0.000000 0.000000 0.000000 0.000000 0.029976 0.614330 0.000000 0.000000 

MOTIF MEME-54
letter-probability matrix: alength= 20 w= 30 nsites= 3482 E= 0.000000
0.011782 0.000000 0.008621 0.055747 0.000000 0.000000 0.008621 0.011494 0.222126 0.004885 0.000287 0.008333 0.000000 0.330747 0.230172 0.020115 0.072126 0.013793 0.000287 0.000862 
0.044828 0.000000 0.000000 0.000000 0.000287 0.000000 0.000000 0.084483 0.000000 0.063793 0.000000 0.000000 0.000000 0.000000 0.000000 0.000000 0.000287 0.806322 0.000000 0.000000 
0.000000 0.000287 0.000000 0.000000 0.004312 0.000000 0.004312 0.603047 0.000000 0.000575 0.000000 0.000287 0.000000 0.000000 0.000000 0.000000 0.178787 0.170164 0.001437 0.036792 
0.000287 0.000000 0.000000 0.000000 0.000000 0.000000 0.000000 0.000000 0.000000 0.000000 0.000000 0.000000 0.997700 0.000862 0.000000 0.000862 0.000287 0.000000 0.000000 0.000000 
0.000287 0.000575 0.000000 0.000000 0.000000 0.000000 0.000000 0.139983 0.000000 0.000862 0.000000 0.000000 0.000287 0.000000 0.000000 0.000000 0.000575 0.857430 0.000000 0.000000 
0.942800 0.000287 0.000000 0.000000 0.000000 0.000575 0.000000 0.000000 0.000000 0.054901 0.000000 0.000000 0.000000 0.000000 0.000000 0.000000 0.001150 0.000287 0.000000 0.000000 
0.000287 0.000287 0.000000 0.000000 0.112101 0.821213 0.000000 0.019258 0.000000 0.000000 0.000575 0.000000 0.000000 0.000000 0.000000 0.000000 0.000000 0.046278 0.000000 0.000000 
0.057488 0.001150 0.000000 0.004886 0.000862 0.004599 0.512504 0.000000 0.014372 0.002012 0.000862 0.001150 0.005461 0.067261 0.205806 0.012072 0.001437 0.015234 0.000000 0.092843 
0.000000 0.000000 0.999425 0.000000 0.000000 0.000000 0.000000 0.000000 0.000000 0.000000 0.000000 0.000287 0.000000 0.000000 0.000000 0.000000 0.000000 0.000287 0.000000 0.000000 
0.011785 0.016097 0.022995 0.000000 0.000000 0.050589 0.001150 0.000000 0.002874 0.001725 0.004312 0.000000 0.150043 0.000000 0.001725 0.735556 0.000287 0.000000 0.000000 0.000862 
0.007192 0.000000 0.000000 0.000000 0.008343 0.000000 0.000000 0.000575 0.000000 0.000288 0.810990 0.000000 0.172612 0.000000 0.000000 0.000000 0.000000 0.000000 0.000000 0.000000 
0.002874 0.000000 0.000000 0.027307 0.000000 0.000000 0.000000 0.000000 0.000000 0.966370 0.002300 0.000000 0.000000 0.000000 0.000000 0.000287 0.000575 0.000287 0.000000 0.000000 
0.000000 0.000000 0.000000 0.000000 0.001725 0.000000 0.000000 0.000287 0.000000 0.801955 0.196033 0.000000 0.000000 0.000000 0.000000 0.000000 0.000000 0.000000 0.000000 0.000000 
0.000000 0.000000 0.000000 0.000000 0.000000 0.000000 0.000000 0.000000 0.000000 0.000000 0.000000 0.988790 0.000000 0.000000 0.000000 0.001437 0.009773 0.000000 0.000000 0.000000 
0.072435 0.004312 0.000000 0.000000 0.000000 0.000000 0.000000 0.231676 0.000000 0.588675 0.000575 0.000287 0.000000 0.000862 0.000287 0.018971 0.068123 0.013797 0.000000 0.000000 
0.027019 0.042541 0.001150 0.000862 0.000000 0.233975 0.000862 0.000862 0.004312 0.001150 0.004886 0.006611 0.000000 0.050589 0.000000 0.584363 0.000287 0.039954 0.000000 0.000575 
0.000000 0.000000 0.000000 0.000000 0.000000 1.000000 0.000000 0.000000 0.000000 0.000000 0.000000 0.000000 0.000000 0.000000 0.000000 0.000000 0.000000 0.000000 0.000000 0.000000 
0.807128 0.004024 0.000000 0.000000 0.000000 0.010060 0.000000 0.053176 0.000000 0.005461 0.000000 0.000000 0.000287 0.000000 0.000000 0.000000 0.000000 0.119862 0.000000 0.000000 
0.000000 0.000000 0.000000 0.000000 0.000000 0.000000 1.000000 0.000000 0.000000 0.000000 0.000000 0.000000 0.000000 0.000000 0.000000 0.000000 0.000000 0.000000 0.000000 0.000000 
0.312446 0.000000 0.000287 0.094280 0.000000 0.274217 0.000575 0.000000 0.000000 0.000000 0.000000 0.190859 0.000000 0.081633 0.000000 0.043978 0.000287 0.000000 0.000000 0.001437 
0.217879 0.014947 0.000000 0.000287 0.000000 0.000000 0.000000 0.000000 0.000000 0.000287 0.000000 0.000287 0.763438 0.000000 0.000287 0.001150 0.001437 0.000000 0.000000 0.000000 
0.000575 0.012360 0.000575 0.000000 0.390917 0.000000 0.010348 0.000575 0.000000 0.014947 0.000575 0.000000 0.000000 0.000000 0.001150 0.000862 0.000287 0.000862 0.096867 0.469100 
0.121299 0.000000 0.000000 0.000000 0.821500 0.000287 0.000000 0.000000 0.000000 0.000000 0.000000 0.000000 0.000000 0.000575 0.000000 0.000000 0.054326 0.001725 0.000000 0.000287 
0.000862 0.000000 0.000000 0.000000 0.000000 0.000000 0.001437 0.008336 0.000000 0.121587 0.000000 0.000000 0.054039 0.000000 0.000000 0.000000 0.812877 0.000862 0.000000 0.000000 
0.000000 0.000000 0.000000 0.000000 0.000000 0.000000 0.000287 0.000000 0.000000 0.000000 0.000000 0.000000 0.000000 0.000000 0.999713 0.000000 0.000000 0.000000 0.000000 0.000000 
0.035068 0.008623 0.000575 0.000000 0.000000 0.000862 0.000000 0.021270 0.000000 0.053464 0.000000 0.794481 0.000000 0.000000 0.000000 0.062662 0.019258 0.003737 0.000000 0.000000 
0.000000 0.000000 0.000000 0.000000 0.000000 0.000000 0.000000 0.744467 0.000000 0.144007 0.000000 0.000000 0.000000 0.000000 0.000000 0.000000 0.000000 0.111526 0.000000 0.000000 
0.012360 0.000000 0.000000 0.000000 0.000575 0.000000 0.000000 0.099166 0.000000 0.091118 0.002300 0.000000 0.000000 0.000000 0.000000 0.000000 0.000862 0.793619 0.000000 0.000000 
0.000575 0.000000 0.000000 0.141133 0.000000 0.000000 0.000000 0.488359 0.000862 0.040529 0.002012 0.000000 0.000000 0.031906 0.003449 0.000000 0.006611 0.284565 0.000000 0.000000 
0.001436 0.000000 0.000000 0.000000 0.000000 0.000000 0.000000 0.249641 0.000000 0.632864 0.007182 0.000287 0.000000 0.000000 0.000000 0.000000 0.000000 0.108589 0.000000 0.000000 

MOTIF MEME-55
letter-probability matrix: alength= 20 w= 30 nsites= 3254 E= 0.000000
0.000000 0.000000 0.001844 0.000000 0.000000 0.996005 0.000000 0.000000 0.000000 0.000000 0.000000 0.001229 0.000000 0.000000 0.000922 0.000000 0.000000 0.000000 0.000000 0.000000 
0.010756 0.001537 0.001844 0.007990 0.000307 0.000000 0.491088 0.031039 0.000615 0.015366 0.000307 0.246159 0.001229 0.004610 0.130301 0.004302 0.015673 0.032575 0.000000 0.004302 
0.003074 0.000000 0.000000 0.009530 0.000307 0.000307 0.000000 0.068245 0.002459 0.011067 0.003996 0.000000 0.000000 0.020596 0.004304 0.013526 0.746388 0.114049 0.000000 0.002152 
0.000000 0.000000 0.000000 0.000000 0.000000 1.000000 0.000000 0.000000 0.000000 0.000000 0.000000 0.000000 0.000000 0.000000 0.000000 0.000000 0.000000 0.000000 0.000000 0.000000 
0.011067 0.003689 0.000000 0.000000 0.000000 0.000000 0.000000 0.135567 0.000000 0.125730 0.003689 0.000615 0.000000 0.000000 0.000000 0.000000 0.035045 0.684599 0.000000 0.000000 
0.001230 0.000000 0.000000 0.000000 0.000000 0.986781 0.000000 0.000000 0.000000 0.000000 0.000000 0.000000 0.000000 0.000000 0.000000 0.011989 0.000000 0.000000 0.000000 0.000000 
0.000000 0.000000 0.000000 1.000000 0.000000 0.000000 0.000000 0.000000 0.000000 0.000000 0.000000 0.000000 0.000000 0.000000 0.000000 0.000000 0.000000 0.000000 0.000000 0.000000 
0.270520 0.008300 0.000000 0.000000 0.000000 0.000000 0.000000 0.232093 0.000000 0.000000 0.000000 0.000000 0.000000 0.000000 0.000000 0.029819 0.048571 0.410698 0.000000 0.000000 
0.000000 0.000000 0.000000 0.000000 0.000000 0.000000 0.011374 0.000000 0.000000 0.000615 0.000000 0.000000 0.887796 0.000000 0.000000 0.000000 0.004919 0.000000 0.000000 0.095297 
0.019674 0.015678 0.000000 0.000000 0.000000 0.920074 0.000000 0.000000 0.000000 0.000000 0.000000 0.000000 0.002459 0.000000 0.000000 0.005841 0.000615 0.000000 0.035659 0.000000 
0.000307 0.000000 0.053489 0.000000 0.000000 0.905318 0.015063 0.000000 0.000000 0.002459 0.000000 0.003996 0.000000 0.000000 0.000000 0.016293 0.002152 0.000922 0.000000 0.000000 
0.065785 0.000000 0.040578 0.803566 0.000000 0.011374 0.000000 0.004611 0.005226 0.000922 0.000000 0.001844 0.005533 0.019674 0.000922 0.014141 0.023670 0.002152 0.000000 0.000000 
0.076545 0.000000 0.005226 0.002459 0.000615 0.138026 0.008607 0.000307 0.336612 0.018752 0.000307 0.014756 0.038426 0.006148 0.058408 0.046726 0.023670 0.218260 0.000000 0.006148 
0.013833 0.000000 0.005226 0.000000 0.000922 0.000000 0.025515 0.869966 0.000000 0.001230 0.005533 0.000000 0.000000 0.000615 0.008300 0.000000 0.023363 0.031663 0.002459 0.011374 
0.009222 0.005841 0.003381 0.001844 0.002459 0.000615 0.002459 0.004611 0.003074 0.126652 0.000000 0.001844 0.029819 0.006148 0.506917 0.000922 0.057485 0.002767 0.010759 0.223179 
0.082385 0.000000 0.007993 0.080541 0.000000 0.007685 0.012604 0.002459 0.189671 0.003689 0.000000 0.033200 0.000000 0.454657 0.099293 0.009837 0.015370 0.000615 0.000000 0.000000 
0.075623 0.006148 0.000000 0.000000 0.000000 0.010759 0.000000 0.011067 0.000000 0.059330 0.002152 0.000615 0.000000 0.001844 0.034737 0.007685 0.770058 0.019982 0.000000 0.000000 
0.011682 0.000000 0.000000 0.000000 0.000000 0.000000 0.000000 0.083615 0.000000 0.900400 0.000000 0.000000 0.000000 0.000615 0.000000 0.000000 0.000307 0.003381 0.000000 0.000000 
0.013833 0.000615 0.055334 0.547187 0.000000 0.000922 0.004611 0.002767 0.006148 0.022133 0.007070 0.051952 0.000000 0.027974 0.052874 0.002152 0.015678 0.188749 0.000000 0.000000 
0.064843 0.000000 0.647818 0.098341 0.000000 0.002459 0.001229 0.001229 0.023356 0.015980 0.000000 0.006761 0.009834 0.020897 0.090658 0.013522 0.002151 0.000922 0.000000 0.000000 
0.802029 0.027667 0.000000 0.000000 0.023056 0.000922 0.000307 0.007378 0.000000 0.006763 0.056256 0.000000 0.000000 0.000000 0.000000 0.037504 0.007993 0.024593 0.000000 0.005533 
0.128150 0.004917 0.000307 0.038414 0.000307 0.014444 0.000000 0.379533 0.100492 0.000615 0.000615 0.000000 0.000000 0.008605 0.264905 0.004302 0.040258 0.014136 0.000000 0.000000 
0.131223 0.000000 0.067916 0.058697 0.000000 0.018132 0.003995 0.000307 0.010141 0.002766 0.000000 0.005224 0.543946 0.016595 0.007068 0.117701 0.011063 0.005224 0.000000 0.000000 
0.031653 0.001229 0.000922 0.003995 0.053473 0.000307 0.006146 0.019053 0.003688 0.597111 0.130608 0.000307 0.000000 0.096804 0.021205 0.008297 0.003688 0.014136 0.001537 0.005839 
0.001229 0.000000 0.000000 0.000000 0.000000 0.000307 0.000000 0.068224 0.000000 0.111555 0.002151 0.000000 0.000000 0.000000 0.000000 0.000000 0.000000 0.816533 0.000000 0.000000 
0.012293 0.000000 0.000922 0.090658 0.000307 0.000000 0.000307 0.128765 0.021205 0.165642 0.002151 0.000615 0.000000 0.006454 0.008605 0.001844 0.025507 0.534726 0.000000 0.000000 
0.000000 0.000307 0.012907 0.000307 0.000000 0.974800 0.000307 0.000000 0.000000 0.000000 0.000000 0.003688 0.000000 0.005224 0.000922 0.001537 0.000000 0.000000 0.000000 0.000000 
0.034726 0.001229 0.000000 0.053780 0.000000 0.000615 0.009219 0.000922 0.236939 0.033497 0.015673 0.002151 0.000000 0.454518 0.066687 0.060234 0.026429 0.003380 0.000000 0.000000 
0.008912 0.000000 0.055009 0.211739 0.000000 0.011063 0.002151 0.000000 0.024585 0.000307 0.002459 0.039644 0.204671 0.041795 0.020283 0.174862 0.202213 0.000000 0.000000 0.000307 
0.004610 0.000000 0.000000 0.002151 0.000000 0.000000 0.000307 0.344499 0.000000 0.225261 0.000000 0.000000 0.056238 0.000000 0.000000 0.000000 0.001844 0.364782 0.000307 0.000000 

MOTIF MEME-56
letter-probability matrix: alength= 20 w= 30 nsites= 2617 E= 0.000000
0.038609 0.000000 0.001911 0.000000 0.001529 0.650229 0.000382 0.000000 0.000000 0.246942 0.045489 0.007263 0.000000 0.000000 0.000000 0.005734 0.001911 0.000000 0.000000 0.000000 
0.071155 0.000000 0.058531 0.296863 0.000000 0.007269 0.030604 0.000383 0.006503 0.001530 0.000383 0.374904 0.000000 0.050497 0.041699 0.007269 0.051262 0.001148 0.000000 0.000000 
0.000000 0.008034 0.000000 0.000000 0.013007 0.000765 0.053175 0.005738 0.202372 0.024101 0.014537 0.004591 0.001148 0.001913 0.061209 0.010329 0.000383 0.014920 0.022188 0.561591 
0.001913 0.000000 0.000383 0.000000 0.000000 0.003443 0.036343 0.000765 0.332823 0.064269 0.003060 0.105203 0.000000 0.192043 0.020658 0.000000 0.000383 0.238715 0.000000 0.000000 
0.135042 0.000383 0.007269 0.000383 0.000000 0.015302 0.006121 0.001913 0.060061 0.000383 0.000383 0.338179 0.000765 0.018363 0.083397 0.037873 0.004591 0.289594 0.000000 0.000000 
0.004591 0.000000 0.000383 0.000000 0.001530 0.000383 0.025249 0.197399 0.000000 0.105968 0.008416 0.000383 0.000000 0.259755 0.000000 0.001530 0.013389 0.379878 0.000000 0.001148 
0.001913 0.000383 0.011859 0.000765 0.000000 0.000000 0.000000 0.004591 0.002295 0.668324 0.030604 0.003060 0.000000 0.211936 0.056236 0.003060 0.001530 0.003443 0.000000 0.000000 
0.042846 0.000000 0.001913 0.000383 0.000000 0.036725 0.000765 0.016832 0.047819 0.007269 0.000765 0.301836 0.000000 0.043229 0.061591 0.019510 0.150727 0.267789 0.000000 0.000000 
0.157613 0.000000 0.050115 0.064652 0.000000 0.003443 0.290360 0.000000 0.065034 0.109411 0.001148 0.008799 0.000000 0.084545 0.050115 0.038256 0.070773 0.003443 0.000000 0.002295 
0.041699 0.001148 0.000000 0.000000 0.001148 0.000765 0.000000 0.117445 0.261285 0.013772 0.088370 0.001530 0.000000 0.003443 0.002295 0.003826 0.006503 0.456771 0.000000 0.000000 
0.013007 0.000000 0.000383 0.001530 0.000383 0.315991 0.008034 0.000383 0.006121 0.000000 0.000000 0.000000 0.000000 0.062357 0.580337 0.008034 0.000765 0.000000 0.000000 0.002678 
0.052028 0.000000 0.019510 0.028692 0.000000 0.009946 0.011477 0.001913 0.068095 0.004208 0.000765 0.466718 0.000000 0.136572 0.072686 0.052028 0.073833 0.001530 0.000000 0.000000 
0.138868 0.000383 0.000000 0.012624 0.000000 0.000765 0.001148 0.000000 0.016450 0.005738 0.000000 0.013389 0.000765 0.393650 0.096021 0.012242 0.302601 0.005356 0.000000 0.000000 
0.192808 0.000000 0.000000 0.001913 0.677506 0.000383 0.000765 0.000765 0.000000 0.021041 0.000000 0.001148 0.000383 0.000765 0.000383 0.091431 0.001530 0.001913 0.000000 0.007269 
0.905891 0.000000 0.000383 0.010712 0.000000 0.028309 0.000000 0.000765 0.006121 0.000383 0.000000 0.003060 0.000000 0.002295 0.001530 0.038256 0.001148 0.001148 0.000000 0.000000 
0.012246 0.000000 0.853425 0.021431 0.000383 0.039036 0.003827 0.000000 0.003444 0.000000 0.000000 0.024110 0.000383 0.005741 0.000383 0.031382 0.000765 0.000000 0.000000 0.003444 
0.000383 0.000000 0.000765 0.000765 0.291125 0.002295 0.001148 0.000000 0.001913 0.013772 0.000000 0.005738 0.000000 0.019510 0.661438 0.000000 0.000383 0.000000 0.000000 0.000765 
0.001530 0.000000 0.963657 0.016832 0.000000 0.008799 0.000000 0.000000 0.000000 0.000000 0.000000 0.002678 0.000000 0.000000 0.000000 0.000765 0.005738 0.000000 0.000000 0.000000 
0.455624 0.000765 0.006503 0.001148 0.001530 0.001148 0.000383 0.000383 0.002678 0.000000 0.001913 0.002295 0.006121 0.003826 0.026014 0.196634 0.276588 0.016450 0.000000 0.000000 
0.077276 0.000000 0.004591 0.013389 0.291507 0.534813 0.000383 0.000000 0.000000 0.000000 0.000000 0.000765 0.000765 0.001148 0.000000 0.066947 0.008034 0.000000 0.000000 0.000383 
0.000383 0.000000 0.001530 0.008799 0.000000 0.986611 0.000000 0.000000 0.000000 0.000000 0.000000 0.000000 0.000000 0.000000 0.000000 0.000000 0.000000 0.002678 0.000000 0.000000 
0.000000 0.000000 0.000000 0.000000 0.000000 0.000383 0.000000 0.000000 0.275440 0.000000 0.000000 0.011859 0.000000 0.001530 0.709258 0.001530 0.000000 0.000000 0.000000 0.000000 
0.000000 0.000000 0.001148 0.000000 0.000000 0.997322 0.000000 0.000000 0.000000 0.000000 0.000000 0.000000 0.000000 0.000000 0.000383 0.001148 0.000000 0.000000 0.000000 0.000000 
0.337796 0.000000 0.002678 0.005356 0.001913 0.001913 0.000000 0.008034 0.022188 0.467865 0.001913 0.085310 0.001530 0.020658 0.008799 0.008416 0.013772 0.011859 0.000000 0.000000 
0.000000 0.000000 0.000000 0.000000 0.000000 0.000000 0.000000 0.000000 0.000000 0.000383 0.000000 0.000000 0.000000 0.708110 0.000000 0.000000 0.000000 0.000000 0.291507 0.000000 
0.000383 0.000000 0.000000 0.000000 0.000000 0.000000 0.000000 0.000000 0.000000 0.000000 0.000000 0.000000 0.000000 0.000000 0.000000 0.000000 0.999617 0.000000 0.000000 0.000000 
0.000000 0.000000 0.000000 0.000000 0.996557 0.000000 0.000383 0.000000 0.000000 0.000000 0.000000 0.000000 0.000000 0.000000 0.000000 0.000000 0.000000 0.000000 0.000000 0.003060 
0.000000 0.000000 0.708381 0.291619 0.000000 0.000000 0.000000 0.000000 0.000000 0.000000 0.000000 0.000000 0.000000 0.000000 0.000000 0.000000 0.000000 0.000000 0.000000 0.000000 
0.000000 0.000000 0.000000 0.000000 0.000000 0.000000 0.000000 0.000000 0.000000 0.983550 0.000000 0.000000 0.000000 0.013772 0.000000 0.001148 0.000383 0.000765 0.000383 0.000000 
0.000000 0.000382 0.000000 0.000000 0.000000 0.000000 0.000382 0.000000 0.023709 0.000000 0.000000 0.000000 0.000000 0.000000 0.975526 0.000000 0.000000 0.000000 0.000000 0.000000 

MOTIF MEME-57
letter-probability matrix: alength= 20 w= 30 nsites= 2944 E= 0.000000
0.001020 0.000000 0.115228 0.090755 0.000000 0.391570 0.006118 0.000000 0.008498 0.006118 0.005438 0.346363 0.000000 0.025153 0.001700 0.002039 0.000000 0.000000 0.000000 0.000000 
0.003401 0.000000 0.000000 0.015306 0.000000 0.002041 0.000000 0.002381 0.000340 0.050000 0.003401 0.000000 0.010884 0.007483 0.000000 0.000000 0.000000 0.904762 0.000000 0.000000 
0.000340 0.000000 0.000000 0.000000 0.000000 0.000000 0.000000 0.001020 0.000000 0.001701 0.000340 0.221769 0.731633 0.007823 0.000000 0.018027 0.007823 0.009524 0.000000 0.000000 
0.017687 0.000000 0.000000 0.000000 0.000000 0.000000 0.000000 0.000680 0.000000 0.004762 0.025850 0.000000 0.001701 0.000000 0.000000 0.000680 0.001020 0.947619 0.000000 0.000000 
0.727211 0.254422 0.007823 0.001701 0.000000 0.000000 0.000000 0.000000 0.000000 0.000340 0.000000 0.000340 0.000000 0.000000 0.000000 0.002381 0.000340 0.005102 0.000000 0.000340 
0.380612 0.000000 0.013946 0.341497 0.000000 0.000000 0.002041 0.000000 0.000340 0.011224 0.000000 0.000340 0.000000 0.002041 0.002041 0.241837 0.004082 0.000000 0.000000 0.000000 
0.001701 0.000000 0.000000 0.000000 0.000000 0.000340 0.000000 0.001701 0.000000 0.995918 0.000000 0.000000 0.000000 0.000000 0.000000 0.000000 0.000000 0.000340 0.000000 0.000000 
0.000000 0.000000 0.000000 0.000340 0.000000 0.010884 0.000000 0.001701 0.000000 0.982653 0.004422 0.000000 0.000000 0.000000 0.000000 0.000000 0.000000 0.000000 0.000000 0.000000 
0.019728 0.000340 0.000680 0.000680 0.000000 0.966667 0.000000 0.000000 0.000000 0.001701 0.000000 0.000000 0.000000 0.009184 0.000340 0.000340 0.000000 0.000340 0.000000 0.000000 
0.009864 0.000000 0.284354 0.362925 0.002041 0.004762 0.000000 0.000000 0.000000 0.001701 0.000000 0.007483 0.260884 0.015986 0.000000 0.031973 0.010884 0.000000 0.000000 0.007143 
0.000000 0.000000 0.000000 0.000000 0.000000 0.999320 0.000000 0.000000 0.000000 0.000000 0.000000 0.000000 0.000000 0.000340 0.000000 0.000340 0.000000 0.000000 0.000000 0.000000 
0.000000 0.000000 0.000000 0.000000 0.000000 0.000000 0.000000 0.005102 0.303401 0.001361 0.005102 0.000000 0.000680 0.644898 0.029932 0.000000 0.000000 0.009524 0.000000 0.000000 
0.000000 0.000000 0.000340 0.000680 0.000000 0.000000 0.002041 0.000000 0.000340 0.000680 0.000000 0.000000 0.000000 0.985374 0.002721 0.000000 0.000000 0.007483 0.000000 0.000340 
0.000000 0.000680 0.000000 0.000000 0.000000 0.000000 0.000680 0.000000 0.000000 0.000000 0.000000 0.000000 0.000000 0.000000 0.997959 0.000680 0.000000 0.000000 0.000000 0.000000 
0.022109 0.000000 0.539796 0.143197 0.000000 0.002721 0.000340 0.000000 0.014286 0.000000 0.000000 0.021088 0.000000 0.006463 0.002041 0.226531 0.021088 0.000340 0.000000 0.000000 
0.342177 0.000000 0.005102 0.340816 0.002041 0.000000 0.007823 0.000000 0.044898 0.000000 0.000000 0.002041 0.000000 0.030272 0.082313 0.095578 0.044558 0.001361 0.000000 0.001020 
0.005782 0.000000 0.000000 0.000000 0.000000 0.000000 0.000000 0.121769 0.000000 0.000340 0.000000 0.000000 0.000000 0.000000 0.000000 0.000000 0.000000 0.872109 0.000000 0.000000 
0.008503 0.000000 0.018707 0.419048 0.000000 0.002381 0.000000 0.002041 0.088095 0.001020 0.000340 0.000340 0.117687 0.035714 0.045578 0.000000 0.259184 0.001361 0.000000 0.000000 
0.041525 0.000000 0.000000 0.000000 0.013274 0.000000 0.000000 0.010551 0.000000 0.001021 0.521443 0.000000 0.000000 0.000000 0.000000 0.000000 0.024506 0.385977 0.000000 0.001702 
0.000000 0.000000 0.000000 0.000000 0.000000 0.000000 0.000000 0.000000 0.000000 0.997619 0.000000 0.000000 0.000340 0.000340 0.000000 0.001701 0.000000 0.000000 0.000000 0.000000 
0.052041 0.000340 0.000000 0.000000 0.000000 0.941156 0.000000 0.000000 0.000000 0.000000 0.000000 0.000000 0.000000 0.000000 0.000000 0.006463 0.000000 0.000000 0.000000 0.000000 
0.000000 0.000000 0.000000 0.000000 0.000000 0.000000 0.000340 0.000000 0.000000 0.000000 0.000000 0.000000 0.000000 0.000000 0.000000 0.000000 0.000000 0.000000 0.000000 0.999660 
0.000000 0.000000 0.000000 0.000000 0.000000 0.000000 0.000000 0.000000 0.000000 0.998980 0.000340 0.000000 0.000340 0.000340 0.000000 0.000000 0.000000 0.000000 0.000000 0.000000 
0.000000 0.000000 0.000000 0.000000 1.000000 0.000000 0.000000 0.000000 0.000000 0.000000 0.000000 0.000000 0.000000 0.000000 0.000000 0.000000 0.000000 0.000000 0.000000 0.000000 
0.000000 0.000000 0.000000 0.000000 0.337415 0.000000 0.000680 0.000000 0.000000 0.009184 0.000000 0.000000 0.000000 0.000340 0.000000 0.000000 0.000000 0.000000 0.001701 0.650680 
0.000000 0.000680 0.000000 0.000000 0.000680 0.000000 0.000000 0.463605 0.001701 0.026531 0.000000 0.000000 0.000000 0.000680 0.000000 0.000680 0.004082 0.501361 0.000000 0.000000 
0.039456 0.000000 0.000000 0.000680 0.000000 0.950000 0.000000 0.000000 0.000000 0.000000 0.000000 0.000000 0.000000 0.000680 0.000000 0.007483 0.000000 0.000000 0.001701 0.000000 
0.000000 0.000000 0.845578 0.016327 0.000000 0.000340 0.000000 0.000000 0.000000 0.000000 0.000000 0.126190 0.011565 0.000000 0.000000 0.000000 0.000000 0.000000 0.000000 0.000000 
0.005440 0.001700 0.000680 0.000340 0.000000 0.003740 0.004420 0.001700 0.015641 0.000340 0.000000 0.000000 0.051003 0.029242 0.857191 0.020741 0.004420 0.000340 0.000680 0.002380 
0.014616 0.001360 0.057444 0.016995 0.000000 0.019714 0.032971 0.000680 0.234534 0.001700 0.002379 0.145479 0.000000 0.074779 0.119646 0.023114 0.254589 0.000000 0.000000 0.000000 

MOTIF MEME-59
letter-probability matrix: alength= 20 w= 30 nsites= 3559 E= 0.000000
0.035403 0.007024 0.000000 0.000000 0.483282 0.000000 0.000000 0.000000 0.000000 0.002248 0.000843 0.000000 0.000000 0.000000 0.000000 0.001124 0.111267 0.013206 0.001686 0.343917 
0.010115 0.000000 0.000562 0.001124 0.000281 0.005901 0.000000 0.003934 0.002810 0.027536 0.000000 0.000281 0.089070 0.000281 0.005620 0.849115 0.002529 0.000843 0.000000 0.000000 
0.019949 0.000000 0.000562 0.001967 0.000000 0.917954 0.000000 0.000000 0.000000 0.000000 0.000000 0.000281 0.000000 0.000000 0.002248 0.045799 0.011239 0.000000 0.000000 0.000000 
0.000281 0.000562 0.000000 0.000000 0.000562 0.000281 0.000000 0.026693 0.000281 0.075302 0.004496 0.000562 0.000000 0.006462 0.832537 0.000000 0.049733 0.002248 0.000000 0.000000 
0.020230 0.000000 0.063220 0.878899 0.000000 0.003372 0.000000 0.000000 0.000843 0.000000 0.000000 0.000000 0.028379 0.002529 0.000562 0.001124 0.000000 0.000281 0.000000 0.000562 
0.034279 0.000000 0.004496 0.001405 0.000000 0.108738 0.003372 0.148075 0.000281 0.001405 0.001405 0.005620 0.000843 0.003372 0.003091 0.002248 0.033436 0.647935 0.000000 0.000000 
0.000281 0.000000 0.000000 0.000000 0.000000 0.000000 0.000000 0.000281 0.000000 0.050619 0.946569 0.000000 0.000000 0.000000 0.000000 0.000281 0.000000 0.001969 0.000000 0.000000 
0.941276 0.001124 0.000000 0.000000 0.000000 0.001405 0.000000 0.000000 0.000000 0.000000 0.000281 0.001124 0.000000 0.000000 0.002248 0.042428 0.008429 0.001686 0.000000 0.000000 
0.025288 0.000000 0.003653 0.939590 0.001124 0.000843 0.000281 0.000562 0.003653 0.000281 0.000000 0.000000 0.000000 0.010958 0.010396 0.000000 0.002529 0.000843 0.000000 0.000000 
0.000000 0.000000 0.000000 0.000000 0.830289 0.000281 0.000000 0.001967 0.000000 0.048890 0.000000 0.000000 0.000000 0.000000 0.000000 0.000000 0.000281 0.116325 0.000000 0.001967 
0.098904 0.000000 0.000000 0.000000 0.000000 0.000281 0.046642 0.000000 0.114077 0.000000 0.000000 0.000000 0.000281 0.004215 0.722394 0.012082 0.000281 0.000843 0.000000 0.000000 
0.056196 0.000562 0.000843 0.008429 0.000000 0.001686 0.002810 0.000000 0.059567 0.000562 0.001124 0.007586 0.000000 0.007867 0.835909 0.005901 0.010396 0.000562 0.000000 0.000000 
0.812026 0.000843 0.005058 0.036246 0.000000 0.021073 0.006182 0.002529 0.005339 0.003934 0.000000 0.000281 0.000000 0.013206 0.081484 0.006462 0.001967 0.003091 0.000000 0.000281 
0.030908 0.007024 0.000000 0.000000 0.000000 0.000000 0.000000 0.001686 0.000000 0.003934 0.000281 0.000000 0.000281 0.000000 0.000000 0.010677 0.933689 0.011520 0.000000 0.000000 
0.003091 0.000000 0.034560 0.003934 0.000281 0.873841 0.005058 0.000000 0.014611 0.000000 0.000000 0.010958 0.025007 0.001686 0.005901 0.018545 0.002529 0.000000 0.000000 0.000000 
0.001124 0.000000 0.000000 0.000000 0.008991 0.000000 0.001405 0.062939 0.000281 0.796572 0.058162 0.000000 0.000000 0.000562 0.000000 0.000562 0.006743 0.062658 0.000000 0.000000 
0.007586 0.000000 0.000000 0.000000 0.000000 0.000000 0.000281 0.000000 0.051419 0.006743 0.000281 0.000000 0.894352 0.016578 0.018264 0.001686 0.002810 0.000000 0.000000 0.000000 
0.000281 0.000000 0.000000 0.000000 0.000000 0.000000 0.000000 0.000562 0.000000 0.167182 0.000281 0.000000 0.000000 0.000000 0.000000 0.000000 0.583591 0.248103 0.000000 0.000000 
0.998876 0.000000 0.000000 0.000000 0.000000 0.000843 0.000000 0.000000 0.000000 0.000000 0.000000 0.000000 0.000000 0.000000 0.000000 0.000000 0.000281 0.000000 0.000000 0.000000 
0.000000 0.000000 0.000000 0.000000 0.000000 0.000000 0.000000 0.000000 0.000000 0.000000 0.000000 0.000000 0.000000 0.000000 0.000000 0.000562 0.999438 0.000000 0.000000 0.000000 
0.000000 0.000000 0.000000 0.000000 0.000000 0.000000 0.000000 0.000000 0.000000 0.000000 0.000000 0.999719 0.000000 0.000000 0.000000 0.000281 0.000000 0.000000 0.000000 0.000000 
0.000000 0.000000 0.000000 0.000000 0.000000 0.000000 0.000000 0.000000 0.000000 0.000281 0.999719 0.000000 0.000000 0.000000 0.000000 0.000000 0.000000 0.000000 0.000000 0.000000 
0.000281 0.107895 0.000000 0.000000 0.000000 0.000000 0.000000 0.754425 0.000000 0.000000 0.000000 0.000000 0.000281 0.000000 0.000000 0.000000 0.000000 0.136274 0.000281 0.000562 
0.819331 0.000000 0.007586 0.000000 0.000000 0.000281 0.000000 0.004215 0.000000 0.000000 0.000000 0.002529 0.000000 0.000000 0.000000 0.000562 0.005058 0.160438 0.000000 0.000000 
0.000843 0.002248 0.000000 0.000000 0.000000 0.000000 0.000000 0.007586 0.000000 0.004215 0.000000 0.014611 0.000281 0.000000 0.000000 0.000000 0.926103 0.044114 0.000000 0.000000 
0.041585 0.000000 0.654116 0.003934 0.000000 0.000843 0.000000 0.000000 0.000000 0.000000 0.000000 0.228435 0.000000 0.000843 0.001124 0.013487 0.055634 0.000000 0.000000 0.000000 
0.000000 0.000562 0.000000 0.000000 0.139927 0.000000 0.000562 0.000281 0.000000 0.013487 0.005339 0.000281 0.001686 0.000281 0.000281 0.000000 0.001124 0.001405 0.831694 0.003091 
0.047204 0.000281 0.074459 0.025007 0.000281 0.011801 0.000281 0.000000 0.007305 0.000000 0.000281 0.001124 0.001967 0.003091 0.825794 0.000843 0.000281 0.000000 0.000000 0.000000 
0.000562 0.000000 0.017702 0.476257 0.000000 0.000843 0.028098 0.000281 0.000000 0.000000 0.000000 0.000000 0.000000 0.476257 0.000000 0.000000 0.000000 0.000000 0.000000 0.000000 
0.000281 0.000000 0.000000 0.000000 0.062131 0.000000 0.000000 0.058476 0.000281 0.148159 0.709868 0.000000 0.000000 0.000000 0.000000 0.000000 0.000000 0.020804 0.000000 0.000000 

MOTIF MEME-60
letter-probability matrix: alength= 20 w= 30 nsites= 3584 E= 0.000000
0.256975 0.003627 0.000000 0.000000 0.000000 0.000000 0.000000 0.000000 0.000000 0.000000 0.000000 0.000000 0.000000 0.000000 0.000000 0.616071 0.123047 0.000279 0.000000 0.000000 
0.005580 0.000279 0.000000 0.000000 0.000000 0.002511 0.004464 0.005580 0.004464 0.004464 0.004464 0.010045 0.000000 0.085938 0.065290 0.001674 0.005859 0.799386 0.000000 0.000000 
0.029576 0.002232 0.002232 0.041853 0.001395 0.000279 0.013393 0.002790 0.004185 0.029018 0.002511 0.000000 0.000000 0.022321 0.808036 0.001674 0.029018 0.009487 0.000000 0.000000 
0.000837 0.000279 0.000000 0.000000 0.000000 0.000000 0.000000 0.002790 0.000000 0.199219 0.009208 0.000000 0.000000 0.000000 0.000000 0.000000 0.000000 0.787667 0.000000 0.000000 
0.902623 0.000000 0.000837 0.000000 0.000000 0.039342 0.000000 0.000000 0.000000 0.000000 0.000000 0.000279 0.000000 0.000279 0.000000 0.055525 0.000837 0.000279 0.000000 0.000000 
0.063895 0.000000 0.000000 0.008371 0.000000 0.040179 0.000000 0.000000 0.037667 0.001395 0.000279 0.000000 0.000000 0.810547 0.015625 0.006138 0.010603 0.003906 0.000000 0.001395 
0.001675 0.000279 0.000000 0.000000 0.003070 0.000000 0.001675 0.080938 0.000000 0.425342 0.409713 0.000000 0.000000 0.000000 0.000000 0.000000 0.038236 0.039073 0.000000 0.000000 
0.002511 0.983538 0.000279 0.000000 0.000000 0.000000 0.000000 0.000000 0.000000 0.010324 0.000279 0.000000 0.000000 0.000000 0.000558 0.001116 0.001395 0.000000 0.000000 0.000000 
0.036272 0.000000 0.304688 0.060547 0.000000 0.000558 0.279855 0.000000 0.029018 0.000000 0.000000 0.127790 0.000000 0.027065 0.125558 0.006975 0.000000 0.000000 0.000000 0.001674 
0.075335 0.000279 0.377511 0.342355 0.000000 0.000837 0.000279 0.001116 0.000000 0.005022 0.036830 0.002232 0.000000 0.006975 0.000279 0.008650 0.133650 0.008371 0.000279 0.000000 
0.000838 0.000559 0.000000 0.000000 0.370670 0.000279 0.008939 0.000000 0.000000 0.008101 0.020950 0.016480 0.000000 0.000279 0.000279 0.000279 0.001676 0.000559 0.532961 0.037151 
0.001674 0.000000 0.022879 0.005580 0.000000 0.936663 0.000279 0.000000 0.000000 0.000000 0.000000 0.032087 0.000000 0.000000 0.000279 0.000558 0.000000 0.000000 0.000000 0.000000 
0.000000 0.000000 0.000000 0.000000 0.001395 0.000000 0.000000 0.011440 0.001953 0.882533 0.029576 0.000000 0.000000 0.000000 0.004743 0.000000 0.000000 0.058873 0.001953 0.007533 
0.011161 0.000279 0.002511 0.001116 0.000000 0.152065 0.000279 0.006417 0.000837 0.000000 0.004743 0.003069 0.000279 0.000000 0.004464 0.002232 0.809989 0.000558 0.000000 0.000000 
0.000000 0.000000 0.000000 0.000000 0.000279 0.000000 0.000000 0.004464 0.000000 0.097377 0.006417 0.000000 0.000000 0.000000 0.000000 0.000000 0.013672 0.065848 0.811942 0.000000 
0.000837 0.000000 0.000279 0.000000 0.000000 0.826172 0.000000 0.000000 0.000000 0.000000 0.000000 0.000000 0.000000 0.000000 0.000000 0.172712 0.000000 0.000000 0.000000 0.000000 
0.000837 0.258092 0.000000 0.000000 0.000000 0.000000 0.000000 0.001674 0.000000 0.000000 0.173549 0.000000 0.000000 0.000000 0.000000 0.558594 0.000000 0.007254 0.000000 0.000000 
0.000000 0.000000 0.000000 0.000000 0.000000 0.000000 1.000000 0.000000 0.000000 0.000000 0.000000 0.000000 0.000000 0.000000 0.000000 0.000000 0.000000 0.000000 0.000000 0.000000 
0.000000 0.000000 0.000000 0.000000 0.000000 0.000000 0.000000 0.000000 0.000000 0.000000 0.000000 0.000000 0.000000 0.000000 0.000000 1.000000 0.000000 0.000000 0.000000 0.000000 
0.000000 0.000000 0.000000 0.000000 0.000000 0.000000 0.000000 0.000000 0.000000 0.000000 0.000000 1.000000 0.000000 0.000000 0.000000 0.000000 0.000000 0.000000 0.000000 0.000000 
0.000000 0.000279 0.000000 0.000000 0.000000 0.000000 0.000000 0.000000 0.000558 0.000000 0.000000 0.823940 0.000000 0.000000 0.000000 0.119978 0.055246 0.000000 0.000000 0.000000 
0.000000 0.000000 0.000000 0.000000 0.000000 0.000000 0.998605 0.000000 0.000000 0.000000 0.000000 0.000279 0.000279 0.000279 0.000279 0.000000 0.000000 0.000000 0.000000 0.000279 
0.000000 0.000000 0.000000 0.000000 0.825893 0.000000 0.000000 0.000000 0.000000 0.172991 0.000558 0.000000 0.000000 0.000000 0.000000 0.000000 0.000000 0.000558 0.000000 0.000000 
0.000000 0.000000 0.825893 0.000000 0.000000 0.173270 0.000000 0.000000 0.000000 0.000000 0.000000 0.000558 0.000000 0.000000 0.000000 0.000279 0.000000 0.000000 0.000000 0.000000 
0.000000 0.000000 0.000000 0.000000 0.000000 0.000000 0.000000 0.845145 0.000000 0.000000 0.000000 0.000000 0.000000 0.000000 0.000000 0.000000 0.000000 0.154855 0.000000 0.000000 
0.000000 0.000000 0.000000 0.000000 0.000000 0.000000 0.000000 0.000000 0.000000 0.000000 0.000000 0.000000 0.000000 0.000000 0.000000 0.987723 0.012277 0.000000 0.000000 0.000000 
0.000000 0.000000 0.000000 0.000000 0.001116 0.000000 0.000000 0.000000 0.000000 0.997768 0.001116 0.000000 0.000000 0.000000 0.000000 0.000000 0.000000 0.000000 0.000000 0.000000 
0.943638 0.000000 0.000000 0.000000 0.000000 0.000000 0.000279 0.000000 0.000000 0.000000 0.047712 0.000000 0.000000 0.000000 0.000279 0.000279 0.002232 0.005580 0.000000 0.000000 
0.176766 0.000000 0.000000 0.000000 0.000279 0.000000 0.000000 0.004189 0.000000 0.001117 0.811784 0.000000 0.000000 0.000838 0.000000 0.000000 0.003630 0.001396 0.000000 0.000000 
0.001953 0.001395 0.000000 0.000000 0.763114 0.000000 0.000000 0.005859 0.000000 0.001395 0.187221 0.000000 0.000000 0.000000 0.000000 0.000000 0.000000 0.037388 0.000000 0.001674 

