MEME version 4

ALPHABET= ACDEFGHIKLMNPQRSTVWY

Background letter frequencies
A 0.1134 C 0.0105 D 0.0638 E 0.0702 F 0.0297 G 0.0889 H 0.0205 I 0.0614 K 0.0495 L 0.0963 
M 0.0246 N 0.0360 P 0.0427 Q 0.0317 R 0.0509 S 0.0508 T 0.0505 V 0.0702 W 0.0129 
Y 0.0257 

MOTIF MEME-1
letter-probability matrix: alength= 20 w= 30 nsites= 278 E= 0.000000
0.111511 0.000000 0.000000 0.000000 0.000000 0.003597 0.010791 0.046763 0.000000 0.017986 0.021583 0.021583 0.039568 0.035971 0.025180 0.053957 0.597122 0.010791 0.000000 0.003597 
0.593525 0.000000 0.017986 0.032374 0.000000 0.115108 0.000000 0.007194 0.032374 0.007194 0.007194 0.003597 0.093525 0.017986 0.007194 0.043165 0.010791 0.003597 0.000000 0.007194 
0.564748 0.021583 0.007194 0.075540 0.000000 0.021583 0.007194 0.000000 0.000000 0.000000 0.000000 0.010791 0.025180 0.057554 0.017986 0.107914 0.071942 0.007194 0.000000 0.003597 
0.251799 0.000000 0.035971 0.503597 0.000000 0.010791 0.000000 0.000000 0.000000 0.014388 0.032374 0.003597 0.039568 0.010791 0.010791 0.035971 0.043165 0.003597 0.000000 0.003597 
0.046763 0.000000 0.129496 0.000000 0.000000 0.010791 0.000000 0.003597 0.000000 0.003597 0.000000 0.028777 0.028777 0.000000 0.000000 0.176259 0.553957 0.017986 0.000000 0.000000 
0.046763 0.003597 0.079137 0.010791 0.003597 0.568345 0.003597 0.007194 0.000000 0.093525 0.000000 0.057554 0.007194 0.050360 0.003597 0.032374 0.028777 0.003597 0.000000 0.000000 
0.000000 0.000000 0.964029 0.000000 0.000000 0.000000 0.000000 0.000000 0.000000 0.003597 0.000000 0.003597 0.003597 0.000000 0.000000 0.021583 0.003597 0.000000 0.000000 0.000000 
0.017986 0.000000 0.000000 0.003597 0.000000 0.000000 0.000000 0.000000 0.007194 0.000000 0.000000 0.007194 0.000000 0.046763 0.834532 0.050360 0.032374 0.000000 0.000000 0.000000 
0.000000 0.000000 0.000000 0.000000 0.000000 0.000000 0.000000 0.982014 0.000000 0.003597 0.000000 0.000000 0.000000 0.000000 0.000000 0.000000 0.000000 0.014388 0.000000 0.000000 
0.208633 0.000000 0.021583 0.500000 0.000000 0.000000 0.000000 0.000000 0.046763 0.000000 0.000000 0.000000 0.000000 0.039568 0.014388 0.043165 0.061151 0.064748 0.000000 0.000000 
0.010791 0.000000 0.000000 0.003597 0.000000 0.007194 0.104317 0.000000 0.000000 0.000000 0.000000 0.010791 0.000000 0.000000 0.039568 0.053957 0.007194 0.000000 0.751799 0.010791 
0.035971 0.000000 0.000000 0.000000 0.000000 0.000000 0.000000 0.187050 0.000000 0.086331 0.003597 0.000000 0.000000 0.000000 0.000000 0.000000 0.000000 0.687050 0.000000 0.000000 
0.014388 0.000000 0.000000 0.007194 0.000000 0.000000 0.000000 0.000000 0.607914 0.000000 0.000000 0.043165 0.000000 0.014388 0.276978 0.028777 0.007194 0.000000 0.000000 0.000000 
0.007194 0.000000 0.000000 0.000000 0.003597 0.000000 0.000000 0.053957 0.000000 0.766187 0.007194 0.000000 0.000000 0.000000 0.000000 0.000000 0.000000 0.161871 0.000000 0.000000 
0.075540 0.000000 0.000000 0.025180 0.000000 0.000000 0.000000 0.000000 0.000000 0.000000 0.000000 0.000000 0.000000 0.003597 0.046763 0.841727 0.007194 0.000000 0.000000 0.000000 
0.000000 0.000000 0.000000 0.000000 0.000000 0.000000 0.003597 0.000000 0.000000 0.593525 0.003597 0.000000 0.000000 0.000000 0.000000 0.388489 0.003597 0.000000 0.000000 0.007194 
0.528777 0.079137 0.000000 0.000000 0.025180 0.000000 0.003597 0.014388 0.000000 0.000000 0.000000 0.000000 0.000000 0.000000 0.000000 0.017986 0.043165 0.284173 0.000000 0.003597 
0.071942 0.000000 0.003597 0.000000 0.622302 0.000000 0.000000 0.028777 0.003597 0.039568 0.000000 0.021583 0.000000 0.003597 0.007194 0.000000 0.057554 0.028777 0.000000 0.111511 
0.000000 0.000000 0.000000 0.000000 0.000000 0.000000 0.000000 0.003597 0.000000 0.964029 0.000000 0.000000 0.000000 0.000000 0.000000 0.000000 0.000000 0.032374 0.000000 0.000000 
0.000000 0.000000 0.000000 0.000000 0.000000 0.000000 0.000000 0.000000 0.000000 0.000000 0.000000 0.000000 1.000000 0.000000 0.000000 0.000000 0.000000 0.000000 0.000000 0.000000 
0.000000 0.000000 0.000000 0.000000 0.000000 0.000000 0.000000 0.000000 0.000000 1.000000 0.000000 0.000000 0.000000 0.000000 0.000000 0.000000 0.000000 0.000000 0.000000 0.000000 
0.920863 0.000000 0.032374 0.000000 0.000000 0.003597 0.000000 0.000000 0.014388 0.000000 0.000000 0.000000 0.007194 0.000000 0.000000 0.014388 0.003597 0.003597 0.000000 0.000000 
0.046763 0.000000 0.003597 0.032374 0.000000 0.000000 0.003597 0.000000 0.000000 0.000000 0.000000 0.154676 0.000000 0.010791 0.032374 0.007194 0.701439 0.007194 0.000000 0.000000 
0.014388 0.000000 0.000000 0.000000 0.000000 0.003597 0.000000 0.000000 0.000000 0.003597 0.000000 0.000000 0.946043 0.000000 0.000000 0.000000 0.000000 0.032374 0.000000 0.000000 
0.000000 0.000000 0.000000 0.000000 0.000000 0.000000 0.000000 0.410072 0.000000 0.032374 0.000000 0.000000 0.000000 0.000000 0.000000 0.000000 0.000000 0.557554 0.000000 0.000000 
0.000000 0.000000 0.000000 0.000000 0.000000 0.000000 0.000000 0.000000 0.000000 0.000000 0.000000 0.021583 0.000000 0.000000 0.000000 0.971223 0.003597 0.003597 0.000000 0.000000 
0.000000 0.000000 1.000000 0.000000 0.000000 0.000000 0.000000 0.000000 0.000000 0.000000 0.000000 0.000000 0.000000 0.000000 0.000000 0.000000 0.000000 0.000000 0.000000 0.000000 
1.000000 0.000000 0.000000 0.000000 0.000000 0.000000 0.000000 0.000000 0.000000 0.000000 0.000000 0.000000 0.000000 0.000000 0.000000 0.000000 0.000000 0.000000 0.000000 0.000000 
0.000000 0.000000 0.000000 0.000000 0.000000 0.000000 0.000000 0.000000 1.000000 0.000000 0.000000 0.000000 0.000000 0.000000 0.000000 0.000000 0.000000 0.000000 0.000000 0.000000 
0.000000 0.000000 0.000000 0.000000 0.000000 0.000000 0.032374 0.000000 0.000000 0.000000 0.000000 0.000000 0.000000 0.000000 0.000000 0.000000 0.000000 0.967626 0.000000 0.000000 

MOTIF MEME-2
letter-probability matrix: alength= 20 w= 30 nsites= 1759 E= 0.000000
0.009101 0.006257 0.000000 0.000000 0.000569 0.073379 0.000000 0.086462 0.001706 0.002275 0.001138 0.000000 0.000000 0.000000 0.000000 0.172924 0.001706 0.618885 0.000000 0.025597 
0.000000 0.001706 0.000000 0.072810 0.000000 0.000000 0.000000 0.309443 0.179750 0.065415 0.000000 0.000000 0.000000 0.000000 0.001706 0.023322 0.002844 0.343003 0.000000 0.000000 
0.075654 0.002844 0.000000 0.693402 0.000000 0.023322 0.000000 0.000000 0.000000 0.000000 0.000000 0.000000 0.014221 0.000000 0.179750 0.007964 0.002844 0.000000 0.000000 0.000000 
0.192833 0.000000 0.000000 0.000000 0.000000 0.698521 0.000000 0.000000 0.000000 0.000000 0.000000 0.000000 0.000000 0.000000 0.000000 0.012514 0.023322 0.000000 0.000000 0.072810 
0.000000 0.000000 0.000000 0.000000 0.005119 0.184300 0.025597 0.000000 0.070535 0.000000 0.000000 0.000000 0.000000 0.000569 0.631968 0.000000 0.000000 0.000000 0.072810 0.009101 
0.692833 0.001138 0.000000 0.002844 0.000000 0.253129 0.000000 0.000000 0.000000 0.000000 0.000000 0.000000 0.001138 0.001706 0.000000 0.008532 0.034699 0.003982 0.000000 0.000000 
0.159272 0.000000 0.023891 0.060865 0.000000 0.021047 0.188282 0.000000 0.009670 0.078498 0.000000 0.005688 0.096701 0.091013 0.247440 0.015358 0.000569 0.000569 0.000000 0.001138 
0.037543 0.000000 0.000000 0.000000 0.000000 0.249147 0.000000 0.002275 0.000000 0.000000 0.000000 0.000000 0.005119 0.000000 0.000000 0.093857 0.610353 0.001706 0.000000 0.000000 
0.020478 0.001138 0.011377 0.003413 0.000000 0.000569 0.000000 0.086462 0.000000 0.006257 0.003982 0.000000 0.000000 0.091581 0.000000 0.000000 0.009101 0.763936 0.000000 0.001706 
0.187144 0.000000 0.005119 0.350967 0.065415 0.007395 0.008532 0.000000 0.051195 0.005119 0.000569 0.000000 0.056883 0.035836 0.076223 0.001138 0.007395 0.023891 0.000000 0.117179 
0.854380 0.001138 0.000569 0.067122 0.000000 0.001706 0.001706 0.002844 0.001138 0.000000 0.000000 0.000000 0.000000 0.001138 0.005119 0.008532 0.053470 0.001138 0.000000 0.000000 
0.641638 0.036974 0.000000 0.000000 0.000000 0.049488 0.179750 0.018771 0.003413 0.053470 0.004551 0.000000 0.000000 0.000000 0.000000 0.002275 0.003413 0.006257 0.000000 0.000000 
0.199659 0.000000 0.000000 0.002844 0.000000 0.000569 0.000000 0.091013 0.001706 0.010808 0.001138 0.000000 0.000569 0.000000 0.000000 0.000000 0.000569 0.691126 0.000000 0.000000 
0.031286 0.005688 0.066553 0.229807 0.000000 0.011377 0.364050 0.005119 0.162116 0.008532 0.003982 0.013083 0.000000 0.039249 0.031286 0.011377 0.002275 0.000569 0.000000 0.013652 
0.000569 0.000000 0.001706 0.906712 0.000569 0.000000 0.003413 0.000569 0.000000 0.000000 0.000000 0.000000 0.000000 0.005688 0.072241 0.000569 0.000569 0.007395 0.000000 0.000000 
0.000000 0.001706 0.000000 0.000000 0.032423 0.000000 0.000000 0.164960 0.000000 0.636519 0.122298 0.000000 0.000000 0.000569 0.000000 0.001138 0.000000 0.038680 0.001706 0.000000 
0.389078 0.001138 0.000000 0.039818 0.005688 0.167235 0.000000 0.000000 0.040956 0.000000 0.059727 0.000000 0.000000 0.002275 0.006257 0.261661 0.025597 0.000569 0.000000 0.000000 
0.004551 0.000000 0.563140 0.195108 0.000000 0.030717 0.001706 0.000000 0.009101 0.000000 0.000000 0.009101 0.160978 0.009101 0.003413 0.006257 0.005688 0.000000 0.000000 0.001138 
0.032423 0.000569 0.001706 0.006826 0.084755 0.017634 0.022184 0.001138 0.009670 0.031286 0.004551 0.100683 0.000569 0.011945 0.010239 0.009670 0.022184 0.012514 0.000569 0.618885 
0.002844 0.000000 0.000000 0.000000 0.003413 0.000000 0.000000 0.043231 0.000000 0.877702 0.003982 0.000000 0.000000 0.000000 0.000000 0.000000 0.000000 0.068828 0.000000 0.000000 
0.000569 0.000569 0.000569 0.009670 0.000000 0.000000 0.000000 0.629693 0.000000 0.151308 0.004551 0.000000 0.000000 0.009101 0.006257 0.000569 0.006826 0.179750 0.000000 0.000569 
0.000569 0.000000 0.005688 0.001138 0.000000 0.988623 0.000000 0.000000 0.000000 0.000000 0.000000 0.000000 0.000000 0.001138 0.000000 0.002844 0.000000 0.000000 0.000000 0.000000 
0.015927 0.000000 0.002275 0.262230 0.000000 0.000000 0.001706 0.000000 0.327645 0.009670 0.000000 0.001706 0.000000 0.281570 0.090444 0.002275 0.002275 0.001138 0.001138 0.000000 
0.000569 0.000000 0.858362 0.002844 0.000000 0.001138 0.000000 0.000000 0.000569 0.000000 0.000000 0.130262 0.001138 0.000000 0.000000 0.004551 0.000569 0.000000 0.000000 0.000000 
0.018771 0.000000 0.000000 0.000000 0.000000 0.000000 0.000000 0.000000 0.000000 0.000000 0.000000 0.000000 0.980091 0.000569 0.000000 0.000569 0.000000 0.000000 0.000000 0.000000 
0.163161 0.001137 0.002274 0.000569 0.074474 0.009096 0.015918 0.000000 0.000000 0.209778 0.036953 0.130756 0.000000 0.008528 0.172825 0.159750 0.014213 0.000000 0.000000 0.000569 
0.008528 0.001706 0.273451 0.027857 0.000569 0.000000 0.028994 0.000000 0.014213 0.105742 0.002274 0.114269 0.003411 0.029562 0.384309 0.002274 0.002843 0.000000 0.000000 0.000000 
0.000000 0.000000 0.000000 0.000000 0.000000 0.000000 0.000000 0.965890 0.000000 0.009096 0.007391 0.000000 0.000000 0.000000 0.000000 0.000000 0.001706 0.015918 0.000000 0.000000 
0.057987 0.000000 0.170551 0.469585 0.000000 0.032973 0.000000 0.000000 0.000000 0.000000 0.000000 0.249005 0.000000 0.010233 0.000000 0.008528 0.001137 0.000000 0.000000 0.000000 
0.007959 0.000000 0.642979 0.013076 0.000000 0.011370 0.018761 0.000000 0.152359 0.007391 0.000000 0.000569 0.000569 0.001137 0.139284 0.000000 0.001137 0.000569 0.000000 0.002843 

MOTIF MEME-3
letter-probability matrix: alength= 20 w= 30 nsites= 3206 E= 0.000000
0.005303 0.000312 0.441672 0.010293 0.000312 0.004367 0.152527 0.178104 0.000000 0.146912 0.036806 0.010293 0.000000 0.003431 0.001248 0.000000 0.002807 0.003431 0.000000 0.002183 
0.003431 0.000624 0.099813 0.000000 0.043044 0.000312 0.181223 0.172489 0.000000 0.158453 0.003431 0.010605 0.000000 0.000000 0.000000 0.001560 0.004055 0.009357 0.220524 0.091079 
0.010605 0.000000 0.136931 0.065814 0.004991 0.000312 0.001560 0.000312 0.000000 0.004367 0.000000 0.008734 0.000000 0.164691 0.000936 0.007174 0.066750 0.000312 0.523706 0.002807 
0.004367 0.000000 0.004055 0.007798 0.008734 0.012789 0.004055 0.000312 0.155334 0.004991 0.102932 0.057392 0.000000 0.504991 0.034311 0.005614 0.086089 0.006238 0.000000 0.000000 
0.012488 0.000624 0.000312 0.002498 0.011239 0.000624 0.004683 0.008117 0.005620 0.245083 0.277240 0.001561 0.000312 0.001249 0.003122 0.003122 0.081798 0.294099 0.000000 0.046207 
0.027760 0.022458 0.000312 0.008422 0.044916 0.027760 0.000000 0.011853 0.000000 0.274797 0.253899 0.061135 0.000000 0.010293 0.000000 0.031503 0.001560 0.014660 0.001248 0.207424 
0.102932 0.000000 0.000000 0.000312 0.031503 0.000312 0.019651 0.000312 0.010293 0.004367 0.000000 0.024017 0.000000 0.009046 0.144105 0.005303 0.034311 0.000624 0.176232 0.436681 
0.209919 0.000312 0.000624 0.000624 0.000000 0.019651 0.030568 0.000000 0.068621 0.001248 0.000624 0.000936 0.000624 0.011853 0.497505 0.055209 0.101061 0.000312 0.000000 0.000312 
0.159077 0.000936 0.000000 0.000000 0.006238 0.371179 0.013100 0.020586 0.002183 0.119152 0.033999 0.002183 0.000000 0.004679 0.000936 0.116344 0.144105 0.004991 0.000312 0.000000 
0.154182 0.000624 0.000000 0.000000 0.002809 0.429775 0.095818 0.002809 0.000000 0.063670 0.063983 0.000312 0.000000 0.023096 0.028714 0.026841 0.007179 0.001873 0.000000 0.098315 
0.074860 0.002495 0.016532 0.000000 0.543980 0.000000 0.000624 0.000000 0.000000 0.000000 0.000000 0.004055 0.001560 0.000000 0.003431 0.099501 0.000624 0.000000 0.000000 0.252339 
0.011853 0.000000 0.000000 0.000000 0.006862 0.000312 0.000000 0.001248 0.000000 0.000312 0.002183 0.000000 0.000000 0.016532 0.000000 0.089520 0.000312 0.127885 0.124766 0.618216 
0.003119 0.000000 0.000000 0.000000 0.000000 0.464442 0.000000 0.000000 0.000000 0.000000 0.000000 0.000000 0.000312 0.000000 0.531192 0.000936 0.000000 0.000000 0.000000 0.000000 
0.000000 0.000312 0.000000 0.000000 0.000312 0.486588 0.000000 0.000000 0.000000 0.000000 0.000000 0.000000 0.000000 0.016843 0.397068 0.097941 0.000000 0.000000 0.000000 0.000936 
0.000000 0.000000 0.000000 0.000000 0.000000 0.665939 0.000000 0.000000 0.209607 0.000000 0.000000 0.000000 0.000000 0.000000 0.025265 0.099189 0.000000 0.000000 0.000000 0.000000 
0.092327 0.000000 0.000000 0.004367 0.000000 0.485964 0.000000 0.000000 0.000000 0.000000 0.000000 0.000624 0.413288 0.000000 0.000000 0.001248 0.000312 0.001871 0.000000 0.000000 
0.006862 0.000000 0.000000 0.000624 0.000312 0.000000 0.000000 0.407361 0.000000 0.245789 0.052090 0.000000 0.000000 0.000000 0.000000 0.000000 0.000312 0.286650 0.000000 0.000000 
0.125702 0.000000 0.000624 0.000000 0.049906 0.062695 0.080786 0.001248 0.000000 0.293512 0.027449 0.000000 0.056457 0.000000 0.000000 0.024953 0.095758 0.180911 0.000000 0.000000 
0.005616 0.000624 0.000000 0.000000 0.000000 0.000312 0.000000 0.046490 0.000000 0.052106 0.660218 0.002184 0.000312 0.000312 0.000000 0.071451 0.049610 0.110764 0.000000 0.000000 
0.126677 0.000624 0.000000 0.000000 0.033697 0.000312 0.000000 0.000936 0.000312 0.000000 0.000312 0.175039 0.000000 0.103276 0.008424 0.501092 0.041186 0.006864 0.001248 0.000000 
0.800936 0.000936 0.000000 0.000000 0.000000 0.004368 0.000000 0.005616 0.000000 0.000000 0.000000 0.000000 0.000000 0.000000 0.000000 0.000936 0.141030 0.046178 0.000000 0.000000 
0.000624 0.000000 0.000000 0.000000 0.000000 0.000000 0.000000 0.767239 0.000000 0.177847 0.010608 0.000000 0.000000 0.000624 0.000000 0.000000 0.002496 0.040562 0.000000 0.000000 
0.440562 0.000000 0.000000 0.000000 0.000000 0.022465 0.000000 0.000000 0.000000 0.000000 0.000000 0.000000 0.000000 0.000000 0.000000 0.536661 0.000312 0.000000 0.000000 0.000000 
0.214353 0.102652 0.000000 0.000000 0.000000 0.569423 0.000000 0.000000 0.000000 0.000000 0.000000 0.000000 0.049298 0.000000 0.000000 0.001248 0.003432 0.059594 0.000000 0.000000 
0.001872 0.000624 0.000000 0.000000 0.044930 0.000000 0.000000 0.564743 0.000000 0.049922 0.001560 0.000000 0.000000 0.000000 0.000000 0.000000 0.000312 0.335101 0.000000 0.000936 
0.000000 0.000000 0.987520 0.011856 0.000000 0.000000 0.000000 0.000000 0.000000 0.000000 0.000000 0.000624 0.000000 0.000000 0.000000 0.000000 0.000000 0.000000 0.000000 0.000000 
0.000000 0.000000 0.000000 0.000000 0.000000 0.000000 0.001560 0.224961 0.000000 0.268955 0.025273 0.000000 0.000000 0.409360 0.000000 0.000000 0.025897 0.043994 0.000000 0.000000 
0.996257 0.000312 0.000000 0.000000 0.000000 0.003119 0.000000 0.000000 0.000000 0.000000 0.000000 0.000000 0.000000 0.000000 0.000000 0.000000 0.000312 0.000000 0.000000 0.000000 
0.000000 0.000000 0.000000 0.000000 0.000624 0.000000 0.000000 0.082034 0.000000 0.914535 0.001560 0.000000 0.000000 0.000000 0.000000 0.000000 0.000000 0.001248 0.000000 0.000000 
0.000000 0.000000 0.000000 0.000000 0.000000 0.000000 0.000312 0.000000 0.000000 0.000000 0.000000 0.000000 0.000000 0.000000 0.000000 0.000000 0.000000 0.000000 0.982533 0.017155 

MOTIF MEME-4
letter-probability matrix: alength= 20 w= 30 nsites= 1720 E= 0.000000
0.108140 0.000000 0.023837 0.081977 0.000581 0.255814 0.008721 0.004651 0.032558 0.002326 0.000000 0.022674 0.300000 0.021512 0.011047 0.058140 0.053488 0.014535 0.000000 0.000000 
0.004651 0.000000 0.004070 0.000581 0.000581 0.548837 0.003488 0.000000 0.114535 0.191860 0.000581 0.008140 0.000000 0.030233 0.008140 0.009884 0.074419 0.000000 0.000000 0.000000 
0.108721 0.000000 0.002907 0.015116 0.000000 0.001744 0.000581 0.000000 0.373256 0.012791 0.005233 0.000000 0.145930 0.016860 0.256395 0.055814 0.004070 0.000581 0.000000 0.000000 
0.468605 0.000581 0.028488 0.118023 0.000581 0.043023 0.001744 0.001744 0.041279 0.186047 0.000000 0.005233 0.008140 0.054070 0.013372 0.014535 0.008721 0.005814 0.000000 0.000000 
0.260465 0.000000 0.034302 0.405814 0.000000 0.020930 0.000581 0.000581 0.002326 0.006395 0.000581 0.001163 0.000000 0.092442 0.137791 0.020930 0.009884 0.005814 0.000000 0.000000 
0.000000 0.002326 0.000000 0.000000 0.002326 0.000000 0.001163 0.068023 0.164535 0.039535 0.002907 0.000000 0.000000 0.000000 0.713953 0.000000 0.000000 0.005233 0.000000 0.000000 
0.069767 0.000000 0.000000 0.204070 0.008140 0.000000 0.000581 0.264535 0.037791 0.229070 0.015116 0.000000 0.000000 0.039535 0.040116 0.004651 0.056395 0.029070 0.001163 0.000000 
0.426744 0.000000 0.060465 0.152907 0.000581 0.013953 0.008140 0.003488 0.035465 0.183721 0.000581 0.004651 0.000000 0.038372 0.040116 0.009302 0.020349 0.001163 0.000000 0.000000 
0.150581 0.000000 0.016860 0.106395 0.000581 0.189535 0.036047 0.029651 0.027907 0.039535 0.002326 0.003488 0.000000 0.080233 0.132558 0.006395 0.138372 0.025000 0.000581 0.013953 
0.125000 0.000000 0.000000 0.050000 0.003488 0.000000 0.000000 0.016860 0.005814 0.620349 0.099419 0.000000 0.000000 0.000581 0.002907 0.061047 0.000581 0.013953 0.000000 0.000000 
0.033140 0.000581 0.012791 0.183721 0.001744 0.001163 0.144186 0.035465 0.072093 0.266279 0.007558 0.029651 0.000000 0.062791 0.102907 0.013372 0.006977 0.004651 0.001744 0.019186 
0.230814 0.000581 0.023837 0.162791 0.000000 0.001744 0.004651 0.000581 0.065116 0.003488 0.002326 0.077907 0.000000 0.037791 0.316860 0.059302 0.008140 0.004070 0.000000 0.000000 
0.004651 0.003488 0.240116 0.289535 0.000000 0.008140 0.059884 0.001744 0.034302 0.003488 0.000000 0.034302 0.000000 0.090116 0.143023 0.018023 0.053488 0.013372 0.000581 0.001744 
0.120930 0.000000 0.000000 0.000000 0.000000 0.699419 0.000000 0.000000 0.000000 0.000000 0.000000 0.000000 0.000000 0.000000 0.000000 0.176163 0.003488 0.000000 0.000000 0.000000 
0.000000 0.000000 0.000000 0.000000 0.031395 0.000000 0.000000 0.001163 0.000000 0.002326 0.000000 0.000000 0.000000 0.000000 0.000000 0.000000 0.000000 0.301744 0.000000 0.663372 
0.073837 0.000000 0.000000 0.000000 0.000000 0.000581 0.000000 0.000000 0.002326 0.000000 0.000581 0.000000 0.720930 0.108721 0.091860 0.001163 0.000000 0.000000 0.000000 0.000000 
0.477326 0.399419 0.000000 0.000000 0.000000 0.080814 0.000000 0.000581 0.000000 0.000000 0.000000 0.000000 0.000000 0.000000 0.000000 0.012209 0.026744 0.002907 0.000000 0.000000 
0.000000 0.000000 0.000000 0.000000 0.000000 0.000000 0.000000 0.000000 0.000000 0.000000 0.000000 0.000000 0.000000 0.000000 0.000000 0.000000 0.000000 0.000000 0.000000 1.000000 
0.008721 0.000581 0.000000 0.000000 0.000000 0.000000 0.000000 0.000000 0.000000 0.000000 0.000000 0.189535 0.000000 0.000000 0.000000 0.027907 0.772093 0.001163 0.000000 0.000000 
0.000581 0.000000 0.000000 0.000000 0.000000 0.000000 0.000000 0.000000 0.000000 0.000000 0.000000 0.000000 0.000000 0.000000 0.000000 0.001163 0.998256 0.000000 0.000000 0.000000 
0.030233 0.000000 0.000000 0.004651 0.000000 0.000000 0.000000 0.000000 0.000000 0.000000 0.000000 0.000000 0.000000 0.008721 0.000000 0.890116 0.066279 0.000000 0.000000 0.000000 
0.475581 0.019186 0.000000 0.000000 0.000000 0.185465 0.000000 0.000000 0.000000 0.000000 0.000000 0.000000 0.302907 0.000000 0.000000 0.000000 0.000581 0.016279 0.000000 0.000000 
0.019186 0.000000 0.000000 0.000000 0.000000 0.980814 0.000000 0.000000 0.000000 0.000000 0.000000 0.000000 0.000000 0.000000 0.000000 0.000000 0.000000 0.000000 0.000000 0.000000 
0.000000 0.000000 0.000000 0.000000 0.181395 0.000000 0.000000 0.000000 0.000000 0.000000 0.000000 0.000000 0.000000 0.000000 0.000000 0.000000 0.000000 0.000000 0.814535 0.004070 
0.000000 0.000000 0.000000 0.000000 0.006977 0.000000 0.000000 0.005233 0.000000 0.986047 0.001163 0.000000 0.000000 0.000000 0.000000 0.000581 0.000000 0.000000 0.000000 0.000000 
0.008721 0.000000 0.000000 0.000000 0.000000 0.805814 0.159302 0.000000 0.000000 0.000581 0.000000 0.018605 0.000000 0.000000 0.000000 0.006977 0.000000 0.000000 0.000000 0.000000 
0.024419 0.000000 0.000000 0.000581 0.019767 0.000000 0.014535 0.000000 0.000000 0.000581 0.002326 0.000000 0.000000 0.000000 0.000000 0.002326 0.152907 0.002907 0.000000 0.779651 
0.004651 0.000581 0.226163 0.013953 0.000581 0.100000 0.000000 0.000000 0.000000 0.000000 0.000000 0.004070 0.226744 0.000000 0.000000 0.401744 0.021512 0.000000 0.000000 0.000000 
0.000581 0.000000 0.666279 0.113372 0.000000 0.008721 0.004070 0.016279 0.010465 0.152326 0.000000 0.004070 0.004070 0.001163 0.000581 0.000000 0.016279 0.001744 0.000000 0.000000 
0.113953 0.000000 0.418605 0.433721 0.000000 0.009884 0.000000 0.000000 0.001163 0.000000 0.000000 0.001163 0.000000 0.009302 0.001163 0.006395 0.002907 0.001163 0.000000 0.000581 

MOTIF MEME-10
letter-probability matrix: alength= 20 w= 30 nsites= 7883 E= 0.000000
0.038945 0.001015 0.152734 0.109603 0.005835 0.007865 0.024610 0.038183 0.002918 0.055689 0.006216 0.007104 0.055309 0.025625 0.294812 0.008372 0.011671 0.139668 0.000000 0.013827 
0.016237 0.000127 0.026640 0.005201 0.000381 0.000381 0.001776 0.226056 0.072688 0.462768 0.003679 0.003933 0.002157 0.002664 0.018775 0.014588 0.017506 0.110491 0.000254 0.013700 
0.019409 0.002664 0.075986 0.008119 0.065965 0.000381 0.003298 0.024356 0.024229 0.183433 0.000127 0.114677 0.003933 0.001903 0.004947 0.003552 0.377394 0.085500 0.000000 0.000127 
0.044146 0.002918 0.006723 0.024229 0.000507 0.033236 0.008499 0.003425 0.359508 0.020677 0.000634 0.047571 0.126348 0.038818 0.095141 0.030192 0.103006 0.051503 0.000000 0.002918 
0.065584 0.000381 0.069009 0.463529 0.002030 0.066345 0.028542 0.000634 0.008119 0.001142 0.000381 0.111759 0.006977 0.047698 0.015984 0.043384 0.048839 0.019155 0.000000 0.000507 
0.053533 0.000000 0.066726 0.037422 0.000254 0.016364 0.000888 0.010148 0.020677 0.002030 0.001269 0.001015 0.561715 0.023595 0.061398 0.013574 0.004440 0.124952 0.000000 0.000000 
0.006344 0.000127 0.010150 0.000507 0.276960 0.000761 0.007105 0.029434 0.000127 0.505202 0.008500 0.001142 0.091221 0.000254 0.000000 0.002157 0.007993 0.014717 0.009896 0.027404 
0.053406 0.002283 0.060510 0.241532 0.001015 0.004694 0.014081 0.006850 0.057973 0.015223 0.001142 0.019282 0.029938 0.162121 0.145376 0.042370 0.061271 0.078904 0.000888 0.001142 
0.003806 0.005455 0.000000 0.000000 0.116849 0.000127 0.003552 0.461304 0.000127 0.044278 0.042248 0.000254 0.018269 0.000761 0.004948 0.000000 0.012560 0.039584 0.001903 0.243974 
0.064950 0.001142 0.045414 0.197514 0.000127 0.007358 0.016491 0.024229 0.209945 0.000381 0.000507 0.008246 0.001649 0.040974 0.150323 0.038691 0.033997 0.157935 0.000000 0.000127 
0.011290 0.000000 0.447292 0.037549 0.000127 0.246607 0.005201 0.000000 0.014588 0.000000 0.000127 0.200939 0.000000 0.019789 0.005582 0.009895 0.000634 0.000000 0.000000 0.000381 
0.001903 0.000000 0.000127 0.000000 0.155271 0.826589 0.003298 0.000000 0.000000 0.000000 0.000000 0.001776 0.000000 0.000000 0.000381 0.004947 0.000127 0.000000 0.000000 0.005582 
0.049480 0.039964 0.005202 0.096549 0.094012 0.012053 0.072824 0.003045 0.155544 0.061533 0.073712 0.003552 0.000000 0.066100 0.093504 0.039711 0.019031 0.009135 0.001015 0.104035 
0.016999 0.005962 0.000000 0.000000 0.041862 0.000000 0.000000 0.222885 0.000000 0.232018 0.072815 0.000000 0.000000 0.000000 0.000000 0.000000 0.000254 0.407205 0.000000 0.000000 
0.221997 0.002791 0.040594 0.076367 0.004567 0.007484 0.112647 0.015476 0.127870 0.020043 0.003045 0.008119 0.014842 0.141697 0.052391 0.033236 0.061652 0.024483 0.019282 0.011417 
0.040213 0.003552 0.000000 0.000000 0.000254 0.000381 0.000000 0.156793 0.000634 0.137638 0.002918 0.002030 0.063808 0.000000 0.016237 0.000000 0.001649 0.573893 0.000000 0.000000 
0.001269 0.000381 0.001522 0.000000 0.002283 0.023468 0.000254 0.000888 0.000254 0.072688 0.003552 0.001269 0.790562 0.000254 0.009514 0.065838 0.024864 0.000000 0.001142 0.000000 
0.048839 0.000634 0.272358 0.122542 0.000634 0.005455 0.004059 0.000888 0.065330 0.001903 0.012559 0.042116 0.018267 0.115311 0.051884 0.049220 0.184067 0.003552 0.000000 0.000381 
0.249017 0.000000 0.004186 0.022453 0.000000 0.259419 0.000127 0.001903 0.196879 0.009134 0.000761 0.001903 0.000127 0.011290 0.116073 0.008246 0.110745 0.007738 0.000000 0.000000 
0.023468 0.000127 0.002410 0.000381 0.000000 0.005328 0.018521 0.003171 0.000634 0.005328 0.000000 0.001903 0.915514 0.001903 0.000507 0.008246 0.003679 0.005708 0.000000 0.003171 
0.000127 0.000000 0.000000 0.000000 0.000000 0.999366 0.000000 0.000000 0.000000 0.000000 0.000000 0.000000 0.000000 0.000000 0.000127 0.000381 0.000000 0.000000 0.000000 0.000000 
0.000127 0.000000 0.000000 0.000000 0.022580 0.000127 0.011544 0.024737 0.000000 0.925155 0.002283 0.000127 0.000000 0.000000 0.000000 0.000507 0.004567 0.008246 0.000000 0.000000 
0.000254 0.000000 0.000000 0.000000 0.000000 0.999493 0.000000 0.000000 0.000000 0.000000 0.000000 0.000000 0.000000 0.000000 0.000000 0.000254 0.000000 0.000000 0.000000 0.000000 
0.007992 0.000888 0.000000 0.000000 0.026132 0.000254 0.000000 0.312191 0.000000 0.092477 0.004186 0.000000 0.000000 0.000254 0.000000 0.000000 0.000381 0.551440 0.000000 0.003806 
0.041989 0.000507 0.084739 0.639351 0.000000 0.002157 0.003552 0.002664 0.005328 0.001269 0.001142 0.003425 0.000000 0.014335 0.022327 0.029811 0.132437 0.014842 0.000000 0.000127 
0.001395 0.000000 0.000000 0.000000 0.022200 0.000127 0.000000 0.305721 0.000000 0.531016 0.005201 0.000000 0.034124 0.000000 0.000000 0.000000 0.000127 0.100089 0.000000 0.000000 
0.001776 0.000634 0.825193 0.004313 0.000000 0.000127 0.000507 0.002918 0.002030 0.001269 0.000000 0.110237 0.000000 0.000000 0.002030 0.044907 0.002537 0.001395 0.000000 0.000127 
0.007487 0.000000 0.015736 0.418020 0.005076 0.002411 0.013959 0.002411 0.005330 0.025635 0.210152 0.000127 0.042259 0.010152 0.095305 0.001396 0.006218 0.003173 0.127792 0.007360 
0.124318 0.000127 0.455157 0.280350 0.000000 0.012305 0.002664 0.000381 0.018013 0.001522 0.000000 0.007738 0.003171 0.055182 0.012178 0.011036 0.009387 0.006216 0.000000 0.000254 
0.167830 0.007865 0.000254 0.024356 0.014081 0.002791 0.010275 0.004694 0.189902 0.046936 0.016872 0.003298 0.000000 0.246353 0.178485 0.003425 0.006723 0.029050 0.001142 0.045668 

MOTIF MEME-33
letter-probability matrix: alength= 20 w= 30 nsites= 7120 E= 0.000000
0.048034 0.017978 0.005478 0.007725 0.008848 0.011657 0.001404 0.141994 0.001966 0.366152 0.032163 0.008989 0.097893 0.002949 0.010393 0.015169 0.018258 0.193399 0.006320 0.003230 
0.222893 0.000000 0.129073 0.186657 0.000983 0.027669 0.038202 0.003933 0.067697 0.009691 0.006320 0.018258 0.006742 0.071348 0.132584 0.041152 0.021208 0.014185 0.000000 0.001404 
0.063904 0.000000 0.254916 0.233708 0.000562 0.005478 0.019382 0.007584 0.123596 0.078371 0.003933 0.003230 0.000421 0.065169 0.047753 0.021208 0.048455 0.017275 0.003371 0.001685 
0.002528 0.000000 0.844382 0.044944 0.000000 0.000000 0.000000 0.002388 0.000000 0.000000 0.000000 0.099298 0.000281 0.000421 0.000000 0.001685 0.002528 0.001545 0.000000 0.000000 
0.059972 0.014045 0.000421 0.014747 0.005056 0.000140 0.000562 0.295646 0.008146 0.235674 0.011376 0.000000 0.000000 0.010393 0.032303 0.001545 0.017135 0.290590 0.001264 0.000983 
0.318399 0.000983 0.057022 0.198876 0.000000 0.007163 0.007303 0.001264 0.075562 0.004073 0.000843 0.009129 0.001124 0.025000 0.273174 0.006180 0.009270 0.004213 0.000000 0.000421 
0.020365 0.000983 0.000421 0.011096 0.019522 0.002107 0.190309 0.009270 0.015871 0.024719 0.048596 0.001966 0.003371 0.016713 0.566994 0.017978 0.006320 0.032865 0.001826 0.008708 
0.044242 0.041152 0.000000 0.000000 0.016011 0.001404 0.000000 0.198034 0.000000 0.209972 0.027247 0.000000 0.000000 0.000000 0.000562 0.000000 0.018539 0.442837 0.000000 0.000000 
0.192135 0.002107 0.016994 0.149438 0.002388 0.012500 0.012640 0.066854 0.087640 0.028511 0.000702 0.004635 0.000000 0.045927 0.239747 0.042556 0.065730 0.027247 0.000702 0.001545 
0.538062 0.000843 0.063343 0.052107 0.000843 0.007725 0.005337 0.096489 0.051404 0.049860 0.003371 0.002107 0.000000 0.021910 0.027809 0.025140 0.037079 0.016152 0.000421 0.000000 
0.136676 0.002809 0.000000 0.000000 0.000562 0.000000 0.018682 0.381374 0.000421 0.095098 0.080629 0.000000 0.000000 0.005338 0.000281 0.000000 0.005759 0.268437 0.002107 0.001826 
0.031320 0.007022 0.000281 0.000000 0.000000 0.001264 0.019944 0.008006 0.154916 0.059831 0.000702 0.003652 0.000000 0.003090 0.663483 0.007725 0.001966 0.023736 0.004916 0.008146 
0.095084 0.000281 0.082725 0.437079 0.000140 0.008287 0.003371 0.000421 0.125983 0.000983 0.000562 0.038764 0.000281 0.052107 0.083848 0.059691 0.007303 0.001545 0.000000 0.001545 
0.452528 0.001966 0.002528 0.072191 0.002247 0.015028 0.025140 0.015590 0.072051 0.030197 0.007022 0.001264 0.000000 0.011938 0.093118 0.031601 0.024157 0.140449 0.000562 0.000421 
0.025843 0.058146 0.000000 0.000000 0.021067 0.000281 0.000702 0.199157 0.000140 0.351545 0.018820 0.000000 0.001264 0.000000 0.000000 0.000702 0.002107 0.318399 0.000000 0.001826 
0.014185 0.000000 0.012500 0.012640 0.000000 0.870084 0.000140 0.000000 0.003511 0.000000 0.000000 0.001124 0.064747 0.014326 0.002669 0.003090 0.000843 0.000140 0.000000 0.000000 
0.052388 0.000421 0.224579 0.110815 0.009410 0.056461 0.003652 0.000140 0.047612 0.002528 0.000421 0.047753 0.333146 0.005197 0.016433 0.036938 0.008708 0.001404 0.013483 0.028511 
0.035393 0.001124 0.442837 0.087079 0.000140 0.079635 0.019803 0.000702 0.024017 0.002949 0.004213 0.056882 0.000140 0.025140 0.155337 0.045084 0.017416 0.001404 0.000140 0.000562 
0.210001 0.005478 0.003933 0.000421 0.143700 0.088496 0.000843 0.174322 0.004916 0.011238 0.012361 0.012361 0.002528 0.013626 0.075853 0.004495 0.043265 0.183593 0.000140 0.008428 
0.085815 0.002247 0.051966 0.032584 0.003090 0.014607 0.010955 0.007163 0.109410 0.022753 0.005056 0.010674 0.095225 0.038202 0.159831 0.166854 0.071910 0.012640 0.076124 0.022893 
0.000281 0.000281 0.000000 0.000000 0.021629 0.000000 0.000000 0.257584 0.000000 0.509831 0.021910 0.000000 0.000000 0.000140 0.000000 0.000000 0.000140 0.188202 0.000000 0.000000 
0.119432 0.001405 0.000000 0.000000 0.001546 0.000281 0.000281 0.006744 0.005339 0.004215 0.298019 0.000000 0.000000 0.004075 0.512295 0.004356 0.019390 0.004777 0.000843 0.017002 
0.027528 0.001124 0.000000 0.000000 0.008427 0.000140 0.000000 0.169242 0.000000 0.232725 0.027528 0.000000 0.000140 0.000281 0.000000 0.000140 0.002809 0.513343 0.005478 0.011096 
0.000000 0.000000 0.968118 0.031742 0.000000 0.000000 0.000000 0.000000 0.000000 0.000000 0.000000 0.000140 0.000000 0.000000 0.000000 0.000000 0.000000 0.000000 0.000000 0.000000 
0.579213 0.141713 0.000000 0.000000 0.000000 0.019803 0.000000 0.014045 0.000000 0.003090 0.001545 0.000000 0.006742 0.000000 0.000000 0.000843 0.000281 0.231039 0.000000 0.001685 
0.000000 0.000000 0.000000 0.000000 0.000000 0.000000 0.000000 0.000000 0.000000 0.000000 0.000000 0.857865 0.000000 0.000000 0.000000 0.000000 0.000000 0.000000 0.083006 0.059129 
0.040748 0.002529 0.000000 0.006463 0.000000 0.125615 0.007447 0.000000 0.000281 0.000141 0.168891 0.001405 0.000000 0.552480 0.067725 0.000703 0.010679 0.000000 0.000000 0.014894 
0.296629 0.000421 0.000000 0.000000 0.000281 0.276966 0.000702 0.006742 0.009410 0.007865 0.002949 0.004354 0.000000 0.045365 0.125843 0.119803 0.002669 0.087500 0.000000 0.012500 
0.000140 0.000000 0.000000 0.000000 0.044522 0.000140 0.000000 0.000000 0.000000 0.093399 0.004494 0.000000 0.000000 0.045225 0.000000 0.000000 0.000000 0.000000 0.791854 0.020225 
0.002949 0.000702 0.412640 0.075421 0.000000 0.028511 0.002809 0.001124 0.034972 0.000702 0.000421 0.103230 0.001685 0.007865 0.008989 0.155337 0.158427 0.004073 0.000000 0.000140 

MOTIF MEME-44
letter-probability matrix: alength= 20 w= 30 nsites= 7404 E= 0.000000
0.000000 0.000000 0.000000 1.000000 0.000000 0.000000 0.000000 0.000000 0.000000 0.000000 0.000000 0.000000 0.000000 0.000000 0.000000 0.000000 0.000000 0.000000 0.000000 0.000000 
0.000135 0.000000 0.005402 0.353998 0.000000 0.000000 0.000000 0.000000 0.000000 0.000000 0.000000 0.000000 0.000000 0.640465 0.000000 0.000000 0.000000 0.000000 0.000000 0.000000 
0.002026 0.000000 0.000000 0.000000 0.000000 0.000135 0.000000 0.000000 0.000000 0.006888 0.000000 0.000000 0.990816 0.000135 0.000000 0.000000 0.000000 0.000000 0.000000 0.000000 
0.000540 0.043091 0.000000 0.000000 0.011212 0.008645 0.000000 0.187086 0.000000 0.206808 0.034040 0.000000 0.000000 0.000135 0.000000 0.000000 0.045252 0.463056 0.000000 0.000135 
0.147393 0.000540 0.061605 0.004458 0.000270 0.010673 0.045258 0.059714 0.111456 0.204134 0.002162 0.005674 0.150365 0.008106 0.075385 0.083356 0.002567 0.025399 0.000540 0.000946 
0.411590 0.014724 0.011752 0.006349 0.001756 0.009726 0.007024 0.039038 0.063218 0.002837 0.004593 0.001216 0.152371 0.039714 0.097123 0.087127 0.010266 0.026746 0.002837 0.009996 
0.038633 0.001351 0.167230 0.289477 0.000810 0.115764 0.082129 0.014994 0.039579 0.012292 0.000405 0.036472 0.005268 0.035661 0.025260 0.018506 0.021208 0.002837 0.029042 0.063083 
0.013236 0.001486 0.408833 0.020529 0.004997 0.000000 0.063614 0.000000 0.006213 0.007834 0.005402 0.245273 0.000000 0.198001 0.008239 0.004457 0.001486 0.001621 0.000000 0.008779 
0.089681 0.000540 0.008779 0.023636 0.068747 0.002026 0.022825 0.172339 0.007428 0.143976 0.008104 0.042545 0.048757 0.001756 0.093193 0.010805 0.042004 0.066721 0.101162 0.044976 
0.119530 0.000675 0.201243 0.419098 0.001080 0.031469 0.017693 0.005673 0.019449 0.035116 0.006213 0.011885 0.017288 0.028093 0.020665 0.027147 0.014722 0.020259 0.000135 0.002566 
0.256618 0.004052 0.066991 0.070232 0.001351 0.410049 0.008239 0.002026 0.008644 0.023231 0.005538 0.007969 0.000405 0.015262 0.009724 0.021745 0.011615 0.017963 0.000675 0.057672 
0.007023 0.000135 0.000000 0.000675 0.011615 0.000000 0.092788 0.049028 0.000000 0.421529 0.228525 0.006618 0.000000 0.034576 0.007834 0.001621 0.005402 0.003917 0.013101 0.115613 
0.406132 0.001486 0.000405 0.014046 0.000540 0.028903 0.003647 0.014722 0.187601 0.019179 0.001080 0.001080 0.080902 0.027012 0.119260 0.019719 0.009049 0.063614 0.001216 0.000405 
0.077931 0.000540 0.063344 0.188142 0.037412 0.004727 0.030389 0.005267 0.065505 0.013506 0.002431 0.004187 0.000540 0.076175 0.268504 0.014587 0.025122 0.005673 0.039168 0.076850 
0.002971 0.000000 0.000405 0.000000 0.003647 0.000000 0.000000 0.158698 0.000000 0.606294 0.001621 0.000000 0.000270 0.000000 0.000135 0.000270 0.000675 0.222042 0.000000 0.002971 
0.245138 0.081848 0.000675 0.000405 0.009589 0.002026 0.004997 0.002296 0.081037 0.003917 0.003512 0.057266 0.002026 0.031334 0.103593 0.095219 0.213263 0.040519 0.000405 0.020935 
0.242301 0.000945 0.087385 0.113317 0.004862 0.017828 0.023231 0.001351 0.082118 0.016072 0.002836 0.056591 0.019719 0.133306 0.103998 0.076850 0.011480 0.003106 0.001351 0.001351 
0.088061 0.005132 0.013911 0.038628 0.005943 0.038088 0.104943 0.009724 0.082118 0.076715 0.032820 0.054970 0.000135 0.148433 0.191923 0.059833 0.014857 0.012831 0.000675 0.020259 
0.031064 0.015667 0.000270 0.000945 0.083063 0.032550 0.004862 0.042274 0.000540 0.073609 0.002161 0.012291 0.000270 0.020800 0.005267 0.232172 0.303755 0.114263 0.000000 0.024176 
0.042274 0.001891 0.162075 0.038898 0.001756 0.041059 0.064695 0.024041 0.022285 0.008239 0.001891 0.051999 0.261075 0.043355 0.026742 0.126013 0.055240 0.020394 0.000135 0.005943 
0.051324 0.021610 0.000135 0.000135 0.023096 0.000135 0.000000 0.238925 0.005267 0.170448 0.021205 0.004052 0.000270 0.001621 0.000270 0.002971 0.281740 0.166261 0.000270 0.010265 
0.087655 0.000000 0.004997 0.001216 0.000000 0.002566 0.000135 0.001756 0.015937 0.014587 0.002836 0.002566 0.824824 0.002431 0.011075 0.009995 0.013236 0.004187 0.000000 0.000000 
0.000000 0.000405 0.000000 0.000000 0.004862 0.000000 0.000000 0.690978 0.000000 0.131415 0.014722 0.000000 0.000000 0.000270 0.000000 0.000135 0.004997 0.152215 0.000000 0.000000 
0.461570 0.029853 0.000000 0.000540 0.036337 0.002972 0.000000 0.049574 0.000000 0.054978 0.310820 0.000000 0.000000 0.001486 0.000000 0.030663 0.000946 0.018506 0.000000 0.001756 
0.500540 0.001216 0.000000 0.000000 0.008509 0.041464 0.000000 0.032685 0.000000 0.238925 0.017153 0.000000 0.000000 0.000810 0.000675 0.003647 0.129119 0.025257 0.000000 0.000000 
0.000000 0.000000 0.656672 0.000000 0.000000 0.343328 0.000000 0.000000 0.000000 0.000000 0.000000 0.000000 0.000000 0.000000 0.000000 0.000000 0.000000 0.000000 0.000000 0.000000 
0.000000 0.000000 0.000000 1.000000 0.000000 0.000000 0.000000 0.000000 0.000000 0.000000 0.000000 0.000000 0.000000 0.000000 0.000000 0.000000 0.000000 0.000000 0.000000 0.000000 
0.125473 0.001080 0.024446 0.092653 0.000675 0.037817 0.042815 0.001080 0.000000 0.000135 0.042950 0.027823 0.000135 0.000135 0.207455 0.380740 0.010535 0.004052 0.000000 0.000000 
0.039708 0.065910 0.000000 0.031064 0.003106 0.000135 0.000540 0.123717 0.000000 0.434225 0.089681 0.000945 0.000000 0.000405 0.000000 0.002701 0.001216 0.198001 0.008644 0.000000 
0.070367 0.011210 0.000810 0.051189 0.293490 0.002836 0.083333 0.112642 0.029038 0.007969 0.009454 0.006888 0.007699 0.044165 0.026877 0.010400 0.078336 0.027283 0.009184 0.116829 

MOTIF MEME-64
letter-probability matrix: alength= 20 w= 30 nsites= 624 E= 0.000000
0.000000 0.000000 0.000000 0.000000 0.000000 0.000000 0.000000 0.000000 0.655449 0.001603 0.001603 0.000000 0.000000 0.040064 0.298077 0.000000 0.003205 0.000000 0.000000 0.000000 
0.001603 0.000000 0.000000 0.000000 0.000000 0.000000 0.000000 0.750000 0.000000 0.128205 0.000000 0.000000 0.000000 0.000000 0.000000 0.000000 0.000000 0.120192 0.000000 0.000000 
0.691814 0.012841 0.000000 0.000000 0.000000 0.000000 0.000000 0.000000 0.000000 0.008026 0.260032 0.000000 0.000000 0.027287 0.000000 0.000000 0.000000 0.000000 0.000000 0.000000 
0.226324 0.000000 0.542536 0.006421 0.000000 0.019262 0.008026 0.001605 0.000000 0.000000 0.000000 0.033708 0.000000 0.006421 0.001605 0.065811 0.086677 0.001605 0.000000 0.000000 
0.004815 0.000000 0.000000 0.000000 0.085072 0.000000 0.000000 0.004815 0.001605 0.752809 0.040128 0.000000 0.000000 0.022472 0.000000 0.001605 0.000000 0.085072 0.000000 0.001605 
1.000000 0.000000 0.000000 0.000000 0.000000 0.000000 0.000000 0.000000 0.000000 0.000000 0.000000 0.000000 0.000000 0.000000 0.000000 0.000000 0.000000 0.000000 0.000000 0.000000 
0.303371 0.000000 0.354735 0.184591 0.000000 0.009631 0.000000 0.000000 0.000000 0.000000 0.000000 0.081862 0.000000 0.000000 0.000000 0.065811 0.000000 0.000000 0.000000 0.000000 
0.003210 0.000000 0.006421 0.036918 0.014446 0.000000 0.091493 0.016051 0.213483 0.290530 0.073836 0.001605 0.000000 0.171750 0.033708 0.017657 0.017657 0.011236 0.000000 0.000000 
0.160514 0.000000 0.000000 0.001605 0.006421 0.000000 0.337079 0.000000 0.017657 0.000000 0.000000 0.006421 0.000000 0.006421 0.044944 0.000000 0.000000 0.000000 0.008026 0.410915 
0.000000 0.000000 0.000000 0.000000 0.000000 0.449438 0.091493 0.000000 0.009631 0.000000 0.000000 0.030498 0.000000 0.205457 0.000000 0.000000 0.000000 0.000000 0.000000 0.213483 
0.000000 0.000000 0.000000 0.000000 0.003210 0.000000 0.000000 0.131621 0.000000 0.221509 0.030498 0.000000 0.000000 0.000000 0.242376 0.000000 0.001605 0.369181 0.000000 0.000000 
0.000000 0.000000 0.020867 0.004815 0.000000 0.040128 0.004815 0.000000 0.277689 0.004815 0.086677 0.000000 0.216693 0.062600 0.231140 0.024077 0.025682 0.000000 0.000000 0.000000 
0.000000 0.000000 0.000000 0.000000 0.000000 0.000000 0.000000 0.041734 0.000000 0.473515 0.000000 0.000000 0.000000 0.000000 0.000000 0.000000 0.271268 0.213483 0.000000 0.000000 
0.723917 0.000000 0.000000 0.000000 0.000000 0.276083 0.000000 0.000000 0.000000 0.000000 0.000000 0.000000 0.000000 0.000000 0.000000 0.000000 0.000000 0.000000 0.000000 0.000000 
0.000000 0.218299 0.000000 0.000000 0.009631 0.000000 0.000000 0.000000 0.000000 0.001605 0.213483 0.000000 0.513644 0.000000 0.000000 0.043339 0.000000 0.000000 0.000000 0.000000 
0.000000 0.000000 0.000000 0.000000 0.000000 0.000000 1.000000 0.000000 0.000000 0.000000 0.000000 0.000000 0.000000 0.000000 0.000000 0.000000 0.000000 0.000000 0.000000 0.000000 
0.000000 0.000000 0.000000 0.000000 0.512039 0.271268 0.000000 0.000000 0.000000 0.000000 0.000000 0.216693 0.000000 0.000000 0.000000 0.000000 0.000000 0.000000 0.000000 0.000000 
0.780096 0.000000 0.000000 0.000000 0.000000 0.000000 0.000000 0.000000 0.000000 0.000000 0.000000 0.000000 0.001605 0.000000 0.000000 0.001605 0.001605 0.215088 0.000000 0.000000 
0.081862 0.000000 0.000000 0.000000 0.000000 0.003210 0.000000 0.000000 0.000000 0.000000 0.512039 0.000000 0.000000 0.000000 0.000000 0.130016 0.271268 0.001605 0.000000 0.000000 
0.000000 0.000000 0.271268 0.512039 0.000000 0.001605 0.000000 0.000000 0.000000 0.000000 0.000000 0.000000 0.000000 0.000000 0.000000 0.215088 0.000000 0.000000 0.000000 0.000000 
0.000000 0.000000 0.000000 0.000000 0.000000 0.000000 0.000000 0.147673 0.000000 0.401284 0.000000 0.000000 0.216693 0.000000 0.000000 0.000000 0.000000 0.234350 0.000000 0.000000 
0.000000 0.000000 0.000000 0.000000 0.000000 0.000000 0.512039 0.102729 0.000000 0.001605 0.000000 0.000000 0.000000 0.000000 0.000000 0.271268 0.000000 0.112360 0.000000 0.000000 
0.150883 0.001605 0.000000 0.000000 0.000000 0.067416 0.000000 0.033708 0.000000 0.361156 0.000000 0.000000 0.271268 0.000000 0.000000 0.000000 0.000000 0.113965 0.000000 0.000000 
0.009631 0.000000 0.000000 0.000000 0.000000 0.000000 0.510433 0.014446 0.000000 0.000000 0.000000 0.000000 0.000000 0.001605 0.000000 0.000000 0.216693 0.247191 0.000000 0.000000 
0.019262 0.152488 0.000000 0.000000 0.000000 0.000000 0.000000 0.001605 0.001605 0.512039 0.182986 0.000000 0.000000 0.000000 0.000000 0.009631 0.094703 0.025682 0.000000 0.000000 
0.606109 0.000000 0.000000 0.000000 0.000000 0.016077 0.000000 0.000000 0.000000 0.000000 0.271704 0.000000 0.000000 0.000000 0.000000 0.106109 0.000000 0.000000 0.000000 0.000000 
0.676849 0.000000 0.000000 0.000000 0.000000 0.143087 0.000000 0.000000 0.000000 0.000000 0.000000 0.000000 0.000000 0.000000 0.000000 0.180064 0.000000 0.000000 0.000000 0.000000 
0.807074 0.040193 0.000000 0.000000 0.000000 0.000000 0.001608 0.012862 0.000000 0.000000 0.000000 0.000000 0.000000 0.000000 0.000000 0.012862 0.110932 0.014469 0.000000 0.000000 
0.268058 0.017657 0.000000 0.000000 0.004815 0.000000 0.184591 0.000000 0.000000 0.001605 0.001605 0.000000 0.000000 0.049759 0.000000 0.003210 0.000000 0.000000 0.000000 0.468700 
0.020867 0.000000 0.000000 0.006421 0.000000 0.003210 0.000000 0.006421 0.001605 0.271268 0.000000 0.000000 0.436597 0.003210 0.000000 0.024077 0.012841 0.213483 0.000000 0.000000 

