MEME version 4

ALPHABET= ACDEFGHIKLMNPQRSTVWY

Background letter frequencies
A 0.1134 C 0.0105 D 0.0638 E 0.0702 F 0.0297 G 0.0889 H 0.0205 I 0.0614 K 0.0495 L 0.0963 
M 0.0246 N 0.036 P 0.0427 Q 0.0317 R 0.0509 S 0.0508 T 0.0505 V 0.0702 W 0.0129 
Y 0.0257 

MOTIF files/output.4.matrix.0_4
letter-probability matrix: alength= 20 w= 30 nsites= 27996 E= 0.000001
0.179396 0.028863 0.000000 0.000000 0.000929 0.052904 0.002893 0.002429 0.000000 0.458777 0.001393 0.055012 0.000036 0.000036 0.000000 0.129099 0.077552 0.009609 0.000750 0.000321 
0.491784 0.012360 0.000000 0.000000 0.000000 0.454133 0.000000 0.000143 0.000000 0.001072 0.000929 0.000000 0.011645 0.000000 0.000000 0.007359 0.012431 0.008145 0.000000 0.000000 
0.010003 0.006502 0.000000 0.000036 0.028543 0.000036 0.000000 0.197335 0.000000 0.120673 0.003751 0.000000 0.000000 0.000000 0.000036 0.000036 0.010431 0.618655 0.000000 0.003965 
0.000464 0.000000 0.257734 0.202150 0.000071 0.000143 0.000036 0.006751 0.000000 0.004037 0.001036 0.001250 0.000071 0.010538 0.000000 0.477459 0.000071 0.038187 0.000000 0.000000 
0.081410 0.051332 0.000000 0.000429 0.001858 0.003001 0.003572 0.113882 0.000000 0.369365 0.150139 0.050404 0.000143 0.047653 0.000000 0.042581 0.047474 0.036043 0.000107 0.000607 
0.982711 0.006751 0.000000 0.000000 0.000000 0.001322 0.000000 0.000000 0.000000 0.000036 0.000000 0.000000 0.003108 0.000000 0.000000 0.005823 0.000143 0.000107 0.000000 0.000000 
0.097381 0.052477 0.000000 0.000000 0.011860 0.000429 0.000071 0.045619 0.000036 0.385989 0.026935 0.021613 0.000000 0.000000 0.000000 0.005787 0.034830 0.315615 0.000214 0.001143 
0.382318 0.073406 0.000000 0.000000 0.015467 0.000071 0.035399 0.006287 0.000000 0.181997 0.001679 0.001143 0.000036 0.000250 0.000071 0.010359 0.000929 0.003036 0.252152 0.035399 
0.000929 0.000250 0.519681 0.004786 0.000000 0.000036 0.040113 0.000321 0.266931 0.000143 0.000143 0.004322 0.000000 0.006108 0.147521 0.003250 0.000179 0.001857 0.000143 0.003286 
0.535112 0.004358 0.000000 0.000000 0.000679 0.008751 0.000321 0.092085 0.000000 0.322332 0.008680 0.000036 0.000000 0.000036 0.000286 0.001250 0.004108 0.014574 0.007072 0.000321 
0.374103 0.002322 0.002179 0.029470 0.020861 0.112627 0.009323 0.006787 0.079478 0.153670 0.018289 0.002858 0.000000 0.058010 0.009287 0.023433 0.007787 0.032077 0.036185 0.021254 
0.649664 0.011394 0.000071 0.000000 0.000000 0.305901 0.000000 0.000000 0.000000 0.000143 0.000000 0.000000 0.000000 0.000000 0.000000 0.029468 0.003286 0.000071 0.000000 0.000000 
0.166458 0.000750 0.068905 0.080157 0.000857 0.007073 0.007358 0.008787 0.343026 0.008037 0.004715 0.041722 0.000000 0.143740 0.079014 0.015146 0.009537 0.014360 0.000036 0.000321 
0.203815 0.004001 0.023789 0.119088 0.037184 0.004822 0.078440 0.031612 0.062009 0.041399 0.007037 0.003929 0.000036 0.030076 0.108158 0.120946 0.021003 0.050579 0.000893 0.051186 
0.144949 0.009823 0.000857 0.028826 0.012680 0.001250 0.021253 0.008180 0.150736 0.383019 0.009001 0.006537 0.000000 0.043006 0.040970 0.057294 0.022075 0.040863 0.001000 0.017681 
0.010109 0.001179 0.093302 0.055224 0.000214 0.550670 0.008930 0.000036 0.056867 0.000286 0.000536 0.141668 0.000000 0.044115 0.022325 0.011109 0.002750 0.000214 0.000071 0.000393 
0.038258 0.000607 0.000679 0.022040 0.000393 0.000107 0.000286 0.082232 0.085197 0.293884 0.057691 0.000572 0.000000 0.083518 0.020469 0.002143 0.013503 0.298242 0.000036 0.000143 
0.008037 0.000000 0.001857 0.012645 0.000000 0.001250 0.001072 0.000000 0.002108 0.000214 0.000000 0.024147 0.862475 0.002715 0.011073 0.059618 0.012574 0.000000 0.000000 0.000214 
0.016253 0.000893 0.000036 0.000107 0.003858 0.000036 0.000000 0.020719 0.000000 0.632743 0.004465 0.000000 0.000572 0.000036 0.000000 0.000000 0.000750 0.314282 0.005037 0.000214 
0.127429 0.030366 0.000000 0.001000 0.078558 0.000786 0.045049 0.000250 0.000357 0.000250 0.000071 0.000679 0.002465 0.000107 0.001643 0.062875 0.006288 0.011468 0.121606 0.508753 
0.115124 0.000214 0.043363 0.135841 0.000143 0.003286 0.006822 0.001286 0.139984 0.002393 0.003393 0.010466 0.000000 0.170596 0.299007 0.043506 0.017002 0.006680 0.000214 0.000679 
0.004429 0.000357 0.000321 0.000321 0.032469 0.000000 0.149771 0.016967 0.000286 0.435419 0.018788 0.000036 0.000071 0.001965 0.006037 0.003786 0.002393 0.013430 0.003036 0.310116 
0.021039 0.000071 0.000000 0.000000 0.032184 0.000000 0.000000 0.215610 0.000000 0.613931 0.014181 0.000036 0.000000 0.000036 0.000036 0.001893 0.001572 0.081586 0.016539 0.001286 
0.212538 0.001893 0.002286 0.000214 0.000107 0.736596 0.000643 0.000107 0.001215 0.000536 0.001072 0.009609 0.000000 0.004215 0.001607 0.020111 0.001393 0.005251 0.000572 0.000036 
0.020184 0.000464 0.159897 0.106027 0.001286 0.542671 0.001679 0.016683 0.003930 0.035152 0.000929 0.021327 0.030651 0.013075 0.007323 0.013396 0.009610 0.015182 0.000000 0.000536 
0.126344 0.005537 0.019575 0.013360 0.039721 0.118914 0.012859 0.022183 0.046794 0.189570 0.043615 0.013467 0.079371 0.017539 0.072406 0.032220 0.061761 0.067333 0.000357 0.017074 
0.135708 0.008145 0.023505 0.012753 0.016289 0.033722 0.009859 0.008609 0.058834 0.056048 0.005894 0.207330 0.018397 0.084304 0.051118 0.077159 0.058227 0.107737 0.001429 0.024934 
0.217598 0.000607 0.030437 0.017291 0.000750 0.196127 0.017398 0.001429 0.024543 0.010253 0.001643 0.021828 0.108710 0.111496 0.172621 0.026758 0.033831 0.004644 0.000357 0.001679 
0.018255 0.004537 0.138392 0.108706 0.005323 0.015111 0.080270 0.010288 0.086022 0.015861 0.018005 0.139606 0.013325 0.024042 0.159468 0.042654 0.085093 0.019148 0.000107 0.015790 
0.055057 0.003108 0.067241 0.100111 0.001608 0.016649 0.009289 0.051270 0.086070 0.065883 0.011076 0.012969 0.079781 0.045411 0.072564 0.096288 0.101183 0.115510 0.004716 0.004216 

MOTIF files/output.4.matrix.0_12
letter-probability matrix: alength= 20 w= 30 nsites= 8108 E= 0.000001
0.038974 0.000987 0.159225 0.109521 0.006537 0.007770 0.024420 0.038234 0.003207 0.055747 0.006043 0.008633 0.055007 0.026024 0.287494 0.010607 0.011717 0.136285 0.000000 0.013567 
0.016034 0.000123 0.030217 0.005427 0.000617 0.000493 0.004070 0.221756 0.071411 0.456709 0.004563 0.006290 0.005057 0.002590 0.018624 0.014184 0.017637 0.109645 0.000247 0.014307 
0.021337 0.002837 0.075234 0.008387 0.067958 0.002220 0.003207 0.028984 0.025407 0.180192 0.000247 0.111741 0.007030 0.001973 0.004933 0.003577 0.369142 0.085471 0.000000 0.000123 
0.043414 0.002837 0.008510 0.025530 0.002837 0.034534 0.008510 0.004440 0.351135 0.020227 0.000617 0.046374 0.124075 0.041071 0.095091 0.030957 0.102368 0.054021 0.000000 0.003453 
0.065491 0.000370 0.073508 0.451529 0.002467 0.074124 0.028244 0.000863 0.007893 0.001357 0.000370 0.109398 0.007770 0.047114 0.016897 0.042427 0.049334 0.020104 0.000000 0.000740 
0.054021 0.000000 0.065984 0.038111 0.002220 0.026270 0.000987 0.010607 0.020104 0.002220 0.001480 0.001357 0.552047 0.023680 0.059694 0.013197 0.004440 0.123458 0.000123 0.000000 
0.009375 0.000123 0.010115 0.001604 0.270137 0.000740 0.007524 0.034291 0.000247 0.495868 0.008264 0.001110 0.091526 0.000370 0.000123 0.002837 0.008758 0.020106 0.009868 0.027014 
0.052171 0.004317 0.059694 0.236433 0.001110 0.004687 0.013814 0.007277 0.057474 0.019240 0.001357 0.018994 0.030464 0.158115 0.145042 0.043537 0.064998 0.078194 0.000863 0.002220 
0.004194 0.005304 0.003330 0.000493 0.116073 0.000493 0.003454 0.451215 0.000123 0.046256 0.041446 0.000370 0.019119 0.001357 0.005551 0.000987 0.012335 0.041939 0.001850 0.244110 
0.065861 0.001110 0.046497 0.199803 0.000123 0.007523 0.017020 0.023680 0.206833 0.000493 0.000493 0.009497 0.001850 0.041441 0.146892 0.041687 0.033917 0.155032 0.000000 0.000247 
0.011963 0.000000 0.438086 0.037987 0.000247 0.249013 0.005920 0.000000 0.015910 0.000123 0.000123 0.199926 0.000493 0.019857 0.007400 0.011717 0.000863 0.000000 0.000000 0.000370 
0.003207 0.000000 0.001110 0.000000 0.151227 0.821512 0.003701 0.000000 0.000370 0.000000 0.000000 0.001727 0.000493 0.000000 0.000370 0.009128 0.000247 0.000000 0.000000 0.006908 
0.049710 0.039595 0.005057 0.094363 0.091896 0.011965 0.072160 0.003207 0.152831 0.060812 0.072653 0.003577 0.000000 0.067966 0.097940 0.042679 0.019736 0.010361 0.001234 0.102257 
0.019487 0.006043 0.000000 0.000000 0.040947 0.000493 0.000000 0.226443 0.000000 0.231130 0.072398 0.000123 0.000000 0.000000 0.000123 0.000000 0.000370 0.400345 0.000000 0.002097 
0.220400 0.002713 0.039714 0.074988 0.004563 0.007400 0.110138 0.016650 0.125185 0.023187 0.003577 0.008140 0.015417 0.139985 0.053281 0.033054 0.064134 0.027380 0.018747 0.011347 
0.045511 0.003453 0.000000 0.000000 0.000247 0.000370 0.000000 0.156759 0.000617 0.141712 0.002837 0.002220 0.064751 0.000000 0.015910 0.000000 0.001603 0.564011 0.000000 0.000000 
0.001727 0.000370 0.001603 0.000000 0.002343 0.024050 0.000247 0.001110 0.000370 0.072891 0.003577 0.002713 0.785520 0.000247 0.009373 0.067341 0.025407 0.000000 0.001110 0.000000 
0.048101 0.000617 0.275777 0.121732 0.000740 0.006043 0.004317 0.000863 0.064011 0.002467 0.012210 0.043907 0.020104 0.114332 0.050814 0.048471 0.181302 0.003823 0.000000 0.000370 
0.247903 0.000000 0.004070 0.027504 0.000000 0.256290 0.000247 0.001850 0.196349 0.010607 0.000740 0.001850 0.000123 0.011347 0.113468 0.009497 0.109891 0.007893 0.000000 0.000370 
0.023804 0.000123 0.002713 0.000370 0.000000 0.005180 0.018130 0.003330 0.002467 0.005550 0.000000 0.002467 0.911445 0.001850 0.000493 0.008757 0.003823 0.006290 0.000000 0.003207 
0.000123 0.000000 0.000000 0.000000 0.000000 0.999383 0.000000 0.000000 0.000000 0.000000 0.000000 0.000000 0.000000 0.000000 0.000123 0.000370 0.000000 0.000000 0.000000 0.000000 
0.000123 0.000000 0.000000 0.000000 0.023310 0.000123 0.011717 0.028614 0.000000 0.917982 0.002713 0.000247 0.000000 0.000000 0.000000 0.000617 0.005550 0.008387 0.000617 0.000000 
0.000247 0.000000 0.000000 0.000000 0.000000 0.999507 0.000000 0.000000 0.000000 0.000000 0.000000 0.000000 0.000000 0.000000 0.000000 0.000247 0.000000 0.000000 0.000000 0.000000 
0.011593 0.001357 0.000000 0.000000 0.027504 0.000247 0.000000 0.311791 0.000000 0.091638 0.005427 0.000000 0.000000 0.000247 0.000123 0.000000 0.000493 0.545387 0.000000 0.004193 
0.042304 0.000493 0.085471 0.630242 0.000000 0.002467 0.003823 0.003330 0.005673 0.001357 0.001233 0.003700 0.000000 0.014430 0.023187 0.031820 0.134928 0.015417 0.000000 0.000123 
0.001727 0.000000 0.000000 0.000000 0.023187 0.006043 0.000000 0.302047 0.000000 0.521954 0.006290 0.000000 0.036384 0.000000 0.000000 0.000000 0.000123 0.102121 0.000123 0.000000 
0.002837 0.000740 0.810557 0.004687 0.000370 0.000247 0.002097 0.002837 0.003577 0.002590 0.000000 0.110878 0.000000 0.000123 0.004440 0.044524 0.002590 0.006783 0.000000 0.000123 
0.009130 0.000000 0.016410 0.412461 0.005429 0.002714 0.013572 0.002468 0.005799 0.026033 0.204812 0.000247 0.044787 0.010857 0.094756 0.005305 0.007403 0.003578 0.127082 0.007156 
0.122718 0.000123 0.446843 0.281327 0.000000 0.013074 0.002960 0.002960 0.019117 0.001850 0.000000 0.008017 0.003947 0.055007 0.012580 0.012210 0.010483 0.006413 0.000000 0.000370 
0.166502 0.007770 0.002220 0.025284 0.015910 0.003207 0.010113 0.004933 0.186359 0.047484 0.016527 0.003700 0.000247 0.243710 0.176616 0.005797 0.007153 0.029230 0.001357 0.045881 

MOTIF files/output.4.matrix.0_24
letter-probability matrix: alength= 20 w= 30 nsites= 1954 E= 0.000001
0.009729 0.000000 0.000000 0.000000 0.007680 0.000000 0.000000 0.000000 0.000000 0.024066 0.603175 0.318484 0.000000 0.000000 0.000000 0.034818 0.002048 0.000000 0.000000 0.000000 
0.000000 0.000513 0.000000 0.000000 0.000000 0.000000 0.000000 0.035879 0.000000 0.645310 0.000000 0.000000 0.000000 0.000000 0.000000 0.216812 0.101486 0.000000 0.000000 0.000000 
0.000000 0.000000 0.010764 0.670425 0.000000 0.000000 0.318298 0.000000 0.000000 0.000000 0.000000 0.000000 0.000000 0.000513 0.000000 0.000000 0.000000 0.000000 0.000000 0.000000 
0.013839 0.000000 0.000000 0.000000 0.000000 0.587391 0.000000 0.000000 0.000000 0.317273 0.001025 0.000000 0.000513 0.000000 0.000000 0.048693 0.028703 0.002563 0.000000 0.000000 
0.166581 0.000000 0.000513 0.000000 0.000000 0.457201 0.000513 0.000000 0.000000 0.000000 0.000000 0.000000 0.175295 0.001538 0.000000 0.166069 0.032291 0.000000 0.000000 0.000000 
0.036392 0.000000 0.000000 0.000000 0.031779 0.000000 0.000000 0.616607 0.000000 0.038442 0.000000 0.000000 0.000513 0.000000 0.000000 0.000000 0.000000 0.275756 0.000000 0.000513 
0.003588 0.000000 0.000000 0.000000 0.000000 0.645823 0.000000 0.000000 0.000000 0.000000 0.000000 0.000000 0.000000 0.000000 0.000000 0.342901 0.007688 0.000000 0.000000 0.000000 
0.007688 0.000000 0.000000 0.000000 0.002050 0.000000 0.000000 0.000000 0.000000 0.314710 0.002050 0.002050 0.000000 0.000000 0.000000 0.129677 0.541773 0.000000 0.000000 0.000000 
0.378780 0.000000 0.000000 0.000000 0.000000 0.001538 0.000000 0.220912 0.000000 0.174270 0.149154 0.000000 0.000000 0.000000 0.000000 0.009739 0.003075 0.062532 0.000000 0.000000 
0.981548 0.000000 0.000000 0.000000 0.000000 0.002563 0.000000 0.007688 0.000000 0.000000 0.000513 0.000000 0.000000 0.000000 0.000000 0.000000 0.001025 0.006663 0.000000 0.000000 
0.121476 0.008713 0.000000 0.000000 0.000000 0.006663 0.008201 0.000000 0.000000 0.000000 0.319323 0.005638 0.000000 0.000000 0.000000 0.523321 0.005126 0.000000 0.000000 0.001538 
0.626858 0.000513 0.000000 0.000000 0.000000 0.000000 0.000000 0.016914 0.000000 0.074833 0.005638 0.001538 0.000000 0.000000 0.000000 0.011276 0.196822 0.065607 0.000000 0.000000 
0.002563 0.000000 0.000000 0.000000 0.000000 0.000000 0.832394 0.000000 0.000000 0.000513 0.000000 0.000000 0.000000 0.161456 0.000000 0.003075 0.000000 0.000000 0.000000 0.000000 
0.291133 0.002050 0.000000 0.000000 0.033316 0.035879 0.000000 0.002563 0.000000 0.280369 0.000513 0.000000 0.000000 0.000000 0.000000 0.000000 0.004613 0.349564 0.000000 0.000000 
0.332650 0.023065 0.000000 0.000000 0.575602 0.012301 0.000000 0.000000 0.000000 0.001538 0.010764 0.000000 0.000000 0.000000 0.000000 0.000000 0.000000 0.002563 0.018452 0.023065 
0.544336 0.047155 0.000000 0.000000 0.000000 0.013839 0.000000 0.017940 0.000000 0.074321 0.000000 0.000000 0.000000 0.000000 0.000000 0.231164 0.002050 0.069195 0.000000 0.000000 
0.208098 0.006151 0.000000 0.000000 0.000000 0.017427 0.000000 0.000000 0.000000 0.000000 0.000000 0.000000 0.000000 0.000000 0.000000 0.118913 0.643772 0.005638 0.000000 0.000000 
0.004100 0.001538 0.000000 0.020502 0.284982 0.000000 0.000513 0.044080 0.000000 0.312148 0.002050 0.000513 0.000000 0.000513 0.000000 0.003075 0.105587 0.216812 0.001025 0.002563 
0.066632 0.000000 0.072271 0.128652 0.000000 0.058432 0.002563 0.000000 0.027166 0.000513 0.000000 0.081497 0.458739 0.004100 0.055869 0.038954 0.003588 0.001025 0.000000 0.000000 
0.043055 0.000513 0.060994 0.071758 0.000000 0.050231 0.024090 0.003588 0.076884 0.010251 0.000000 0.291133 0.004613 0.093285 0.082522 0.062532 0.119938 0.003588 0.000000 0.001025 
0.001025 0.000000 0.000000 0.000000 0.004100 0.000000 0.000000 0.034341 0.000000 0.904664 0.023578 0.000000 0.000000 0.011276 0.002563 0.000000 0.003588 0.013839 0.001025 0.000000 
0.305484 0.000000 0.128139 0.062532 0.000000 0.010251 0.086110 0.000000 0.037417 0.001025 0.000000 0.016402 0.026653 0.081497 0.014864 0.064070 0.165044 0.000513 0.000000 0.000000 
0.015889 0.000000 0.000000 0.000513 0.159918 0.000000 0.093798 0.000000 0.000000 0.006663 0.000513 0.000513 0.000000 0.001025 0.000513 0.000513 0.000513 0.000000 0.437724 0.281907 
0.299334 0.000000 0.078934 0.001025 0.000000 0.532547 0.058432 0.000000 0.000000 0.000000 0.000000 0.009739 0.000513 0.002050 0.000000 0.015377 0.001538 0.000513 0.000000 0.000000 
0.002050 0.352640 0.000000 0.000000 0.000000 0.005638 0.000000 0.000000 0.000000 0.009226 0.000000 0.000000 0.000000 0.000000 0.000000 0.058432 0.570477 0.001538 0.000000 0.000000 
0.000000 0.000000 0.318811 0.676576 0.000000 0.000000 0.000000 0.000000 0.000000 0.000000 0.000000 0.000000 0.000000 0.004613 0.000000 0.000000 0.000000 0.000000 0.000000 0.000000 
0.000000 0.000000 0.000000 0.000000 0.016402 0.000000 0.006151 0.002563 0.000000 0.627371 0.021527 0.000000 0.000000 0.002563 0.000000 0.074833 0.246540 0.002050 0.000000 0.000000 
0.000000 0.000000 0.000000 0.000000 0.652486 0.000000 0.318811 0.016914 0.000000 0.008201 0.000000 0.000000 0.000000 0.000000 0.000000 0.000000 0.000000 0.003588 0.000000 0.000000 
0.003588 0.000000 0.000000 0.000000 0.003075 0.678114 0.000000 0.000000 0.000000 0.001025 0.000000 0.000000 0.000000 0.000000 0.004100 0.001538 0.005126 0.000000 0.074833 0.228601 
0.000000 0.000000 0.000000 0.000000 0.000000 0.001537 0.000000 0.000000 0.000000 0.000000 0.000000 0.000000 0.996926 0.000000 0.000000 0.001025 0.000512 0.000000 0.000000 0.000000 

MOTIF files/output.4.matrix.0_121
letter-probability matrix: alength= 20 w= 30 nsites= 3480 E= 0.000001
0.011782 0.000000 0.008621 0.055747 0.000000 0.000000 0.008621 0.011494 0.222126 0.004885 0.000287 0.008333 0.000000 0.330747 0.230172 0.020115 0.072126 0.013793 0.000287 0.000862 
0.044828 0.000000 0.000000 0.000000 0.000287 0.000000 0.000000 0.084483 0.000000 0.063793 0.000000 0.000000 0.000000 0.000000 0.000000 0.000000 0.000287 0.806322 0.000000 0.000000 
0.000000 0.000287 0.000000 0.000000 0.004312 0.000000 0.004312 0.603047 0.000000 0.000575 0.000000 0.000287 0.000000 0.000000 0.000000 0.000000 0.178787 0.170164 0.001437 0.036792 
0.000287 0.000000 0.000000 0.000000 0.000000 0.000000 0.000000 0.000000 0.000000 0.000000 0.000000 0.000000 0.997700 0.000862 0.000000 0.000862 0.000287 0.000000 0.000000 0.000000 
0.000287 0.000575 0.000000 0.000000 0.000000 0.000000 0.000000 0.139983 0.000000 0.000862 0.000000 0.000000 0.000287 0.000000 0.000000 0.000000 0.000575 0.857430 0.000000 0.000000 
0.942800 0.000287 0.000000 0.000000 0.000000 0.000575 0.000000 0.000000 0.000000 0.054901 0.000000 0.000000 0.000000 0.000000 0.000000 0.000000 0.001150 0.000287 0.000000 0.000000 
0.000287 0.000287 0.000000 0.000000 0.112101 0.821213 0.000000 0.019258 0.000000 0.000000 0.000575 0.000000 0.000000 0.000000 0.000000 0.000000 0.000000 0.046278 0.000000 0.000000 
0.057488 0.001150 0.000000 0.004886 0.000862 0.004599 0.512504 0.000000 0.014372 0.002012 0.000862 0.001150 0.005461 0.067261 0.205806 0.012072 0.001437 0.015234 0.000000 0.092843 
0.000000 0.000000 0.999425 0.000000 0.000000 0.000000 0.000000 0.000000 0.000000 0.000000 0.000000 0.000287 0.000000 0.000000 0.000000 0.000000 0.000000 0.000287 0.000000 0.000000 
0.011785 0.016097 0.022995 0.000000 0.000000 0.050589 0.001150 0.000000 0.002874 0.001725 0.004312 0.000000 0.150043 0.000000 0.001725 0.735556 0.000287 0.000000 0.000000 0.000862 
0.007192 0.000000 0.000000 0.000000 0.008343 0.000000 0.000000 0.000575 0.000000 0.000288 0.810990 0.000000 0.172612 0.000000 0.000000 0.000000 0.000000 0.000000 0.000000 0.000000 
0.002874 0.000000 0.000000 0.027307 0.000000 0.000000 0.000000 0.000000 0.000000 0.966370 0.002300 0.000000 0.000000 0.000000 0.000000 0.000287 0.000575 0.000287 0.000000 0.000000 
0.000000 0.000000 0.000000 0.000000 0.001725 0.000000 0.000000 0.000287 0.000000 0.801955 0.196033 0.000000 0.000000 0.000000 0.000000 0.000000 0.000000 0.000000 0.000000 0.000000 
0.000000 0.000000 0.000000 0.000000 0.000000 0.000000 0.000000 0.000000 0.000000 0.000000 0.000000 0.988790 0.000000 0.000000 0.000000 0.001437 0.009773 0.000000 0.000000 0.000000 
0.072435 0.004312 0.000000 0.000000 0.000000 0.000000 0.000000 0.231676 0.000000 0.588675 0.000575 0.000287 0.000000 0.000862 0.000287 0.018971 0.068123 0.013797 0.000000 0.000000 
0.027019 0.042541 0.001150 0.000862 0.000000 0.233975 0.000862 0.000862 0.004312 0.001150 0.004886 0.006611 0.000000 0.050589 0.000000 0.584363 0.000287 0.039954 0.000000 0.000575 
0.000000 0.000000 0.000000 0.000000 0.000000 1.000000 0.000000 0.000000 0.000000 0.000000 0.000000 0.000000 0.000000 0.000000 0.000000 0.000000 0.000000 0.000000 0.000000 0.000000 
0.807128 0.004024 0.000000 0.000000 0.000000 0.010060 0.000000 0.053176 0.000000 0.005461 0.000000 0.000000 0.000287 0.000000 0.000000 0.000000 0.000000 0.119862 0.000000 0.000000 
0.000000 0.000000 0.000000 0.000000 0.000000 0.000000 1.000000 0.000000 0.000000 0.000000 0.000000 0.000000 0.000000 0.000000 0.000000 0.000000 0.000000 0.000000 0.000000 0.000000 
0.312446 0.000000 0.000287 0.094280 0.000000 0.274217 0.000575 0.000000 0.000000 0.000000 0.000000 0.190859 0.000000 0.081633 0.000000 0.043978 0.000287 0.000000 0.000000 0.001437 
0.217879 0.014947 0.000000 0.000287 0.000000 0.000000 0.000000 0.000000 0.000000 0.000287 0.000000 0.000287 0.763438 0.000000 0.000287 0.001150 0.001437 0.000000 0.000000 0.000000 
0.000575 0.012360 0.000575 0.000000 0.390917 0.000000 0.010348 0.000575 0.000000 0.014947 0.000575 0.000000 0.000000 0.000000 0.001150 0.000862 0.000287 0.000862 0.096867 0.469100 
0.121299 0.000000 0.000000 0.000000 0.821500 0.000287 0.000000 0.000000 0.000000 0.000000 0.000000 0.000000 0.000000 0.000575 0.000000 0.000000 0.054326 0.001725 0.000000 0.000287 
0.000862 0.000000 0.000000 0.000000 0.000000 0.000000 0.001437 0.008336 0.000000 0.121587 0.000000 0.000000 0.054039 0.000000 0.000000 0.000000 0.812877 0.000862 0.000000 0.000000 
0.000000 0.000000 0.000000 0.000000 0.000000 0.000000 0.000287 0.000000 0.000000 0.000000 0.000000 0.000000 0.000000 0.000000 0.999713 0.000000 0.000000 0.000000 0.000000 0.000000 
0.035068 0.008623 0.000575 0.000000 0.000000 0.000862 0.000000 0.021270 0.000000 0.053464 0.000000 0.794481 0.000000 0.000000 0.000000 0.062662 0.019258 0.003737 0.000000 0.000000 
0.000000 0.000000 0.000000 0.000000 0.000000 0.000000 0.000000 0.744467 0.000000 0.144007 0.000000 0.000000 0.000000 0.000000 0.000000 0.000000 0.000000 0.111526 0.000000 0.000000 
0.012360 0.000000 0.000000 0.000000 0.000575 0.000000 0.000000 0.099166 0.000000 0.091118 0.002300 0.000000 0.000000 0.000000 0.000000 0.000000 0.000862 0.793619 0.000000 0.000000 
0.000575 0.000000 0.000000 0.141133 0.000000 0.000000 0.000000 0.488359 0.000862 0.040529 0.002012 0.000000 0.000000 0.031906 0.003449 0.000000 0.006611 0.284565 0.000000 0.000000 
0.001437 0.000000 0.000000 0.000000 0.000000 0.000000 0.000000 0.249497 0.000000 0.633228 0.007186 0.000287 0.000000 0.000000 0.000000 0.000000 0.000000 0.108364 0.000000 0.000000 

MOTIF files/output.4.matrix.0_123
letter-probability matrix: alength= 20 w= 30 nsites= 2848 E= 0.000001
0.054775 0.000000 0.004213 0.025281 0.000000 0.007725 0.014045 0.000702 0.214185 0.003511 0.000000 0.037921 0.000000 0.513694 0.102528 0.006320 0.014045 0.001053 0.000000 0.000000 
0.080758 0.007022 0.000000 0.000000 0.000000 0.007022 0.000000 0.002458 0.000000 0.007022 0.002107 0.000000 0.000000 0.001053 0.001756 0.004916 0.881671 0.004213 0.000000 0.000000 
0.002107 0.000000 0.000000 0.000000 0.000000 0.000000 0.000000 0.056531 0.000000 0.938904 0.000000 0.000000 0.000000 0.000702 0.000000 0.000000 0.000000 0.001756 0.000000 0.000000 
0.007022 0.000702 0.050562 0.561447 0.000000 0.000702 0.001053 0.003160 0.004916 0.024579 0.007725 0.048104 0.000000 0.021419 0.033357 0.002809 0.016854 0.215590 0.000000 0.000000 
0.041081 0.000000 0.727528 0.109199 0.000000 0.002458 0.001756 0.000000 0.024228 0.014396 0.000000 0.004916 0.000000 0.014747 0.048104 0.011236 0.000351 0.000000 0.000000 0.000000 
0.869687 0.028451 0.000000 0.000000 0.000351 0.000702 0.000000 0.008430 0.000000 0.003161 0.021426 0.000000 0.000000 0.000000 0.000000 0.038637 0.005620 0.017211 0.000000 0.006322 
0.084270 0.005618 0.000351 0.042486 0.000000 0.013343 0.000000 0.424157 0.084270 0.000702 0.000702 0.000000 0.000000 0.007374 0.283357 0.005267 0.033006 0.015098 0.000000 0.000000 
0.141503 0.000000 0.056882 0.052669 0.000000 0.017205 0.003511 0.000351 0.001053 0.003160 0.000000 0.005969 0.552669 0.014747 0.005267 0.127458 0.011938 0.005618 0.000000 0.000000 
0.000351 0.001404 0.000351 0.000000 0.022472 0.000000 0.004565 0.021419 0.000351 0.669944 0.146770 0.000000 0.000000 0.094803 0.016503 0.000351 0.002458 0.010183 0.001404 0.006671 
0.000000 0.000000 0.000000 0.000000 0.000000 0.000351 0.000000 0.045997 0.000000 0.060393 0.001756 0.000000 0.000000 0.000000 0.000000 0.000000 0.000000 0.891503 0.000000 0.000000 
0.008076 0.000000 0.000351 0.087430 0.000000 0.000000 0.000351 0.110955 0.020365 0.185744 0.002458 0.000702 0.000000 0.001756 0.005618 0.002107 0.013694 0.560393 0.000000 0.000000 
0.000000 0.000351 0.014045 0.000351 0.000000 0.972261 0.000351 0.000000 0.000000 0.000000 0.000000 0.004213 0.000000 0.005618 0.001053 0.001756 0.000000 0.000000 0.000000 0.000000 
0.038975 0.000351 0.000000 0.020716 0.000000 0.000702 0.008076 0.000000 0.268610 0.000000 0.000000 0.002458 0.000000 0.515449 0.064607 0.059691 0.020365 0.000000 0.000000 0.000000 
0.010534 0.000000 0.002107 0.237360 0.000000 0.012640 0.002458 0.000000 0.028090 0.000351 0.002809 0.004565 0.229986 0.040379 0.021419 0.178722 0.228230 0.000000 0.000000 0.000351 
0.001053 0.000000 0.000000 0.000000 0.000000 0.000000 0.000000 0.392556 0.000000 0.239466 0.000000 0.000000 0.001053 0.000000 0.000000 0.000000 0.002107 0.363764 0.000000 0.000000 
0.308989 0.000702 0.002107 0.001053 0.001404 0.660112 0.000351 0.000000 0.000000 0.000000 0.000000 0.006671 0.000000 0.000000 0.000000 0.016152 0.001404 0.001053 0.000000 0.000000 
0.070576 0.003160 0.063202 0.280548 0.000000 0.006671 0.033006 0.002809 0.012992 0.005267 0.000351 0.082514 0.000000 0.048104 0.333919 0.007374 0.048455 0.001053 0.000000 0.000000 
0.005969 0.008076 0.000000 0.000000 0.011938 0.000000 0.036868 0.004565 0.000000 0.249298 0.056882 0.000000 0.001053 0.000702 0.002458 0.000702 0.004565 0.015449 0.021067 0.580407 
0.001756 0.000000 0.000351 0.000000 0.000000 0.002809 0.035112 0.000000 0.317767 0.014396 0.000000 0.395014 0.000000 0.193118 0.039326 0.000000 0.000351 0.000000 0.000000 0.000000 
0.144312 0.000351 0.007022 0.000351 0.000000 0.030899 0.020716 0.000000 0.241222 0.000351 0.001053 0.321980 0.000702 0.024579 0.147472 0.053020 0.005618 0.000351 0.000000 0.000000 
0.001756 0.000351 0.000000 0.000000 0.001404 0.000351 0.000000 0.200492 0.000000 0.143961 0.011236 0.000000 0.000000 0.000000 0.000000 0.000351 0.049508 0.590590 0.000000 0.000000 
0.000000 0.000000 0.000000 0.000000 0.000000 0.000000 0.000000 0.009831 0.001053 0.686096 0.028441 0.000000 0.000000 0.000000 0.000000 0.000000 0.000702 0.273876 0.000000 0.000000 
0.043890 0.000000 0.004565 0.001756 0.000000 0.035815 0.023876 0.000000 0.045646 0.011236 0.000351 0.330056 0.000000 0.281601 0.058287 0.021067 0.139747 0.000702 0.000000 0.001404 
0.167837 0.001404 0.064607 0.062149 0.000351 0.011938 0.004213 0.000000 0.074789 0.100070 0.001053 0.015098 0.000000 0.270716 0.106390 0.045997 0.069874 0.003511 0.000000 0.000000 
0.038624 0.002458 0.000000 0.000000 0.001053 0.000000 0.000000 0.147472 0.000000 0.039326 0.082514 0.000000 0.000000 0.000000 0.000000 0.000000 0.005267 0.683287 0.000000 0.000000 
0.010885 0.000000 0.000351 0.001404 0.000351 0.027388 0.280548 0.000000 0.014045 0.000000 0.000000 0.001053 0.000000 0.060042 0.591292 0.007725 0.000351 0.000000 0.000000 0.004565 
0.077247 0.000000 0.018961 0.029143 0.000000 0.008427 0.011587 0.006671 0.313553 0.004916 0.001053 0.166081 0.000000 0.136938 0.089537 0.054775 0.069874 0.011236 0.000000 0.000000 
0.173455 0.000351 0.000000 0.012640 0.000000 0.269312 0.005267 0.000351 0.017205 0.003862 0.005618 0.015449 0.000702 0.100421 0.086728 0.016152 0.279494 0.005267 0.004916 0.002809 
0.003511 0.000351 0.001053 0.000000 0.622542 0.008778 0.002107 0.014396 0.000000 0.070225 0.000000 0.264045 0.000000 0.000351 0.000702 0.001756 0.001404 0.000702 0.000000 0.008076 
0.617626 0.000000 0.010885 0.012289 0.000351 0.028090 0.000000 0.000702 0.008076 0.005267 0.000000 0.006320 0.002107 0.265098 0.005267 0.030197 0.002809 0.001756 0.002107 0.001053 

MOTIF files/output.4.matrix.0_127
letter-probability matrix: alength= 20 w= 30 nsites= 2955 E= 0.000001
0.245008 0.002030 0.134010 0.117766 0.000338 0.324873 0.028088 0.000677 0.001692 0.003046 0.000338 0.008460 0.019289 0.013875 0.001015 0.084941 0.012183 0.001354 0.000338 0.000677 
0.084602 0.000000 0.191878 0.024027 0.001354 0.028088 0.010491 0.000677 0.119459 0.001015 0.000677 0.153638 0.024027 0.070051 0.048731 0.182403 0.054146 0.004399 0.000000 0.000338 
0.013198 0.236548 0.299831 0.014890 0.000338 0.001692 0.313706 0.001354 0.000000 0.001015 0.000677 0.070389 0.009814 0.000338 0.000000 0.006091 0.006091 0.023689 0.000338 0.000000 
0.085279 0.000000 0.523519 0.290694 0.000000 0.027750 0.000000 0.000338 0.003384 0.000338 0.000000 0.005076 0.037902 0.002707 0.009475 0.006091 0.006091 0.001015 0.000338 0.000000 
0.000000 0.000000 0.000000 0.000000 0.000000 0.000000 0.000000 0.000000 0.000000 0.000000 0.000000 0.000000 0.000000 0.000000 0.000000 0.000000 0.000000 0.000000 1.000000 0.000000 
0.004399 0.000677 0.016920 0.040609 0.207783 0.013198 0.002707 0.001354 0.001015 0.063621 0.008799 0.000000 0.000000 0.006091 0.000000 0.008460 0.040271 0.000677 0.000338 0.583080 
0.010833 0.002370 0.001354 0.011848 0.000000 0.003724 0.095464 0.000339 0.046716 0.001016 0.000000 0.016588 0.000000 0.139810 0.651659 0.004739 0.003385 0.000000 0.001354 0.008802 
0.004401 0.000000 0.000000 0.000000 0.000000 0.000000 0.000339 0.066012 0.000000 0.747123 0.002708 0.000000 0.000000 0.000677 0.002370 0.000677 0.001016 0.174001 0.000000 0.000677 
0.000000 0.000677 0.000000 0.000000 0.000000 0.000000 0.000000 0.000000 0.000000 0.000000 0.000000 0.000000 0.000000 0.000000 0.999323 0.000000 0.000000 0.000000 0.000000 0.000000 
0.000000 0.001354 0.034529 0.000000 0.000000 0.001016 0.797224 0.000339 0.000000 0.000339 0.000000 0.071429 0.000000 0.003047 0.057211 0.000000 0.027082 0.000000 0.000000 0.006432 
0.001692 0.000000 0.040271 0.561421 0.000338 0.001692 0.000338 0.000000 0.011844 0.001015 0.010829 0.002030 0.000000 0.351607 0.011844 0.002369 0.002030 0.000677 0.000000 0.000000 
0.078511 0.000677 0.002707 0.557022 0.000000 0.001354 0.000000 0.000000 0.216244 0.000338 0.000677 0.000000 0.031810 0.066328 0.001692 0.000677 0.020981 0.020981 0.000000 0.000000 
0.980034 0.000000 0.000000 0.000000 0.000338 0.000000 0.000000 0.003046 0.000000 0.000000 0.005415 0.000000 0.000000 0.000000 0.000000 0.000677 0.007445 0.003046 0.000000 0.000000 
0.000000 0.000000 0.000000 0.000000 0.000677 0.000000 0.000000 0.004399 0.000000 0.498816 0.486971 0.000000 0.000000 0.000000 0.000677 0.000000 0.001692 0.006768 0.000000 0.000000 
0.001354 0.000000 0.083249 0.000000 0.000000 0.000338 0.000000 0.000677 0.000338 0.000000 0.001354 0.163113 0.000000 0.000000 0.000000 0.093063 0.656514 0.000000 0.000000 0.000000 
0.070051 0.000338 0.003046 0.000000 0.000000 0.023689 0.003384 0.000677 0.000000 0.000338 0.000338 0.000000 0.637902 0.000000 0.004061 0.243993 0.009814 0.002369 0.000000 0.000000 
0.061929 0.000000 0.328596 0.558376 0.000000 0.008122 0.000338 0.000338 0.003384 0.000000 0.001354 0.000677 0.002030 0.028765 0.002030 0.002707 0.000677 0.000677 0.000000 0.000000 
0.793232 0.000000 0.003046 0.002369 0.000000 0.039932 0.004738 0.000000 0.008460 0.000000 0.000338 0.000000 0.000000 0.013536 0.014213 0.051438 0.068697 0.000000 0.000000 0.000000 
0.000338 0.000000 0.000000 0.000000 0.000000 0.000000 0.000000 0.237563 0.000000 0.007107 0.001354 0.000000 0.000000 0.000000 0.000000 0.000000 0.000000 0.753638 0.000000 0.000000 
0.058206 0.000000 0.000338 0.000338 0.000000 0.000338 0.000000 0.012183 0.000000 0.003384 0.002369 0.000000 0.000000 0.037225 0.001354 0.000000 0.000338 0.883926 0.000000 0.000000 
0.049069 0.000677 0.005753 0.024704 0.000000 0.000338 0.002030 0.000000 0.015905 0.001354 0.000000 0.008460 0.000000 0.014213 0.871404 0.004399 0.001692 0.000000 0.000000 0.000000 
0.000338 0.000000 0.000000 0.004399 0.005753 0.000000 0.001015 0.000000 0.000338 0.899492 0.001692 0.000677 0.000000 0.085279 0.000000 0.000338 0.000677 0.000000 0.000000 0.000000 
0.993909 0.002369 0.000000 0.000000 0.000000 0.003384 0.000000 0.000000 0.000000 0.000338 0.000000 0.000000 0.000000 0.000000 0.000000 0.000000 0.000000 0.000000 0.000000 0.000000 
0.005753 0.001692 0.001354 0.899154 0.000000 0.001354 0.001015 0.000338 0.038917 0.001354 0.000000 0.000000 0.000000 0.023689 0.017936 0.001354 0.000677 0.003723 0.000000 0.001692 
0.978659 0.001355 0.000000 0.000339 0.000339 0.000678 0.000000 0.000678 0.000000 0.000000 0.000000 0.000000 0.000000 0.000000 0.000000 0.013550 0.000678 0.003726 0.000000 0.000000 
0.730288 0.000000 0.000000 0.000000 0.000000 0.000338 0.000000 0.001354 0.000000 0.009137 0.003046 0.000000 0.000000 0.000000 0.000000 0.195262 0.057530 0.003046 0.000000 0.000000 
0.033841 0.002707 0.000000 0.004738 0.005076 0.000000 0.151946 0.000000 0.046024 0.000000 0.000000 0.001354 0.000000 0.337056 0.024704 0.010829 0.019966 0.023012 0.000000 0.338748 
0.212521 0.000000 0.380034 0.336379 0.000000 0.003046 0.000338 0.000338 0.014552 0.000338 0.000338 0.002707 0.000000 0.038240 0.002707 0.006430 0.001354 0.000677 0.000000 0.000000 
0.002707 0.000000 0.000000 0.001692 0.000000 0.000000 0.024365 0.000000 0.284264 0.030457 0.000000 0.000000 0.000000 0.014890 0.640271 0.000000 0.000000 0.000338 0.000000 0.001015 
0.000000 0.000000 0.000000 0.000000 0.001692 0.000000 0.000000 0.000000 0.000000 0.000000 0.000000 0.000000 0.000000 0.000000 0.000000 0.000000 0.000000 0.000000 0.000000 0.998308 

MOTIF files/output.4.matrix.0_130
letter-probability matrix: alength= 20 w= 30 nsites= 3584 E= 0.000001
0.000279 0.000000 0.000000 0.000000 0.000000 0.000000 0.000000 0.000000 0.000000 0.000558 0.000000 0.000000 0.998604 0.000000 0.000000 0.000279 0.000279 0.000000 0.000000 0.000000 
0.000000 0.000000 0.000000 0.000000 0.000000 0.000000 0.000000 0.000000 0.000000 0.000000 0.000000 1.000000 0.000000 0.000000 0.000000 0.000000 0.000000 0.000000 0.000000 0.000000 
0.071189 0.000558 0.000000 0.000000 0.000000 0.918760 0.000000 0.000000 0.000000 0.000000 0.000000 0.000000 0.000000 0.000558 0.000000 0.000279 0.005583 0.003071 0.000000 0.000000 
0.821329 0.006142 0.000000 0.000000 0.000000 0.095477 0.000000 0.002792 0.000000 0.001954 0.000000 0.053043 0.000000 0.000000 0.000000 0.016192 0.000000 0.003071 0.000000 0.000000 
0.000000 0.000000 0.000000 0.000000 0.000000 0.000000 0.000000 0.000000 0.000000 0.000838 0.000000 0.000000 0.000000 0.000000 0.000000 0.000000 0.000000 0.000000 0.999162 0.000000 
0.000558 0.000000 0.000279 0.000279 0.030430 0.000838 0.002233 0.000000 0.007817 0.299274 0.002513 0.001117 0.008096 0.000279 0.007817 0.561697 0.073702 0.000000 0.001954 0.001117 
0.001954 0.000000 0.000000 0.000279 0.000000 0.000000 0.000279 0.001675 0.000000 0.871022 0.001396 0.000000 0.011446 0.000558 0.000279 0.000000 0.003071 0.108040 0.000000 0.000000 
0.082915 0.000279 0.412060 0.178392 0.000000 0.005863 0.001117 0.000000 0.130653 0.000558 0.000000 0.113065 0.020938 0.013959 0.027080 0.011446 0.001117 0.000558 0.000000 0.000000 
0.000279 0.000000 0.071748 0.734227 0.000000 0.000000 0.000000 0.000000 0.000838 0.000000 0.000000 0.000000 0.000000 0.019821 0.000279 0.000838 0.170854 0.001117 0.000000 0.000000 
0.846175 0.000000 0.000000 0.000000 0.000000 0.003629 0.000000 0.000000 0.000000 0.000000 0.000000 0.000000 0.000000 0.000000 0.000000 0.149358 0.000838 0.000000 0.000000 0.000000 
0.001675 0.000838 0.000000 0.000000 0.000000 0.000279 0.000838 0.771078 0.008375 0.075377 0.000000 0.000838 0.000000 0.000838 0.003350 0.000279 0.004467 0.131770 0.000000 0.000000 
0.206588 0.000558 0.014517 0.073143 0.000000 0.030430 0.011167 0.000000 0.141541 0.004746 0.003908 0.004188 0.000838 0.022613 0.299553 0.139308 0.014517 0.002233 0.005583 0.024567 
0.009213 0.000000 0.000000 0.000000 0.005863 0.000000 0.001396 0.166108 0.000000 0.614182 0.040201 0.000000 0.000000 0.000000 0.000838 0.000000 0.016471 0.124232 0.000000 0.021496 
0.156896 0.541318 0.000000 0.000000 0.000000 0.256002 0.000000 0.000279 0.000838 0.012004 0.014517 0.000000 0.000000 0.000000 0.000000 0.000000 0.005025 0.012563 0.000279 0.000279 
0.019542 0.000000 0.013121 0.061697 0.000000 0.009213 0.003071 0.000000 0.517030 0.000279 0.000000 0.001954 0.008654 0.018705 0.308766 0.016471 0.021496 0.000000 0.000000 0.000000 
0.011453 0.000000 0.223464 0.106145 0.000000 0.306425 0.033799 0.000000 0.006425 0.036872 0.000838 0.015922 0.031285 0.103631 0.023464 0.003073 0.000279 0.001397 0.000000 0.095531 
0.000559 0.000000 0.000000 0.000000 0.000000 0.000000 0.002234 0.008378 0.083217 0.671600 0.098297 0.000000 0.000000 0.122591 0.007261 0.000000 0.003072 0.001396 0.000000 0.001396 
0.029872 0.000279 0.044947 0.024288 0.000000 0.152429 0.207705 0.000838 0.232552 0.006700 0.000000 0.134283 0.000000 0.061139 0.071189 0.005304 0.014238 0.013959 0.000000 0.000279 
0.003350 0.000558 0.380793 0.009771 0.000000 0.436628 0.121441 0.000000 0.007817 0.000000 0.000000 0.022892 0.003908 0.004467 0.005583 0.002513 0.000279 0.000000 0.000000 0.000000 
0.003629 0.000279 0.040759 0.000838 0.000000 0.000000 0.000279 0.086544 0.003629 0.051368 0.002513 0.000000 0.000000 0.005863 0.004467 0.095198 0.027638 0.676717 0.000000 0.000279 
0.000838 0.000000 0.000000 0.000000 0.000000 0.000000 0.000000 0.021776 0.000000 0.926019 0.012563 0.000000 0.000558 0.000000 0.000000 0.000000 0.000000 0.038247 0.000000 0.000000 
0.556114 0.000000 0.000000 0.131491 0.000000 0.000000 0.002233 0.000000 0.000000 0.000000 0.000000 0.000279 0.013959 0.041597 0.000000 0.025126 0.228364 0.000838 0.000000 0.000000 
0.000000 0.000279 0.000279 0.000000 0.000000 0.000000 0.000000 0.000000 0.000000 0.000000 0.000000 0.000000 0.000000 0.000000 0.000000 0.000000 0.000000 0.000000 0.000000 0.999442 
0.781686 0.011446 0.000000 0.000000 0.001396 0.000000 0.000000 0.008375 0.000000 0.135120 0.003071 0.000000 0.000000 0.000000 0.000000 0.000279 0.000000 0.006979 0.000000 0.051647 
0.000000 0.000000 0.000000 1.000000 0.000000 0.000000 0.000000 0.000000 0.000000 0.000000 0.000000 0.000000 0.000000 0.000000 0.000000 0.000000 0.000000 0.000000 0.000000 0.000000 
0.005864 0.000000 0.991343 0.001676 0.000000 0.000000 0.000000 0.000000 0.000000 0.000000 0.000000 0.000000 0.000000 0.000000 0.000000 0.000000 0.000000 0.000000 0.000000 0.001117 
0.000000 0.000000 0.000000 0.000000 0.000000 0.000000 0.000000 0.000000 0.000000 0.000838 0.000000 0.000000 0.999162 0.000000 0.000000 0.000000 0.000000 0.000000 0.000000 0.000000 
0.039922 0.805137 0.000000 0.000000 0.000000 0.000000 0.000000 0.000000 0.000000 0.000000 0.000000 0.000000 0.000000 0.000000 0.000000 0.001396 0.113624 0.038805 0.000000 0.001117 
0.009768 0.000000 0.000279 0.001395 0.000279 0.834775 0.000000 0.003907 0.002791 0.028189 0.000000 0.000279 0.090148 0.000279 0.005861 0.018420 0.002512 0.001116 0.000000 0.000000 
0.720703 0.000000 0.009766 0.007254 0.000000 0.154297 0.000000 0.000000 0.000000 0.000000 0.000000 0.000279 0.079241 0.007812 0.001953 0.006696 0.011719 0.000279 0.000000 0.000000 

MOTIF files/output.4.matrix.0_132
letter-probability matrix: alength= 20 w= 30 nsites= 3181 E= 0.000001
0.001886 0.000000 0.001572 0.989312 0.001257 0.000314 0.000000 0.000000 0.000943 0.000000 0.000000 0.000000 0.000000 0.002201 0.000000 0.000000 0.001572 0.000943 0.000000 0.000000 
0.000000 0.000000 0.000000 0.000000 0.928639 0.000000 0.000000 0.000000 0.000000 0.047784 0.000000 0.000000 0.000000 0.000000 0.000000 0.000000 0.000000 0.021377 0.000000 0.002201 
0.015718 0.000000 0.000000 0.000000 0.000000 0.000000 0.051556 0.000000 0.127633 0.000000 0.000000 0.000000 0.000314 0.003144 0.800692 0.000000 0.000000 0.000943 0.000000 0.000000 
0.009431 0.000314 0.000943 0.002829 0.000000 0.000000 0.003144 0.000000 0.051556 0.000314 0.001257 0.008488 0.000000 0.005973 0.899088 0.004715 0.011317 0.000629 0.000000 0.000000 
0.893430 0.000000 0.000629 0.006287 0.000000 0.001572 0.001257 0.002515 0.001886 0.002829 0.000000 0.000000 0.000000 0.004401 0.077963 0.004087 0.000943 0.001886 0.000000 0.000314 
0.000629 0.000314 0.000000 0.000000 0.000000 0.000000 0.000000 0.000314 0.000000 0.000000 0.000000 0.000000 0.000314 0.000000 0.000000 0.003772 0.991198 0.003458 0.000000 0.000000 
0.000314 0.000000 0.006602 0.000000 0.000314 0.966992 0.004401 0.000000 0.000629 0.000000 0.000000 0.011317 0.000000 0.001886 0.001886 0.005659 0.000000 0.000000 0.000000 0.000000 
0.001257 0.000000 0.000000 0.000000 0.010060 0.000000 0.001572 0.061930 0.000314 0.876140 0.022949 0.000000 0.000000 0.000314 0.000000 0.000000 0.000314 0.025149 0.000000 0.000000 
0.008488 0.000000 0.000000 0.000000 0.000000 0.000000 0.000314 0.000000 0.057529 0.007545 0.000000 0.000000 0.882113 0.018548 0.020434 0.001886 0.003144 0.000000 0.000000 0.000000 
0.000314 0.000000 0.000000 0.000000 0.000000 0.000000 0.000000 0.000629 0.000000 0.068532 0.000314 0.000000 0.000000 0.000000 0.000000 0.000000 0.652939 0.277271 0.000000 0.000000 
0.999686 0.000000 0.000000 0.000000 0.000000 0.000000 0.000000 0.000000 0.000000 0.000000 0.000000 0.000000 0.000000 0.000000 0.000000 0.000000 0.000314 0.000000 0.000000 0.000000 
0.000000 0.000000 0.000000 0.000000 0.000000 0.000000 0.000000 0.000000 0.000000 0.000000 0.000000 0.000000 0.000000 0.000000 0.000000 0.000629 0.999371 0.000000 0.000000 0.000000 
0.000000 0.000000 0.000000 0.000000 0.000000 0.000000 0.000000 0.000000 0.000000 0.000000 0.000000 1.000000 0.000000 0.000000 0.000000 0.000000 0.000000 0.000000 0.000000 0.000000 
0.000000 0.000000 0.000000 0.000000 0.000000 0.000000 0.000000 0.000000 0.000000 0.000000 1.000000 0.000000 0.000000 0.000000 0.000000 0.000000 0.000000 0.000000 0.000000 0.000000 
0.000000 0.018548 0.000000 0.000000 0.000000 0.000000 0.000000 0.840302 0.000000 0.000000 0.000000 0.000000 0.000000 0.000000 0.000000 0.000000 0.000000 0.140207 0.000314 0.000629 
0.916693 0.000000 0.008488 0.000000 0.000000 0.000314 0.000000 0.000314 0.000000 0.000000 0.000000 0.002829 0.000000 0.000000 0.000000 0.000629 0.000629 0.070104 0.000000 0.000000 
0.000629 0.002515 0.000000 0.000000 0.000000 0.000000 0.000000 0.000314 0.000000 0.000314 0.000000 0.016347 0.000314 0.000000 0.000000 0.000000 0.977680 0.001886 0.000000 0.000000 
0.003458 0.000000 0.724615 0.000000 0.000000 0.000000 0.000000 0.000000 0.000000 0.000000 0.000000 0.253379 0.000000 0.000314 0.000000 0.003772 0.014461 0.000000 0.000000 0.000000 
0.000000 0.000629 0.000000 0.000000 0.067903 0.000000 0.000000 0.000314 0.000000 0.003772 0.000943 0.000000 0.000000 0.000000 0.000000 0.000000 0.001257 0.000314 0.921723 0.003144 
0.015404 0.000314 0.042439 0.004401 0.000000 0.000943 0.000314 0.000000 0.008174 0.000000 0.000000 0.000943 0.000000 0.002201 0.923923 0.000943 0.000000 0.000000 0.000000 0.000000 
0.000629 0.000000 0.000000 0.479095 0.000000 0.000943 0.001886 0.000000 0.000000 0.000000 0.000000 0.000000 0.000000 0.517447 0.000000 0.000000 0.000000 0.000000 0.000000 0.000000 
0.000000 0.000000 0.000000 0.000000 0.057251 0.000000 0.000000 0.020132 0.000315 0.117962 0.794275 0.000000 0.000000 0.000000 0.000000 0.000000 0.000000 0.010066 0.000000 0.000000 
0.034895 0.013203 0.016033 0.000000 0.000314 0.662999 0.005030 0.000000 0.008802 0.000000 0.000314 0.041811 0.006287 0.022949 0.062873 0.073247 0.024206 0.016347 0.000000 0.010688 
0.004401 0.000000 0.000629 0.018862 0.000000 0.000000 0.914807 0.000943 0.000000 0.001886 0.000000 0.002515 0.005344 0.000000 0.044011 0.000943 0.000000 0.000000 0.000000 0.005659 
0.622760 0.005344 0.000000 0.000000 0.000000 0.001572 0.000000 0.000000 0.000000 0.000000 0.000000 0.004715 0.000000 0.000000 0.000000 0.134549 0.231059 0.000000 0.000000 0.000000 
0.013832 0.000000 0.000000 0.000000 0.017605 0.000943 0.004401 0.279157 0.000000 0.299906 0.001257 0.000000 0.000000 0.000000 0.000000 0.000314 0.001257 0.381012 0.000000 0.000314 
0.091795 0.003144 0.002515 0.011946 0.000629 0.000314 0.000629 0.000629 0.002201 0.006287 0.251179 0.001572 0.008174 0.252122 0.118516 0.224772 0.020119 0.003144 0.000000 0.000314 
0.016033 0.000314 0.000000 0.003144 0.000943 0.000314 0.000000 0.000629 0.002829 0.901603 0.002829 0.000000 0.000000 0.011317 0.008488 0.038981 0.009431 0.003144 0.000000 0.000000 
0.001257 0.000000 0.039925 0.011632 0.000000 0.071047 0.055329 0.000000 0.013518 0.000000 0.000000 0.305564 0.000000 0.491355 0.006916 0.001886 0.000943 0.000000 0.000000 0.000629 
0.489469 0.000314 0.000000 0.000000 0.000000 0.004401 0.000000 0.000000 0.000000 0.000000 0.000000 0.000000 0.000000 0.000000 0.000000 0.504873 0.000314 0.000629 0.000000 0.000000 

MOTIF files/output.4.matrix.0_133
letter-probability matrix: alength= 20 w= 30 nsites= 2963 E= 0.000001
0.000000 0.000000 0.000337 0.000000 0.000000 0.000000 0.000000 0.000000 0.000000 0.999663 0.000000 0.000000 0.000000 0.000000 0.000000 0.000000 0.000000 0.000000 0.000000 0.000000 
0.999663 0.000000 0.000000 0.000000 0.000000 0.000000 0.000000 0.000000 0.000000 0.000000 0.000000 0.000000 0.000337 0.000000 0.000000 0.000000 0.000000 0.000000 0.000000 0.000000 
0.000000 0.000000 0.999663 0.000000 0.000000 0.000000 0.000337 0.000000 0.000000 0.000000 0.000000 0.000000 0.000000 0.000000 0.000000 0.000000 0.000000 0.000000 0.000000 0.000000 
0.000675 0.010462 0.000000 0.000000 0.000337 0.000000 0.000000 0.000000 0.000000 0.000337 0.000000 0.000000 0.987513 0.000675 0.000000 0.000000 0.000000 0.000000 0.000000 0.000000 
0.000000 0.000000 0.000000 0.000000 0.000000 0.000000 0.999325 0.000000 0.000000 0.000000 0.000000 0.000000 0.000000 0.000337 0.000000 0.000000 0.000000 0.000000 0.000337 0.000000 
0.000000 0.000000 0.000000 0.000000 0.998650 0.000000 0.000000 0.000000 0.000000 0.000000 0.000000 0.000000 0.000000 0.000000 0.000000 0.000000 0.000337 0.000000 0.000000 0.001012 
0.000000 0.000000 0.000000 0.000000 0.000000 0.000000 0.000000 0.000000 0.000000 0.000337 0.000000 0.000000 0.000000 0.000000 0.000000 0.000000 0.000000 0.000000 0.999663 0.000000 
0.000000 0.000000 0.000000 0.000000 0.000000 0.008437 0.000000 0.000000 0.000000 0.000000 0.000337 0.000000 0.000337 0.000000 0.000337 0.002025 0.988525 0.000000 0.000000 0.000000 
0.000000 0.000000 0.000000 0.000000 0.004054 0.000000 0.000000 0.001689 0.000000 0.335473 0.658446 0.000000 0.000000 0.000000 0.000338 0.000000 0.000000 0.000000 0.000000 0.000000 
0.058049 0.000000 0.003037 0.054337 0.000337 0.004050 0.025312 0.000000 0.000337 0.000000 0.000000 0.020587 0.000000 0.529868 0.035775 0.241647 0.026662 0.000000 0.000000 0.000000 
0.000337 0.000675 0.001350 0.000000 0.000000 0.981100 0.006412 0.000000 0.000000 0.000000 0.000000 0.009450 0.000000 0.000000 0.000000 0.000000 0.000000 0.000000 0.000000 0.000675 
0.311171 0.002025 0.000000 0.000000 0.000000 0.000000 0.000000 0.000000 0.000000 0.000000 0.000000 0.000000 0.000000 0.000000 0.000000 0.686129 0.000675 0.000000 0.000000 0.000000 
0.003375 0.000000 0.000000 0.000000 0.000000 0.000000 0.005400 0.006412 0.000000 0.003037 0.000000 0.012150 0.000000 0.000000 0.000000 0.001012 0.001687 0.966925 0.000000 0.000000 
0.005400 0.003037 0.000000 0.002025 0.000000 0.000337 0.000337 0.000000 0.002362 0.000000 0.002025 0.000000 0.000000 0.000337 0.966250 0.000337 0.014175 0.003375 0.000000 0.000000 
0.000675 0.000337 0.000000 0.000000 0.000000 0.000000 0.000000 0.002700 0.000000 0.033750 0.011137 0.000000 0.000000 0.000000 0.000000 0.000000 0.000000 0.951401 0.000000 0.000000 
0.917314 0.000000 0.000000 0.000000 0.000000 0.036787 0.000000 0.000000 0.000000 0.000000 0.000000 0.000000 0.000000 0.000000 0.000000 0.045899 0.000000 0.000000 0.000000 0.000000 
0.002700 0.000000 0.000000 0.009787 0.000000 0.000000 0.000000 0.000000 0.002025 0.000000 0.000000 0.000000 0.000000 0.980763 0.001012 0.001350 0.001012 0.000000 0.000000 0.001350 
0.000000 0.000000 0.000000 0.000000 0.003038 0.000000 0.000338 0.012154 0.000000 0.492573 0.438555 0.000000 0.000000 0.000000 0.000000 0.000000 0.042876 0.010466 0.000000 0.000000 
0.000337 0.985150 0.000000 0.000000 0.000000 0.000000 0.000000 0.000000 0.000000 0.012487 0.000337 0.000000 0.000000 0.000000 0.000675 0.001012 0.000000 0.000000 0.000000 0.000000 
0.029700 0.000000 0.313196 0.021600 0.000000 0.000000 0.337496 0.000000 0.031050 0.000000 0.000000 0.154236 0.000000 0.021600 0.084036 0.005062 0.000000 0.000000 0.000000 0.002025 
0.065812 0.000000 0.456632 0.414107 0.000000 0.001012 0.000000 0.000000 0.000000 0.000000 0.044212 0.001012 0.000000 0.008437 0.000337 0.004050 0.002700 0.001687 0.000000 0.000000 
0.001014 0.000676 0.000000 0.000000 0.264954 0.000000 0.009125 0.000000 0.000000 0.004393 0.025346 0.019939 0.000000 0.000338 0.000338 0.000338 0.002028 0.000000 0.632646 0.038864 
0.000337 0.000000 0.007762 0.000337 0.000000 0.952751 0.000337 0.000000 0.000000 0.000000 0.000000 0.038475 0.000000 0.000000 0.000000 0.000000 0.000000 0.000000 0.000000 0.000000 
0.000000 0.000000 0.000000 0.000000 0.000000 0.000000 0.000000 0.000000 0.000000 0.968950 0.021262 0.000000 0.000000 0.000000 0.000337 0.000000 0.000000 0.000337 0.000000 0.009112 
0.000675 0.000000 0.000000 0.000000 0.000000 0.000000 0.000000 0.007762 0.000000 0.000337 0.005737 0.003712 0.000337 0.000000 0.000000 0.001012 0.979750 0.000675 0.000000 0.000000 
0.000000 0.000000 0.000000 0.000000 0.000000 0.000000 0.000000 0.000000 0.000000 0.001012 0.000000 0.000000 0.000000 0.000000 0.000000 0.000000 0.016875 0.000000 0.982113 0.000000 
0.000000 0.000000 0.000337 0.000000 0.000000 0.999325 0.000000 0.000000 0.000000 0.000000 0.000000 0.000000 0.000000 0.000000 0.000000 0.000000 0.000000 0.000000 0.000337 0.000000 
0.001012 0.312521 0.000000 0.000000 0.000000 0.000337 0.000000 0.002025 0.000000 0.000000 0.000000 0.000000 0.000000 0.000000 0.000000 0.675329 0.000000 0.008775 0.000000 0.000000 
0.000000 0.000000 0.000000 0.000000 0.000000 0.000000 0.999663 0.000000 0.000000 0.000000 0.000000 0.000000 0.000000 0.000000 0.000000 0.000337 0.000000 0.000000 0.000000 0.000000 
0.000000 0.000000 0.000000 0.000000 0.000000 0.000000 0.000337 0.000000 0.000000 0.000000 0.000000 0.000000 0.000000 0.000000 0.000000 0.999663 0.000000 0.000000 0.000000 0.000000 

