MEME version 4

ALPHABET= ACDEFGHIKLMNPQRSTVWY

Background letter frequencies
A 0.1134 C 0.0105 D 0.0638 E 0.0702 F 0.0297 G 0.0889 H 0.0205 I 0.0614 K 0.0495 L 0.0963 
M 0.0246 N 0.036 P 0.0427 Q 0.0317 R 0.0509 S 0.0508 T 0.0505 V 0.0702 W 0.0129 
Y 0.0257 

MOTIF files/output.4.matrix.0_4
letter-probability matrix: alength= 20 w= 30 nsites= 27996 E= 0.000001
0.179396 0.028863 0.000000 0.000000 0.000929 0.052904 0.002893 0.002429 0.000000 0.458777 0.001393 0.055012 0.000036 0.000036 0.000000 0.129099 0.077552 0.009609 0.000750 0.000321 
0.491784 0.012360 0.000000 0.000000 0.000000 0.454133 0.000000 0.000143 0.000000 0.001072 0.000929 0.000000 0.011645 0.000000 0.000000 0.007359 0.012431 0.008145 0.000000 0.000000 
0.010003 0.006502 0.000000 0.000036 0.028543 0.000036 0.000000 0.197335 0.000000 0.120673 0.003751 0.000000 0.000000 0.000000 0.000036 0.000036 0.010431 0.618655 0.000000 0.003965 
0.000464 0.000000 0.257734 0.202150 0.000071 0.000143 0.000036 0.006751 0.000000 0.004037 0.001036 0.001250 0.000071 0.010538 0.000000 0.477459 0.000071 0.038187 0.000000 0.000000 
0.081410 0.051332 0.000000 0.000429 0.001858 0.003001 0.003572 0.113882 0.000000 0.369365 0.150139 0.050404 0.000143 0.047653 0.000000 0.042581 0.047474 0.036043 0.000107 0.000607 
0.982711 0.006751 0.000000 0.000000 0.000000 0.001322 0.000000 0.000000 0.000000 0.000036 0.000000 0.000000 0.003108 0.000000 0.000000 0.005823 0.000143 0.000107 0.000000 0.000000 
0.097381 0.052477 0.000000 0.000000 0.011860 0.000429 0.000071 0.045619 0.000036 0.385989 0.026935 0.021613 0.000000 0.000000 0.000000 0.005787 0.034830 0.315615 0.000214 0.001143 
0.382318 0.073406 0.000000 0.000000 0.015467 0.000071 0.035399 0.006287 0.000000 0.181997 0.001679 0.001143 0.000036 0.000250 0.000071 0.010359 0.000929 0.003036 0.252152 0.035399 
0.000929 0.000250 0.519681 0.004786 0.000000 0.000036 0.040113 0.000321 0.266931 0.000143 0.000143 0.004322 0.000000 0.006108 0.147521 0.003250 0.000179 0.001857 0.000143 0.003286 
0.535112 0.004358 0.000000 0.000000 0.000679 0.008751 0.000321 0.092085 0.000000 0.322332 0.008680 0.000036 0.000000 0.000036 0.000286 0.001250 0.004108 0.014574 0.007072 0.000321 
0.374103 0.002322 0.002179 0.029470 0.020861 0.112627 0.009323 0.006787 0.079478 0.153670 0.018289 0.002858 0.000000 0.058010 0.009287 0.023433 0.007787 0.032077 0.036185 0.021254 
0.649664 0.011394 0.000071 0.000000 0.000000 0.305901 0.000000 0.000000 0.000000 0.000143 0.000000 0.000000 0.000000 0.000000 0.000000 0.029468 0.003286 0.000071 0.000000 0.000000 
0.166458 0.000750 0.068905 0.080157 0.000857 0.007073 0.007358 0.008787 0.343026 0.008037 0.004715 0.041722 0.000000 0.143740 0.079014 0.015146 0.009537 0.014360 0.000036 0.000321 
0.203815 0.004001 0.023789 0.119088 0.037184 0.004822 0.078440 0.031612 0.062009 0.041399 0.007037 0.003929 0.000036 0.030076 0.108158 0.120946 0.021003 0.050579 0.000893 0.051186 
0.144949 0.009823 0.000857 0.028826 0.012680 0.001250 0.021253 0.008180 0.150736 0.383019 0.009001 0.006537 0.000000 0.043006 0.040970 0.057294 0.022075 0.040863 0.001000 0.017681 
0.010109 0.001179 0.093302 0.055224 0.000214 0.550670 0.008930 0.000036 0.056867 0.000286 0.000536 0.141668 0.000000 0.044115 0.022325 0.011109 0.002750 0.000214 0.000071 0.000393 
0.038258 0.000607 0.000679 0.022040 0.000393 0.000107 0.000286 0.082232 0.085197 0.293884 0.057691 0.000572 0.000000 0.083518 0.020469 0.002143 0.013503 0.298242 0.000036 0.000143 
0.008037 0.000000 0.001857 0.012645 0.000000 0.001250 0.001072 0.000000 0.002108 0.000214 0.000000 0.024147 0.862475 0.002715 0.011073 0.059618 0.012574 0.000000 0.000000 0.000214 
0.016253 0.000893 0.000036 0.000107 0.003858 0.000036 0.000000 0.020719 0.000000 0.632743 0.004465 0.000000 0.000572 0.000036 0.000000 0.000000 0.000750 0.314282 0.005037 0.000214 
0.127429 0.030366 0.000000 0.001000 0.078558 0.000786 0.045049 0.000250 0.000357 0.000250 0.000071 0.000679 0.002465 0.000107 0.001643 0.062875 0.006288 0.011468 0.121606 0.508753 
0.115124 0.000214 0.043363 0.135841 0.000143 0.003286 0.006822 0.001286 0.139984 0.002393 0.003393 0.010466 0.000000 0.170596 0.299007 0.043506 0.017002 0.006680 0.000214 0.000679 
0.004429 0.000357 0.000321 0.000321 0.032469 0.000000 0.149771 0.016967 0.000286 0.435419 0.018788 0.000036 0.000071 0.001965 0.006037 0.003786 0.002393 0.013430 0.003036 0.310116 
0.021039 0.000071 0.000000 0.000000 0.032184 0.000000 0.000000 0.215610 0.000000 0.613931 0.014181 0.000036 0.000000 0.000036 0.000036 0.001893 0.001572 0.081586 0.016539 0.001286 
0.212538 0.001893 0.002286 0.000214 0.000107 0.736596 0.000643 0.000107 0.001215 0.000536 0.001072 0.009609 0.000000 0.004215 0.001607 0.020111 0.001393 0.005251 0.000572 0.000036 
0.020184 0.000464 0.159897 0.106027 0.001286 0.542671 0.001679 0.016683 0.003930 0.035152 0.000929 0.021327 0.030651 0.013075 0.007323 0.013396 0.009610 0.015182 0.000000 0.000536 
0.126344 0.005537 0.019575 0.013360 0.039721 0.118914 0.012859 0.022183 0.046794 0.189570 0.043615 0.013467 0.079371 0.017539 0.072406 0.032220 0.061761 0.067333 0.000357 0.017074 
0.135708 0.008145 0.023505 0.012753 0.016289 0.033722 0.009859 0.008609 0.058834 0.056048 0.005894 0.207330 0.018397 0.084304 0.051118 0.077159 0.058227 0.107737 0.001429 0.024934 
0.217598 0.000607 0.030437 0.017291 0.000750 0.196127 0.017398 0.001429 0.024543 0.010253 0.001643 0.021828 0.108710 0.111496 0.172621 0.026758 0.033831 0.004644 0.000357 0.001679 
0.018255 0.004537 0.138392 0.108706 0.005323 0.015111 0.080270 0.010288 0.086022 0.015861 0.018005 0.139606 0.013325 0.024042 0.159468 0.042654 0.085093 0.019148 0.000107 0.015790 
0.055057 0.003108 0.067241 0.100111 0.001608 0.016649 0.009289 0.051270 0.086070 0.065883 0.011076 0.012969 0.079781 0.045411 0.072564 0.096288 0.101183 0.115510 0.004716 0.004216 

MOTIF files/output.4.matrix.0_5
letter-probability matrix: alength= 20 w= 30 nsites= 13521 E= 0.000001
0.000000 0.000000 0.000000 0.000000 0.693861 0.000000 0.000000 0.005104 0.000000 0.061908 0.001331 0.000000 0.000000 0.000000 0.000148 0.000074 0.202441 0.006361 0.000000 0.028772 
0.005177 0.033577 0.000000 0.000000 0.000000 0.000222 0.000000 0.000000 0.000000 0.000000 0.000592 0.010132 0.000000 0.000000 0.000000 0.000148 0.011981 0.938170 0.000000 0.000000 
0.000148 0.000000 0.000148 0.000000 0.000074 0.000000 0.000000 0.000074 0.000000 0.000000 0.000148 0.000000 0.000370 0.000000 0.000000 0.002367 0.996672 0.000000 0.000000 0.000000 
0.000000 0.000222 0.009171 0.000000 0.000000 0.000074 0.001331 0.000000 0.000296 0.000000 0.000000 0.972487 0.000000 0.001849 0.000961 0.013387 0.000222 0.000000 0.000000 0.000000 
0.039938 0.002367 0.000370 0.018268 0.000148 0.010354 0.000592 0.015162 0.014126 0.004068 0.001479 0.000074 0.460543 0.001035 0.001997 0.026255 0.299830 0.102729 0.000074 0.000592 
0.076263 0.000074 0.051779 0.221022 0.000222 0.015608 0.001331 0.009542 0.419854 0.015460 0.000666 0.012353 0.000370 0.026037 0.029884 0.044604 0.061913 0.012871 0.000074 0.000074 
0.000000 0.000370 0.000000 0.000222 0.047925 0.000222 0.000444 0.230604 0.040086 0.043932 0.000814 0.000222 0.000000 0.002071 0.582279 0.000148 0.003328 0.001405 0.000296 0.045633 
0.000666 0.000000 0.000000 0.000000 0.020413 0.000000 0.000000 0.245100 0.000000 0.669773 0.000296 0.000000 0.000000 0.000000 0.000000 0.000074 0.003032 0.060646 0.000000 0.000000 
0.288631 0.000814 0.004438 0.099712 0.000074 0.008802 0.011095 0.001331 0.223981 0.002071 0.000814 0.007915 0.000074 0.147940 0.091057 0.084622 0.021155 0.004660 0.000222 0.000592 
0.009689 0.002293 0.052071 0.221154 0.000222 0.000444 0.001775 0.003772 0.292751 0.002589 0.033506 0.004068 0.000000 0.070710 0.197411 0.003328 0.101997 0.001257 0.000592 0.000370 
0.273648 0.000222 0.000000 0.000000 0.000592 0.714296 0.000074 0.000000 0.000000 0.000000 0.000000 0.000000 0.010058 0.000000 0.000074 0.000518 0.000074 0.000222 0.000000 0.000222 
0.011316 0.000444 0.000074 0.000814 0.001775 0.002589 0.000074 0.814067 0.000666 0.021522 0.002958 0.000370 0.000000 0.000592 0.000666 0.001627 0.001553 0.138821 0.000000 0.000074 
0.057270 0.000148 0.185276 0.475990 0.000000 0.013984 0.002738 0.006215 0.107880 0.003478 0.002738 0.028043 0.000000 0.033518 0.031003 0.036626 0.010581 0.004218 0.000000 0.000296 
0.022858 0.001036 0.021601 0.212088 0.000814 0.008063 0.002589 0.001849 0.356118 0.077896 0.063989 0.043572 0.000074 0.073754 0.053262 0.027445 0.027297 0.005104 0.000074 0.000518 
0.007766 0.000666 0.016715 0.008579 0.000444 0.491088 0.017158 0.000444 0.335774 0.001405 0.000370 0.067377 0.000000 0.009763 0.018934 0.013387 0.000222 0.009837 0.000074 0.000000 
0.351527 0.047038 0.000148 0.000000 0.000296 0.000074 0.000000 0.220398 0.000074 0.036240 0.014200 0.000148 0.000074 0.001479 0.005177 0.080541 0.046076 0.191406 0.002367 0.002736 
0.554175 0.241846 0.000296 0.000000 0.000000 0.155462 0.000000 0.003328 0.009763 0.000370 0.002884 0.000148 0.000000 0.000000 0.000000 0.014940 0.009615 0.007026 0.000000 0.000148 
0.000000 0.000000 0.007988 0.000000 0.000000 0.000000 0.000000 0.000000 0.001257 0.000000 0.000000 0.982842 0.000000 0.000000 0.000370 0.003328 0.004142 0.000000 0.000000 0.000074 
0.313290 0.147178 0.000000 0.000000 0.000148 0.016271 0.000000 0.000000 0.000000 0.000000 0.000000 0.000888 0.000000 0.000000 0.000000 0.506323 0.005769 0.009837 0.000000 0.000296 
0.021673 0.000148 0.000740 0.000000 0.000592 0.000000 0.000000 0.527702 0.000000 0.355278 0.011095 0.000000 0.000074 0.000000 0.000000 0.006287 0.002959 0.073378 0.000000 0.000074 
0.000000 0.000000 0.000000 0.000000 0.000296 0.000000 0.000000 0.016198 0.000000 0.983062 0.000000 0.000000 0.000074 0.000000 0.000000 0.000000 0.000000 0.000370 0.000000 0.000000 
0.000000 0.000148 0.000000 0.000000 0.000370 0.000000 0.000000 0.516382 0.000000 0.246062 0.000148 0.000000 0.000000 0.000000 0.000000 0.010058 0.000000 0.226758 0.000074 0.000000 
0.000000 0.000000 0.000000 0.000000 0.000000 0.000000 0.000000 0.000000 0.989794 0.000000 0.000000 0.000000 0.000000 0.000074 0.010132 0.000000 0.000000 0.000000 0.000000 0.000000 
0.002367 0.000370 0.000000 0.010059 0.093713 0.000074 0.000000 0.036760 0.000000 0.139571 0.002515 0.000000 0.073817 0.000000 0.000000 0.000000 0.000074 0.631583 0.000000 0.009098 
0.000000 0.000000 0.001035 0.000000 0.000000 0.000000 0.000444 0.000000 0.000740 0.000000 0.000000 0.996080 0.000000 0.000000 0.000000 0.001479 0.000148 0.000000 0.000000 0.000074 
0.000000 0.000000 0.000000 0.000000 0.000000 0.010058 0.000000 0.000000 0.000000 0.000000 0.000000 0.000000 0.000000 0.989868 0.000074 0.000000 0.000000 0.000000 0.000000 0.000000 
0.008580 0.000074 0.000000 0.000000 0.000148 0.000000 0.000000 0.977811 0.000000 0.000000 0.000148 0.002293 0.000000 0.000074 0.000222 0.000000 0.000222 0.010429 0.000000 0.000000 
0.000074 0.000000 0.000222 0.000000 0.000000 0.999408 0.000000 0.000000 0.000000 0.000000 0.000000 0.000000 0.000000 0.000000 0.000074 0.000148 0.000000 0.000000 0.000074 0.000000 
0.000074 0.000074 0.000000 0.000074 0.000148 0.010058 0.000000 0.000074 0.000000 0.001183 0.000000 0.000000 0.000296 0.000000 0.000000 0.420827 0.567118 0.000000 0.000000 0.000074 
0.000148 0.000000 0.000000 0.000000 0.000961 0.000000 0.000074 0.087715 0.000000 0.649286 0.001257 0.000000 0.000000 0.000000 0.000000 0.000074 0.000000 0.260484 0.000000 0.000000 

MOTIF files/output.4.matrix.0_8
letter-probability matrix: alength= 20 w= 30 nsites= 26141 E= 0.000001
0.069936 0.000803 0.181383 0.130920 0.019091 0.038565 0.013123 0.000689 0.211761 0.002296 0.000536 0.049047 0.101538 0.074489 0.060334 0.025939 0.014194 0.002296 0.000383 0.002678 
0.043344 0.003213 0.000727 0.001454 0.171729 0.015647 0.016373 0.012777 0.007039 0.134507 0.007613 0.013504 0.011285 0.006350 0.002831 0.010635 0.001377 0.016756 0.001377 0.521461 
0.009602 0.000459 0.081025 0.022303 0.000536 0.157919 0.011362 0.001913 0.050191 0.002219 0.000153 0.085616 0.500842 0.016335 0.045945 0.005126 0.005279 0.002946 0.000000 0.000230 
0.000956 0.002716 0.000000 0.000000 0.002869 0.000191 0.000038 0.508072 0.000000 0.170773 0.026511 0.000000 0.110826 0.000000 0.000000 0.000000 0.000268 0.176588 0.000000 0.000191 
0.079415 0.005662 0.073218 0.075743 0.031598 0.001836 0.029417 0.174209 0.028767 0.060441 0.033013 0.005509 0.001109 0.006427 0.013963 0.013274 0.019586 0.298191 0.029953 0.018668 
0.007230 0.000612 0.000000 0.000268 0.124402 0.000077 0.000727 0.002869 0.000000 0.125473 0.067595 0.000115 0.000038 0.000038 0.000038 0.489308 0.035156 0.004170 0.122681 0.019204 
0.006159 0.002946 0.000000 0.000000 0.017635 0.000000 0.000000 0.743965 0.000000 0.098428 0.007230 0.000000 0.000000 0.000000 0.000000 0.000230 0.000153 0.101641 0.007689 0.013924 
0.000000 0.000000 0.000038 0.999770 0.000000 0.000000 0.000000 0.000000 0.000191 0.000000 0.000000 0.000000 0.000000 0.000000 0.000000 0.000000 0.000000 0.000000 0.000000 0.000000 
0.000000 0.000000 0.527906 0.192686 0.000000 0.000038 0.000000 0.000000 0.000000 0.000000 0.000000 0.000038 0.000000 0.279293 0.000000 0.000000 0.000000 0.000038 0.000000 0.000000 
0.032133 0.020925 0.000038 0.000000 0.000344 0.285949 0.000000 0.001377 0.000000 0.003787 0.000077 0.000000 0.646226 0.000038 0.000000 0.001454 0.000421 0.006924 0.000268 0.000038 
0.000842 0.023718 0.000000 0.000000 0.149005 0.011094 0.001262 0.059640 0.000115 0.391813 0.130872 0.000153 0.000000 0.004629 0.000000 0.000077 0.068745 0.152257 0.000000 0.005777 
0.178775 0.002525 0.287425 0.005279 0.011056 0.015609 0.036153 0.018096 0.032442 0.059260 0.001033 0.011592 0.152799 0.011171 0.022380 0.139370 0.001569 0.007575 0.000344 0.005547 
0.195823 0.004284 0.004935 0.403542 0.000803 0.003252 0.003252 0.011476 0.019777 0.000995 0.001339 0.000421 0.137064 0.130102 0.034161 0.028920 0.003366 0.012739 0.000842 0.002907 
0.015493 0.000421 0.411094 0.154438 0.000956 0.086687 0.027621 0.004361 0.016373 0.013083 0.000344 0.104591 0.001530 0.043458 0.009296 0.071691 0.009411 0.000689 0.010252 0.018210 
0.014040 0.003826 0.732555 0.022112 0.001109 0.005279 0.024331 0.000000 0.010520 0.002372 0.001645 0.089594 0.000000 0.077238 0.009487 0.002219 0.000497 0.000383 0.000000 0.002793 
0.027275 0.000268 0.083509 0.010214 0.045446 0.000650 0.010749 0.075552 0.002678 0.053403 0.006427 0.012356 0.016067 0.007574 0.027428 0.003366 0.015646 0.053479 0.496385 0.051528 
0.182309 0.000421 0.253549 0.358802 0.001530 0.021693 0.008762 0.002640 0.011325 0.046907 0.002640 0.010407 0.009527 0.017485 0.007614 0.031373 0.012320 0.010368 0.009297 0.001033 
0.215600 0.001913 0.033205 0.022493 0.000727 0.558395 0.013236 0.006809 0.004361 0.021040 0.004208 0.019854 0.000612 0.005126 0.003749 0.038254 0.016334 0.016908 0.000459 0.016717 
0.002640 0.000153 0.000000 0.000000 0.077097 0.000077 0.090833 0.014501 0.000038 0.213384 0.070439 0.002181 0.000000 0.022842 0.003941 0.001339 0.003558 0.001110 0.420225 0.075643 
0.298864 0.000803 0.004438 0.046061 0.000459 0.013926 0.002908 0.015991 0.279047 0.009756 0.000612 0.008149 0.024867 0.044187 0.094304 0.061288 0.042657 0.050958 0.000421 0.000306 
0.118075 0.000344 0.035927 0.116468 0.021235 0.017179 0.040174 0.025826 0.139157 0.092287 0.014654 0.052189 0.000497 0.042394 0.099288 0.044919 0.039103 0.020240 0.012856 0.067187 
0.004017 0.000842 0.000000 0.000000 0.124063 0.000191 0.001186 0.158263 0.000344 0.554552 0.032976 0.000191 0.000230 0.032211 0.000306 0.000268 0.000612 0.085463 0.000344 0.003940 
0.092422 0.024062 0.005776 0.006962 0.008645 0.002372 0.004361 0.030068 0.053211 0.013045 0.003443 0.031598 0.012012 0.014384 0.094832 0.054397 0.514976 0.021155 0.000000 0.012280 
0.174395 0.002487 0.127219 0.170301 0.002066 0.025291 0.063284 0.001224 0.119069 0.006084 0.001110 0.026439 0.007767 0.081956 0.095845 0.074151 0.015572 0.003673 0.000421 0.001645 
0.113364 0.002104 0.007193 0.070743 0.008188 0.032521 0.039982 0.013467 0.147148 0.049661 0.011325 0.048437 0.074416 0.063129 0.191453 0.059073 0.031220 0.028159 0.000191 0.008226 
0.047206 0.008760 0.001033 0.000612 0.029685 0.012471 0.013886 0.170804 0.000268 0.315022 0.009411 0.004705 0.000803 0.009066 0.001760 0.074442 0.135917 0.144027 0.000191 0.019930 
0.047289 0.000650 0.069595 0.014539 0.000497 0.449019 0.020584 0.009029 0.023186 0.006925 0.001722 0.025978 0.213031 0.014845 0.012511 0.048514 0.028045 0.010675 0.001033 0.002334 
0.038025 0.007574 0.164875 0.029264 0.012127 0.042386 0.014154 0.199304 0.077618 0.066294 0.006465 0.042500 0.045522 0.010558 0.018247 0.038025 0.099843 0.083432 0.000344 0.003443 
0.034926 0.078880 0.012853 0.004476 0.004399 0.023832 0.003864 0.020313 0.253242 0.008492 0.003099 0.005891 0.254122 0.119965 0.104395 0.009908 0.020198 0.031751 0.000038 0.005356 
0.088103 0.034430 0.000383 0.000956 0.004438 0.014728 0.001530 0.367789 0.026970 0.073833 0.036190 0.002066 0.007498 0.009985 0.005126 0.001071 0.018707 0.302372 0.000000 0.003826 

MOTIF files/output.4.matrix.0_14
letter-probability matrix: alength= 20 w= 30 nsites= 23308 E= 0.000001
0.039859 0.002489 0.022268 0.017162 0.001502 0.013344 0.014674 0.004677 0.025400 0.027073 0.001759 0.049084 0.128545 0.024799 0.515982 0.016562 0.030248 0.048912 0.002102 0.013558 
0.031277 0.016604 0.025614 0.020036 0.072593 0.434229 0.014330 0.003818 0.016346 0.004119 0.000558 0.018449 0.052300 0.008752 0.018105 0.051227 0.081174 0.041230 0.013772 0.075468 
0.059250 0.000558 0.000686 0.067402 0.144157 0.001716 0.016132 0.017376 0.002917 0.038871 0.011627 0.395229 0.066629 0.071649 0.040973 0.010254 0.020680 0.021023 0.000558 0.012313 
0.077313 0.008280 0.018363 0.055303 0.000257 0.040587 0.001502 0.003046 0.004805 0.017505 0.000215 0.012099 0.454822 0.010254 0.085421 0.021237 0.177536 0.010426 0.000086 0.000944 
0.016905 0.002360 0.024714 0.016905 0.009268 0.009396 0.022268 0.005106 0.012486 0.054876 0.005363 0.018149 0.008152 0.002231 0.170335 0.049213 0.462350 0.018621 0.083108 0.008195 
0.016261 0.012185 0.000129 0.000000 0.011756 0.013901 0.000172 0.099241 0.000000 0.117433 0.022440 0.121037 0.000043 0.000386 0.000772 0.011027 0.028403 0.540310 0.001416 0.003089 
0.013602 0.005578 0.007423 0.388329 0.076636 0.001931 0.000343 0.196524 0.006823 0.100279 0.004849 0.000343 0.000129 0.020811 0.007466 0.002274 0.014460 0.138168 0.002145 0.011886 
0.150807 0.024455 0.000000 0.003003 0.001502 0.000472 0.000257 0.053072 0.000000 0.102154 0.000729 0.000000 0.000000 0.000386 0.014888 0.001931 0.018835 0.626995 0.000000 0.000515 
0.016690 0.008924 0.166810 0.307448 0.004376 0.002102 0.003818 0.081989 0.109404 0.018105 0.003175 0.000772 0.000000 0.010855 0.090398 0.014802 0.018749 0.133774 0.000129 0.007680 
0.011327 0.002574 0.000043 0.057491 0.000257 0.000086 0.000772 0.204308 0.002231 0.166424 0.010983 0.000129 0.000000 0.002617 0.008709 0.002360 0.030290 0.498927 0.000043 0.000429 
0.021709 0.006779 0.020293 0.165308 0.019350 0.020851 0.071220 0.101339 0.052986 0.123262 0.008709 0.001587 0.000000 0.011155 0.056805 0.010426 0.162219 0.078600 0.006736 0.060666 
0.047151 0.042475 0.153338 0.059765 0.003947 0.004419 0.002274 0.001330 0.001115 0.359533 0.000429 0.001502 0.000257 0.007723 0.010511 0.026128 0.270165 0.004719 0.000000 0.003218 
0.070365 0.003819 0.254988 0.324795 0.001244 0.008796 0.011499 0.006007 0.008066 0.005406 0.001845 0.073755 0.000944 0.016175 0.012700 0.161110 0.026988 0.008538 0.000086 0.002875 
0.101939 0.014072 0.364553 0.106015 0.002188 0.079544 0.001115 0.000343 0.004677 0.006779 0.000686 0.112579 0.000000 0.012742 0.006264 0.158272 0.026429 0.000644 0.000000 0.001158 
0.002617 0.000386 0.011113 0.004763 0.000558 0.955162 0.000558 0.000000 0.001545 0.000601 0.000043 0.016434 0.000000 0.000815 0.001373 0.003561 0.000086 0.000043 0.000000 0.000343 
0.122324 0.006522 0.003733 0.007508 0.052731 0.022525 0.085897 0.151285 0.009053 0.050972 0.010426 0.046853 0.003947 0.022354 0.036084 0.086583 0.124769 0.140687 0.000386 0.015360 
0.013043 0.011799 0.002317 0.050326 0.094646 0.000429 0.007980 0.104985 0.063669 0.046937 0.065857 0.000858 0.000257 0.016261 0.024284 0.029732 0.219324 0.225845 0.003518 0.017934 
0.072256 0.000215 0.000043 0.001888 0.001073 0.904917 0.001373 0.000000 0.000257 0.000000 0.000000 0.000000 0.000000 0.001845 0.000000 0.005921 0.004462 0.005149 0.000000 0.000601 
0.009696 0.003046 0.000729 0.003947 0.046722 0.000472 0.017462 0.073022 0.013000 0.070577 0.020722 0.001201 0.000086 0.011670 0.333791 0.040930 0.035524 0.140209 0.126223 0.050970 
0.423932 0.000043 0.000000 0.000000 0.000386 0.563412 0.000000 0.000000 0.000000 0.000000 0.000043 0.000000 0.000000 0.000000 0.000000 0.008538 0.001888 0.001759 0.000000 0.000000 
0.246568 0.029432 0.011412 0.476918 0.004076 0.010640 0.000000 0.058349 0.002102 0.032564 0.023854 0.012270 0.000086 0.007379 0.000987 0.037112 0.016389 0.025142 0.000000 0.004719 
0.259739 0.095246 0.000000 0.000000 0.001115 0.041230 0.000000 0.044706 0.000000 0.000729 0.001545 0.000086 0.054016 0.000129 0.000000 0.039128 0.041188 0.421143 0.000000 0.000000 
0.057796 0.006307 0.000000 0.000043 0.022612 0.003647 0.001630 0.008195 0.000000 0.003390 0.000429 0.000472 0.583455 0.000386 0.000729 0.022955 0.152407 0.098344 0.000000 0.037201 
0.056547 0.002446 0.000000 0.001073 0.000086 0.164107 0.000086 0.026085 0.000000 0.032864 0.002059 0.004290 0.156041 0.001244 0.000129 0.432341 0.080402 0.034709 0.005492 0.000000 
0.013172 0.000300 0.032780 0.065431 0.011241 0.597074 0.006307 0.075685 0.000215 0.032394 0.000729 0.014931 0.009182 0.000043 0.005277 0.011027 0.041661 0.007037 0.000386 0.075128 
0.486485 0.000472 0.014072 0.144242 0.002231 0.170499 0.003733 0.003904 0.004891 0.004634 0.000815 0.000686 0.115025 0.003776 0.005148 0.013815 0.013515 0.006521 0.003089 0.002446 
0.025313 0.000558 0.001459 0.007337 0.009568 0.096705 0.033508 0.004462 0.062554 0.005320 0.016003 0.003003 0.038828 0.003432 0.167410 0.441823 0.006135 0.061095 0.003261 0.012228 
0.078814 0.000300 0.006950 0.007766 0.018663 0.038828 0.006607 0.165008 0.002317 0.056933 0.004333 0.000729 0.014158 0.000215 0.003861 0.003518 0.441780 0.046508 0.003132 0.099580 
0.055818 0.024326 0.008752 0.010426 0.001158 0.525785 0.016861 0.001416 0.006478 0.047580 0.000043 0.031877 0.004462 0.005921 0.092629 0.035181 0.074352 0.004376 0.010039 0.042518 
0.147846 0.000815 0.016046 0.231037 0.018921 0.074438 0.004548 0.023683 0.066415 0.006779 0.004247 0.005191 0.002102 0.080101 0.020980 0.114939 0.078299 0.018277 0.017505 0.067831 

MOTIF files/output.4.matrix.0_25
letter-probability matrix: alength= 20 w= 30 nsites= 18900 E= 0.000001
0.014921 0.004921 0.057407 0.057249 0.000529 0.006243 0.000794 0.428042 0.003386 0.113492 0.038254 0.010847 0.000741 0.002698 0.000317 0.008466 0.073069 0.177090 0.000000 0.001534 
0.389471 0.006931 0.016614 0.279630 0.001640 0.028995 0.005026 0.033228 0.107354 0.009153 0.000794 0.019524 0.000053 0.018519 0.026508 0.020370 0.014762 0.017302 0.000000 0.004127 
0.183069 0.000582 0.062751 0.056772 0.000370 0.011058 0.020635 0.178783 0.253175 0.007831 0.001852 0.041905 0.001270 0.051164 0.052857 0.026138 0.040053 0.008148 0.000106 0.001481 
0.528129 0.003175 0.025033 0.094099 0.001058 0.024398 0.000529 0.082509 0.044827 0.022175 0.012543 0.005187 0.003916 0.056099 0.008256 0.019741 0.028103 0.036888 0.000000 0.003334 
0.309133 0.001799 0.001587 0.007302 0.000053 0.502699 0.000635 0.005556 0.094666 0.005450 0.000635 0.004445 0.000529 0.036723 0.004974 0.006456 0.005133 0.003122 0.000000 0.009101 
0.188466 0.003175 0.021429 0.092434 0.050635 0.017619 0.003757 0.002275 0.031270 0.030952 0.001323 0.004180 0.000582 0.034815 0.077407 0.007196 0.007037 0.001852 0.000159 0.423439 
0.154876 0.001534 0.008466 0.129425 0.000952 0.189058 0.001746 0.011323 0.222975 0.023599 0.012540 0.005133 0.002434 0.018890 0.068258 0.022911 0.074131 0.048468 0.000053 0.003228 
0.179206 0.007725 0.002011 0.008413 0.014868 0.015820 0.022381 0.002381 0.002751 0.155291 0.011058 0.005185 0.300000 0.045026 0.008466 0.015608 0.004868 0.014550 0.001323 0.183069 
0.005027 0.000212 0.017939 0.036884 0.000529 0.754141 0.001905 0.000370 0.009737 0.000794 0.000423 0.013124 0.014394 0.002805 0.005186 0.013970 0.119596 0.000688 0.000318 0.001958 
0.011007 0.000423 0.094618 0.177806 0.085728 0.111023 0.000847 0.089062 0.155210 0.048209 0.017992 0.019897 0.001429 0.018945 0.020744 0.030904 0.053236 0.054612 0.000053 0.008255 
0.035134 0.000000 0.400762 0.136409 0.000106 0.060003 0.004339 0.001005 0.188740 0.001693 0.000847 0.008678 0.010583 0.082332 0.027673 0.031060 0.009842 0.000529 0.000000 0.000265 
0.003016 0.062550 0.000000 0.000000 0.029476 0.000053 0.000000 0.388951 0.000106 0.131238 0.017040 0.000000 0.000212 0.000000 0.005080 0.001640 0.006086 0.352649 0.001799 0.000106 
0.152617 0.008308 0.004974 0.045722 0.049373 0.024713 0.004921 0.002646 0.066836 0.028576 0.257872 0.005821 0.000053 0.016669 0.020956 0.027676 0.081441 0.102979 0.004974 0.092872 
0.002381 0.002752 0.000000 0.000000 0.028522 0.072653 0.000000 0.368875 0.000000 0.403746 0.005556 0.000000 0.001535 0.000053 0.000000 0.010530 0.002699 0.098476 0.000212 0.002011 
0.429940 0.013176 0.000000 0.000000 0.000000 0.537147 0.000000 0.002011 0.000000 0.001058 0.000423 0.000053 0.000000 0.000000 0.000000 0.010213 0.000952 0.005027 0.000000 0.000000 
0.002381 0.168598 0.000000 0.000000 0.030375 0.007409 0.000000 0.035773 0.000000 0.348786 0.286130 0.002911 0.000000 0.000000 0.000000 0.038789 0.073080 0.005768 0.000000 0.000000 
0.000953 0.000000 0.711912 0.000000 0.000635 0.000000 0.000000 0.000053 0.000000 0.008414 0.276128 0.001429 0.000000 0.000000 0.000000 0.000318 0.000106 0.000053 0.000000 0.000000 
0.088585 0.224268 0.000370 0.000053 0.003016 0.002381 0.000000 0.038101 0.000000 0.159761 0.019739 0.001588 0.054612 0.000000 0.000000 0.009949 0.014764 0.382759 0.000000 0.000053 
0.728187 0.047145 0.001058 0.166623 0.000000 0.049950 0.000000 0.000000 0.000000 0.000000 0.000000 0.000000 0.000000 0.000000 0.000000 0.006932 0.000053 0.000053 0.000000 0.000000 
0.418805 0.001058 0.000000 0.000000 0.000000 0.069792 0.000000 0.000053 0.000000 0.000265 0.000212 0.000847 0.005080 0.000000 0.000053 0.377904 0.123604 0.002328 0.000000 0.000000 
0.031587 0.000000 0.000159 0.000159 0.000265 0.015185 0.001534 0.000476 0.017037 0.000000 0.000000 0.010053 0.018095 0.000423 0.014709 0.762646 0.127672 0.000000 0.000000 0.000000 
0.011005 0.000053 0.002328 0.678783 0.003016 0.001799 0.001111 0.054603 0.000317 0.111058 0.000582 0.000847 0.000000 0.002857 0.045450 0.011481 0.005820 0.063915 0.000000 0.004974 
0.113651 0.000212 0.000000 0.000000 0.575873 0.125556 0.000000 0.009365 0.000000 0.078042 0.011111 0.000159 0.000000 0.001376 0.000053 0.048677 0.000952 0.001217 0.018413 0.015344 
0.008519 0.006032 0.000053 0.000212 0.174718 0.004709 0.018467 0.091275 0.017250 0.009948 0.068152 0.000370 0.000053 0.000529 0.002275 0.028203 0.060850 0.051061 0.011165 0.446161 
0.110635 0.001376 0.112116 0.062910 0.000794 0.025979 0.016349 0.025979 0.260635 0.023069 0.008254 0.073968 0.000582 0.010794 0.095661 0.087619 0.052963 0.029101 0.000582 0.000635 
0.246613 0.001852 0.304879 0.088273 0.006298 0.035775 0.003069 0.001058 0.083245 0.000688 0.000212 0.109335 0.068163 0.008414 0.004287 0.026037 0.008732 0.002911 0.000000 0.000159 
0.197650 0.001164 0.050114 0.101233 0.000053 0.462137 0.007991 0.009367 0.042388 0.000900 0.000370 0.023866 0.000159 0.002646 0.002858 0.078690 0.006403 0.011801 0.000053 0.000159 
0.154229 0.004710 0.026940 0.021382 0.035408 0.033926 0.004128 0.017042 0.294538 0.092622 0.013549 0.018683 0.000688 0.031227 0.034455 0.037790 0.086482 0.086747 0.001006 0.004446 
0.004974 0.000370 0.015980 0.004762 0.000265 0.091698 0.147098 0.004392 0.086460 0.040902 0.001323 0.023917 0.062120 0.023970 0.004709 0.009577 0.006085 0.007831 0.000000 0.463570 
0.059792 0.002699 0.178898 0.038362 0.025557 0.013599 0.047727 0.043230 0.085560 0.161067 0.006932 0.046775 0.000317 0.020953 0.016297 0.008254 0.044076 0.151278 0.000159 0.048468 

MOTIF files/output.4.matrix.0_30
letter-probability matrix: alength= 20 w= 30 nsites= 16651 E= 0.000001
0.030330 0.002523 0.079399 0.082943 0.002222 0.001982 0.014535 0.051712 0.031471 0.049970 0.004565 0.507027 0.000060 0.014955 0.016817 0.003544 0.020120 0.084925 0.000120 0.000781 
0.029733 0.001141 0.109443 0.189452 0.000360 0.153952 0.075384 0.002283 0.085115 0.007508 0.000841 0.081031 0.002042 0.030875 0.024267 0.048534 0.150048 0.004986 0.000000 0.003003 
0.027508 0.004745 0.020240 0.280841 0.006607 0.001862 0.089009 0.131231 0.045526 0.024625 0.001742 0.002763 0.069670 0.036637 0.020541 0.009069 0.050390 0.105526 0.002943 0.068529 
0.002823 0.001502 0.000000 0.000120 0.058089 0.000000 0.000000 0.627561 0.000000 0.246651 0.031597 0.000000 0.000000 0.000060 0.000000 0.000360 0.000000 0.026732 0.000000 0.004505 
0.506848 0.006908 0.007148 0.017720 0.030694 0.090521 0.003784 0.017780 0.053340 0.012614 0.007809 0.043669 0.000000 0.012314 0.067035 0.079289 0.024447 0.011713 0.000000 0.006367 
0.023784 0.000060 0.174174 0.174174 0.000000 0.011051 0.019219 0.000480 0.034474 0.001862 0.000000 0.016396 0.414474 0.043243 0.052853 0.023123 0.007868 0.001622 0.000120 0.001021 
0.372455 0.015917 0.003243 0.151721 0.061445 0.007508 0.026128 0.012013 0.040123 0.098865 0.006307 0.020121 0.001021 0.018139 0.024746 0.015977 0.023425 0.027389 0.002162 0.071296 
0.003123 0.002282 0.000000 0.000000 0.003303 0.000000 0.000000 0.191712 0.000000 0.679039 0.005826 0.000000 0.000000 0.000000 0.000000 0.000060 0.000060 0.114535 0.000060 0.000000 
0.025105 0.009610 0.001562 0.066847 0.001201 0.018318 0.005766 0.397778 0.049730 0.139580 0.022282 0.002162 0.000480 0.019159 0.016456 0.012613 0.023844 0.185886 0.000300 0.001321 
0.001802 0.000480 0.014414 0.002703 0.000000 0.965946 0.000661 0.000000 0.001502 0.000420 0.000000 0.008408 0.000000 0.000841 0.000120 0.002162 0.000060 0.000000 0.000000 0.000480 
0.035980 0.006607 0.003003 0.063371 0.054901 0.001021 0.009310 0.029553 0.188551 0.158457 0.147105 0.001261 0.000180 0.121877 0.073162 0.004085 0.010632 0.027871 0.004745 0.058325 
0.007628 0.025465 0.638378 0.092853 0.000901 0.002643 0.001682 0.000180 0.006126 0.003303 0.000300 0.095856 0.025586 0.002042 0.009550 0.079640 0.004805 0.001141 0.000000 0.001922 
0.444024 0.004625 0.000000 0.002282 0.006246 0.010150 0.000000 0.033814 0.000000 0.018018 0.000300 0.000000 0.233694 0.000120 0.000000 0.022943 0.003303 0.218378 0.001862 0.000240 
0.072128 0.006786 0.067143 0.059516 0.096391 0.013152 0.013393 0.028046 0.035013 0.127920 0.020119 0.026125 0.000541 0.011831 0.095069 0.122035 0.171461 0.017056 0.005946 0.010330 
0.027868 0.002042 0.422162 0.170511 0.000360 0.006066 0.008408 0.000300 0.018619 0.013994 0.001622 0.179459 0.000781 0.044745 0.081622 0.015736 0.002943 0.000300 0.001141 0.001321 
0.002282 0.001622 0.000000 0.000480 0.029908 0.000180 0.001201 0.222029 0.000060 0.043961 0.002162 0.005825 0.010029 0.602546 0.006606 0.001261 0.018017 0.030268 0.003303 0.018257 
0.176086 0.001141 0.025104 0.172963 0.001561 0.021080 0.005465 0.028587 0.059996 0.021861 0.007687 0.116510 0.010570 0.046243 0.151342 0.023182 0.042460 0.068825 0.000480 0.018858 
0.235301 0.000901 0.119693 0.088223 0.043301 0.091286 0.023602 0.012852 0.066783 0.112906 0.004384 0.019098 0.004684 0.042940 0.045223 0.019939 0.026185 0.014233 0.000480 0.027986 
0.040240 0.002943 0.001502 0.000000 0.003003 0.000120 0.035075 0.501201 0.000000 0.268649 0.009249 0.008468 0.000000 0.000000 0.001321 0.000240 0.001742 0.126246 0.000000 0.000000 
0.009189 0.006547 0.632913 0.000480 0.020240 0.000841 0.044144 0.002703 0.000661 0.027147 0.059099 0.005646 0.000480 0.001081 0.008168 0.002462 0.012312 0.003003 0.139339 0.023544 
0.105819 0.000360 0.077893 0.085761 0.000601 0.018618 0.029668 0.001261 0.110083 0.028347 0.008588 0.069305 0.000480 0.267612 0.118491 0.017657 0.047324 0.002943 0.000541 0.008648 
0.203964 0.002042 0.012252 0.013874 0.029189 0.005045 0.016517 0.107568 0.090571 0.095976 0.032973 0.001562 0.000120 0.046787 0.099700 0.004745 0.121261 0.096937 0.000180 0.018739 
0.007330 0.000300 0.000120 0.000000 0.011295 0.000000 0.000000 0.036407 0.000000 0.306639 0.609612 0.000841 0.000000 0.000421 0.000000 0.000060 0.002343 0.024632 0.000000 0.000000 
0.008048 0.014293 0.058075 0.017957 0.023362 0.007207 0.012432 0.402618 0.011591 0.137529 0.005345 0.028527 0.000060 0.031049 0.042820 0.004324 0.009549 0.054892 0.009309 0.121014 
0.121614 0.000240 0.193922 0.242448 0.006366 0.018137 0.012972 0.000360 0.093868 0.003483 0.007927 0.032611 0.000300 0.042580 0.156147 0.024383 0.013212 0.002763 0.024503 0.002162 
0.167217 0.010932 0.000360 0.012854 0.003424 0.055979 0.014295 0.031954 0.011833 0.543636 0.007628 0.001081 0.000060 0.018440 0.012373 0.049252 0.032615 0.023665 0.000481 0.001922 
0.028527 0.015374 0.602246 0.000240 0.011171 0.099874 0.000240 0.057174 0.000420 0.059936 0.016516 0.000420 0.000000 0.000781 0.004925 0.023422 0.048586 0.030088 0.000060 0.000000 
0.060184 0.001081 0.032134 0.009310 0.089134 0.574749 0.019160 0.017659 0.029912 0.027930 0.018740 0.005826 0.001862 0.016818 0.032555 0.012914 0.007988 0.020482 0.000240 0.021323 
0.021320 0.000601 0.014714 0.002943 0.019338 0.136568 0.009129 0.000300 0.008468 0.000420 0.000060 0.009189 0.000901 0.001081 0.013333 0.047805 0.576422 0.003423 0.010089 0.123896 
0.036634 0.000541 0.085701 0.197706 0.001321 0.011951 0.016816 0.002342 0.044622 0.002042 0.000781 0.123056 0.227374 0.009549 0.099153 0.014894 0.030569 0.034833 0.014053 0.046063 

MOTIF files/output.4.matrix.0_117
letter-probability matrix: alength= 20 w= 30 nsites= 13248 E= 0.000001
0.000226 0.000151 0.000000 0.000000 0.085755 0.000226 0.000302 0.005813 0.000075 0.003699 0.020231 0.000000 0.000000 0.001510 0.000226 0.000000 0.000000 0.001359 0.275383 0.605043 
0.046426 0.000755 0.005662 0.003774 0.000302 0.249868 0.003246 0.001585 0.073753 0.001887 0.000151 0.016683 0.000226 0.021967 0.066883 0.030196 0.472862 0.002869 0.000830 0.000075 
0.371584 0.094972 0.000000 0.000000 0.000981 0.000679 0.000226 0.019704 0.000151 0.003850 0.000453 0.017892 0.008531 0.003397 0.000377 0.100861 0.185188 0.187604 0.000377 0.003171 
0.000604 0.000075 0.000000 0.000000 0.014343 0.000000 0.000000 0.126670 0.000151 0.001283 0.350343 0.000000 0.000075 0.001057 0.000000 0.000151 0.000302 0.504567 0.000000 0.000377 
0.029074 0.000529 0.000000 0.000000 0.000680 0.000076 0.000000 0.289986 0.000076 0.012762 0.222172 0.000000 0.000000 0.000000 0.000000 0.014801 0.049237 0.380607 0.000000 0.000000 
0.000453 0.000000 0.000000 0.000000 0.000000 0.000000 0.000000 0.000000 0.000075 0.000000 0.000000 0.000000 0.000000 0.000000 0.000000 0.999321 0.000151 0.000000 0.000000 0.000000 
0.012380 0.000000 0.000000 0.000302 0.000000 0.000000 0.987091 0.000000 0.000000 0.000000 0.000000 0.000000 0.000075 0.000000 0.000000 0.000000 0.000075 0.000075 0.000000 0.000000 
0.000000 0.000076 0.000000 0.000000 0.000000 0.000076 0.000378 0.000000 0.000000 0.000000 0.000000 0.000000 0.000000 0.000000 0.999320 0.000151 0.000000 0.000000 0.000000 0.000000 
0.000075 0.000453 0.000075 0.000075 0.000453 0.000151 0.000000 0.000000 0.000000 0.000000 0.000000 0.000000 0.000000 0.000000 0.000000 0.998717 0.000000 0.000000 0.000000 0.000000 
0.002340 0.000000 0.000075 0.000151 0.000000 0.997056 0.000000 0.000000 0.000000 0.000000 0.000000 0.000000 0.000000 0.000000 0.000151 0.000151 0.000000 0.000075 0.000000 0.000000 
0.000000 0.000000 0.006342 0.993205 0.000000 0.000075 0.000000 0.000000 0.000302 0.000000 0.000000 0.000000 0.000000 0.000000 0.000000 0.000075 0.000000 0.000000 0.000000 0.000000 
0.000151 0.000000 0.000000 0.000000 0.000000 0.000000 0.000000 0.000000 0.000000 0.000000 0.000000 0.000528 0.000000 0.000000 0.000000 0.060542 0.938779 0.000000 0.000000 0.000000 
0.014116 0.002265 0.004831 0.929342 0.000000 0.009436 0.000075 0.002642 0.000302 0.000453 0.001283 0.000830 0.007549 0.000000 0.000000 0.004303 0.014267 0.008228 0.000000 0.000075 
0.000000 0.000000 0.991545 0.000226 0.000000 0.000226 0.000000 0.000000 0.000000 0.000000 0.000000 0.005888 0.000000 0.000000 0.000000 0.001132 0.000075 0.000000 0.000000 0.000906 
0.140560 0.003397 0.010870 0.001963 0.000302 0.000528 0.003548 0.000679 0.000151 0.000604 0.000000 0.027327 0.006492 0.000000 0.000377 0.230090 0.499132 0.072696 0.000075 0.001208 
0.001737 0.000151 0.000000 0.000000 0.333711 0.000378 0.000604 0.010117 0.000000 0.001963 0.004002 0.000000 0.000076 0.001737 0.000000 0.010268 0.622499 0.004379 0.001435 0.006946 
0.000151 0.000000 0.000000 0.000000 0.000000 0.000000 0.000000 0.979385 0.000000 0.013592 0.002114 0.000000 0.000000 0.000000 0.000076 0.000000 0.000076 0.004606 0.000000 0.000000 
0.948131 0.000378 0.000000 0.000000 0.000000 0.002794 0.000000 0.000151 0.000000 0.000000 0.000000 0.000000 0.000000 0.000000 0.000000 0.044319 0.000906 0.003322 0.000000 0.000000 
0.000151 0.000000 0.956512 0.000680 0.000000 0.000604 0.039185 0.000000 0.000000 0.000000 0.000000 0.000151 0.000000 0.001133 0.000076 0.001510 0.000000 0.000000 0.000000 0.000000 
0.000151 0.000000 0.000000 0.000000 0.048917 0.000000 0.000000 0.194006 0.000000 0.741149 0.007775 0.000000 0.000000 0.000000 0.000000 0.000000 0.000000 0.007926 0.000000 0.000075 
0.693289 0.002189 0.000000 0.000000 0.000000 0.002869 0.000000 0.000075 0.000000 0.000075 0.000000 0.000000 0.000000 0.000000 0.000000 0.052540 0.018042 0.230920 0.000000 0.000000 
0.001359 0.000075 0.000000 0.000075 0.000000 0.000000 0.000075 0.005662 0.000000 0.001208 0.000000 0.000000 0.000000 0.000000 0.000000 0.000000 0.003623 0.987771 0.000000 0.000151 
0.599985 0.000981 0.000000 0.000075 0.000000 0.398279 0.000000 0.000000 0.000000 0.000000 0.000000 0.000000 0.000000 0.000000 0.000000 0.000679 0.000000 0.000000 0.000000 0.000000 
0.007323 0.006795 0.000151 0.000151 0.015099 0.000151 0.000000 0.017590 0.005738 0.374679 0.022648 0.000000 0.000000 0.000830 0.000075 0.007625 0.460592 0.071418 0.008908 0.000226 
0.114903 0.083950 0.018194 0.005738 0.000075 0.104333 0.002793 0.000000 0.002491 0.000151 0.000830 0.477956 0.000075 0.003926 0.058433 0.115129 0.010418 0.000377 0.000226 0.000000 
0.411187 0.186910 0.000000 0.000000 0.000226 0.009361 0.000000 0.002189 0.000000 0.001736 0.000981 0.000302 0.000151 0.000000 0.000000 0.084849 0.290254 0.011852 0.000000 0.000000 
0.007171 0.016532 0.004831 0.006568 0.000226 0.898166 0.000604 0.000528 0.011776 0.006719 0.012909 0.001887 0.009134 0.002189 0.005360 0.001887 0.012984 0.000453 0.000075 0.000000 
0.001510 0.000000 0.000075 0.033894 0.013135 0.000377 0.015324 0.002491 0.000604 0.007247 0.007398 0.000075 0.000000 0.909564 0.000377 0.000830 0.000151 0.001057 0.000679 0.005209 
0.000151 0.000075 0.000075 0.000000 0.001359 0.000075 0.000000 0.956896 0.000000 0.036008 0.001208 0.000075 0.000000 0.000151 0.000377 0.000302 0.000377 0.002869 0.000000 0.000000 
0.000000 0.000075 0.000151 0.000000 0.000075 0.000151 0.000000 0.000604 0.997433 0.000075 0.000075 0.000075 0.000000 0.000226 0.000453 0.000302 0.000302 0.000000 0.000000 0.000000 

MOTIF files/output.4.matrix.0_141
letter-probability matrix: alength= 20 w= 30 nsites= 13047 E= 0.000001
0.127185 0.000843 0.001380 0.005750 0.001380 0.006286 0.024149 0.000460 0.275222 0.001227 0.000920 0.008050 0.006133 0.004983 0.234361 0.218798 0.076970 0.004293 0.000153 0.001457 
0.001150 0.000077 0.100491 0.847616 0.000000 0.000843 0.021003 0.000230 0.003449 0.000843 0.000307 0.001610 0.000000 0.014717 0.001533 0.001533 0.003526 0.000996 0.000000 0.000077 
0.823701 0.008048 0.000230 0.000077 0.000000 0.118580 0.000000 0.000077 0.000307 0.000000 0.000000 0.000996 0.000000 0.001610 0.003296 0.042695 0.000153 0.000230 0.000000 0.000000 
0.001610 0.000307 0.000000 0.000000 0.010808 0.000000 0.000000 0.083091 0.000000 0.540166 0.232945 0.000000 0.000000 0.000077 0.000000 0.000000 0.000000 0.129082 0.000000 0.001916 
0.001533 0.001533 0.000307 0.017938 0.000537 0.000077 0.000613 0.000460 0.057033 0.000077 0.001763 0.000307 0.000077 0.059180 0.855883 0.001456 0.000307 0.000920 0.000000 0.000000 
0.076192 0.037329 0.000000 0.000613 0.001380 0.000230 0.000537 0.150851 0.014641 0.010808 0.416756 0.000307 0.000077 0.016403 0.001226 0.012571 0.012034 0.014411 0.186954 0.046681 
0.031427 0.053886 0.000153 0.000000 0.000077 0.844627 0.000000 0.013797 0.000000 0.000000 0.000000 0.001763 0.000000 0.000000 0.000000 0.039322 0.002836 0.012111 0.000000 0.000000 
0.546340 0.015255 0.000077 0.000767 0.001380 0.000613 0.000230 0.001303 0.000000 0.000077 0.000383 0.005443 0.000000 0.000153 0.000000 0.241089 0.124952 0.061403 0.000000 0.000537 
0.001610 0.000000 0.004906 0.965581 0.001993 0.001227 0.000460 0.000000 0.003756 0.000997 0.000077 0.012189 0.000000 0.004829 0.000460 0.000077 0.001073 0.000767 0.000000 0.000000 
0.000537 0.002913 0.000000 0.000000 0.000077 0.000000 0.000000 0.255846 0.000000 0.003757 0.000077 0.000000 0.000000 0.000000 0.000000 0.000383 0.079430 0.656981 0.000000 0.000000 
0.000000 0.000077 0.000000 0.000000 0.526981 0.000000 0.000230 0.001533 0.000000 0.001380 0.000000 0.000000 0.000000 0.000000 0.000000 0.000613 0.000077 0.000460 0.000153 0.468496 
0.023072 0.000153 0.000230 0.000307 0.001226 0.001303 0.908708 0.000077 0.001456 0.000613 0.000077 0.001226 0.000000 0.052430 0.001073 0.002146 0.001226 0.000077 0.000996 0.003603 
0.225604 0.011115 0.000077 0.008126 0.003986 0.001840 0.151322 0.009506 0.016251 0.000153 0.003680 0.188271 0.000000 0.011499 0.003143 0.106094 0.231276 0.019701 0.000000 0.008356 
0.000537 0.000000 0.000000 0.000000 0.000000 0.000000 0.000000 0.000537 0.000000 0.998927 0.000000 0.000000 0.000000 0.000000 0.000000 0.000000 0.000000 0.000000 0.000000 0.000000 
0.088937 0.000000 0.000153 0.000920 0.000000 0.015334 0.000690 0.000000 0.821590 0.000000 0.000767 0.000077 0.000000 0.013877 0.048378 0.009277 0.000000 0.000000 0.000000 0.000000 
0.110540 0.000077 0.007666 0.007896 0.000000 0.081257 0.001686 0.004906 0.462169 0.001610 0.000613 0.073821 0.000000 0.012878 0.014028 0.198390 0.012802 0.009352 0.000000 0.000307 
0.013797 0.000920 0.010501 0.045455 0.000537 0.015407 0.000767 0.206577 0.007129 0.133757 0.001916 0.005902 0.000000 0.005366 0.008048 0.003833 0.008815 0.529281 0.000000 0.001993 
0.017323 0.007282 0.000000 0.000077 0.000767 0.000000 0.000000 0.253564 0.000000 0.702514 0.000613 0.000000 0.000077 0.000000 0.000000 0.000307 0.009428 0.008048 0.000000 0.000000 
0.039399 0.000153 0.039476 0.017247 0.000077 0.008125 0.085237 0.005289 0.644949 0.018626 0.001456 0.031734 0.000307 0.019470 0.007742 0.069293 0.005136 0.006055 0.000000 0.000230 
0.205044 0.000000 0.153150 0.208186 0.000460 0.084240 0.001226 0.000613 0.180592 0.000843 0.000000 0.021003 0.000000 0.017170 0.005749 0.109076 0.011268 0.000920 0.000000 0.000460 
0.084547 0.000153 0.021846 0.022842 0.000000 0.004906 0.009888 0.000000 0.539552 0.004752 0.013107 0.013567 0.000000 0.045148 0.225510 0.010885 0.001916 0.000153 0.000077 0.001150 
0.000230 0.000307 0.004293 0.000996 0.073049 0.660892 0.006055 0.000077 0.017860 0.000077 0.000000 0.040625 0.000000 0.002146 0.001073 0.002989 0.000000 0.000000 0.000077 0.189253 
0.001456 0.000537 0.011803 0.003372 0.016939 0.261976 0.092128 0.002376 0.008584 0.415651 0.059631 0.001073 0.000153 0.023607 0.000537 0.000537 0.001226 0.000537 0.000230 0.097647 
0.111758 0.000153 0.003603 0.031811 0.000690 0.020466 0.001380 0.015867 0.074966 0.123793 0.001610 0.195156 0.019240 0.066227 0.002683 0.291354 0.013414 0.025602 0.000000 0.000230 
0.006668 0.002529 0.219744 0.000000 0.000000 0.003679 0.000766 0.004292 0.000000 0.001686 0.000077 0.002759 0.000690 0.000920 0.000077 0.035717 0.705603 0.014793 0.000000 0.000000 
0.552388 0.000460 0.000537 0.000230 0.000000 0.190695 0.000000 0.000000 0.000000 0.000920 0.000000 0.079022 0.000077 0.006132 0.000000 0.144324 0.024143 0.000000 0.000000 0.001073 
0.001456 0.013643 0.000000 0.000000 0.000000 0.029125 0.000000 0.024527 0.003832 0.122863 0.000000 0.000153 0.000000 0.000077 0.000077 0.000766 0.205871 0.597532 0.000000 0.000077 
0.085690 0.000230 0.000000 0.000000 0.000000 0.738101 0.000613 0.000000 0.000000 0.001456 0.000077 0.169311 0.000000 0.000000 0.000000 0.001533 0.000000 0.002989 0.000000 0.000000 
0.000307 0.000000 0.730896 0.000000 0.000000 0.003066 0.000000 0.005672 0.000077 0.001073 0.000153 0.004062 0.000000 0.000000 0.000000 0.000000 0.000000 0.254235 0.000077 0.000383 
0.000230 0.000000 0.003219 0.735188 0.000000 0.261286 0.000000 0.000000 0.000000 0.000000 0.000000 0.000000 0.000000 0.000000 0.000000 0.000000 0.000000 0.000077 0.000000 0.000000 

