MEME version 4

ALPHABET= ACDEFGHIKLMNPQRSTVWY

Background letter frequencies
A 0.1134 C 0.0105 D 0.0638 E 0.0702 F 0.0297 G 0.0889 H 0.0205 I 0.0614 K 0.0495 L 0.0963 
M 0.0246 N 0.036 P 0.0427 Q 0.0317 R 0.0509 S 0.0508 T 0.0505 V 0.0702 W 0.0129 
Y 0.0257 

MOTIF files/output.4.matrix.0_7
letter-probability matrix: alength= 20 w= 30 nsites= 19186 E= 0.000001
0.043113 0.000156 0.040038 0.019758 0.000052 0.023355 0.105516 0.002242 0.085445 0.010531 0.001616 0.434209 0.000261 0.046971 0.069857 0.008862 0.016474 0.009853 0.063393 0.018298 
0.030867 0.009229 0.014964 0.148652 0.003598 0.201940 0.029564 0.003806 0.042442 0.005162 0.055477 0.023046 0.002711 0.177225 0.031753 0.027895 0.049064 0.023255 0.040826 0.078523 
0.167414 0.000782 0.001147 0.008235 0.023402 0.106536 0.006515 0.083134 0.039716 0.107370 0.004118 0.002502 0.026530 0.018347 0.200667 0.096685 0.009121 0.045502 0.034869 0.017409 
0.020277 0.000886 0.025646 0.016159 0.069902 0.004483 0.000261 0.001877 0.013240 0.061040 0.002241 0.004118 0.016733 0.019756 0.000782 0.150646 0.141368 0.070892 0.368536 0.011155 
0.092231 0.000365 0.161887 0.033212 0.000938 0.069917 0.065120 0.001095 0.036496 0.011053 0.000365 0.047810 0.051668 0.027112 0.037487 0.208707 0.117623 0.017362 0.000209 0.019343 
0.173226 0.000365 0.128134 0.188552 0.008810 0.025908 0.002242 0.006933 0.058906 0.056404 0.001460 0.010582 0.074337 0.014075 0.048272 0.036126 0.022781 0.133660 0.002606 0.006620 
0.102007 0.000521 0.089862 0.270837 0.003388 0.037842 0.006046 0.011050 0.075476 0.048840 0.003492 0.034246 0.100860 0.110347 0.018296 0.040500 0.022935 0.013604 0.000938 0.008913 
0.028878 0.000938 0.058486 0.134174 0.016368 0.054055 0.006933 0.003336 0.010999 0.202252 0.162740 0.035029 0.005317 0.097321 0.009174 0.014231 0.071049 0.026376 0.003597 0.058747 
0.539203 0.014024 0.016734 0.010635 0.038682 0.046450 0.000000 0.071265 0.013867 0.100928 0.003597 0.000678 0.000156 0.004796 0.001460 0.023512 0.057710 0.041654 0.000156 0.014493 
0.178936 0.000991 0.130709 0.119708 0.008811 0.019760 0.005318 0.144995 0.103545 0.075391 0.015224 0.021011 0.007091 0.021272 0.039416 0.015485 0.036496 0.050365 0.004901 0.000574 
0.112327 0.001147 0.052228 0.077561 0.035757 0.007089 0.021840 0.021423 0.073912 0.131457 0.015064 0.007819 0.007923 0.045139 0.140370 0.020902 0.038885 0.074798 0.008809 0.105551 
0.073655 0.002450 0.000156 0.003336 0.025125 0.040711 0.012615 0.030546 0.033309 0.203607 0.053117 0.024917 0.000156 0.009904 0.058851 0.001668 0.007141 0.028774 0.068859 0.321101 
0.187865 0.086843 0.004222 0.049312 0.018661 0.044204 0.007298 0.099979 0.077356 0.196935 0.058173 0.002606 0.000104 0.024030 0.010165 0.022779 0.019235 0.089502 0.000000 0.000730 
0.084497 0.000417 0.081109 0.127137 0.001251 0.050042 0.038730 0.004118 0.167327 0.005995 0.001616 0.052231 0.064220 0.103732 0.108319 0.077513 0.025803 0.003180 0.000417 0.002346 
0.156633 0.011624 0.008757 0.102163 0.119208 0.011050 0.018296 0.021684 0.037477 0.240865 0.022518 0.001981 0.036122 0.053688 0.064842 0.013917 0.008496 0.018504 0.040136 0.012041 
0.075439 0.068245 0.000000 0.003441 0.018925 0.005213 0.000000 0.110682 0.000000 0.520724 0.021792 0.000104 0.000000 0.000000 0.000000 0.019134 0.015953 0.138262 0.001199 0.000886 
0.315038 0.000469 0.082929 0.172062 0.000938 0.039614 0.014178 0.003336 0.137034 0.025593 0.000782 0.026271 0.004222 0.037060 0.035705 0.061506 0.009382 0.018765 0.000000 0.015116 
0.092738 0.000261 0.233905 0.164781 0.020070 0.013345 0.013658 0.000417 0.102695 0.003545 0.000521 0.038367 0.144868 0.045561 0.076265 0.029610 0.014648 0.004066 0.000365 0.000313 
0.070833 0.005316 0.002137 0.009695 0.187220 0.032732 0.020849 0.006255 0.007245 0.145106 0.010529 0.022725 0.002919 0.021787 0.004274 0.027312 0.001720 0.012457 0.001772 0.407120 
0.006984 0.000834 0.104295 0.024601 0.000365 0.221151 0.016262 0.000156 0.063901 0.002137 0.000104 0.096424 0.329198 0.026790 0.098301 0.005994 0.002033 0.000156 0.000000 0.000313 
0.001147 0.011989 0.000000 0.000000 0.003075 0.000156 0.000000 0.340891 0.000000 0.227157 0.034767 0.000000 0.144279 0.000000 0.000104 0.000000 0.000261 0.235913 0.000000 0.000261 
0.125821 0.005421 0.074064 0.093662 0.036954 0.001981 0.040029 0.056760 0.034973 0.072657 0.044303 0.005056 0.000365 0.012770 0.016105 0.019650 0.029188 0.273012 0.037527 0.019702 
0.009173 0.000521 0.000000 0.000156 0.181382 0.000104 0.000990 0.002241 0.000000 0.135463 0.092203 0.000000 0.000052 0.000469 0.000052 0.346398 0.003440 0.002606 0.154279 0.070468 
0.014021 0.003961 0.000000 0.000000 0.015376 0.000000 0.000000 0.666215 0.000000 0.146669 0.006359 0.000000 0.000000 0.000000 0.000000 0.000208 0.000000 0.125404 0.005316 0.016470 
0.000000 0.000000 0.000000 1.000000 0.000000 0.000000 0.000000 0.000000 0.000000 0.000000 0.000000 0.000000 0.000000 0.000000 0.000000 0.000000 0.000000 0.000000 0.000000 0.000000 
0.000000 0.000000 0.347754 0.301730 0.000000 0.000000 0.000104 0.000000 0.000000 0.000000 0.000000 0.000000 0.000000 0.350360 0.000000 0.000000 0.000000 0.000052 0.000000 0.000000 
0.037371 0.025748 0.000000 0.000000 0.000104 0.031429 0.000000 0.000469 0.000000 0.001199 0.000000 0.000000 0.896748 0.000000 0.000000 0.000417 0.000000 0.006515 0.000000 0.000000 
0.000938 0.081422 0.000000 0.000000 0.200844 0.013814 0.000000 0.079962 0.000000 0.328607 0.033622 0.000000 0.000000 0.000052 0.000000 0.000626 0.093359 0.163365 0.000104 0.003284 
0.147109 0.000834 0.233436 0.005734 0.013971 0.007402 0.011156 0.024136 0.055257 0.082365 0.001929 0.010113 0.197414 0.021373 0.037637 0.132461 0.002085 0.009696 0.000209 0.005682 
0.228720 0.006046 0.016732 0.182747 0.000990 0.007506 0.004639 0.015429 0.022205 0.001147 0.001512 0.003544 0.177378 0.172114 0.040188 0.059317 0.043680 0.013240 0.000782 0.002085 

MOTIF files/output.4.matrix.0_28
letter-probability matrix: alength= 20 w= 30 nsites= 2463 E= 0.000001
0.136419 0.000000 0.000000 0.001218 0.000000 0.000812 0.000406 0.002436 0.001624 0.000000 0.000406 0.006090 0.000000 0.000406 0.062931 0.637840 0.090540 0.026391 0.031669 0.000812 
0.002030 0.000406 0.008932 0.017458 0.001218 0.000000 0.008526 0.006902 0.250508 0.000000 0.002030 0.000812 0.000000 0.062119 0.611855 0.003248 0.005684 0.008120 0.000000 0.010150 
0.049939 0.000406 0.041413 0.003654 0.000000 0.000000 0.006902 0.019894 0.006496 0.002436 0.001218 0.025173 0.001624 0.000812 0.035729 0.266748 0.524564 0.011774 0.000000 0.001218 
0.072270 0.000406 0.003248 0.618352 0.020706 0.060089 0.061307 0.002842 0.004466 0.000812 0.000812 0.000812 0.000000 0.032887 0.034917 0.025985 0.026391 0.032887 0.000406 0.000406 
0.652862 0.083638 0.000000 0.093382 0.002030 0.001218 0.000000 0.012586 0.000000 0.000812 0.000000 0.000000 0.000000 0.049939 0.009744 0.003654 0.005278 0.084856 0.000000 0.000000 
0.033293 0.046691 0.110434 0.105562 0.000000 0.033293 0.142509 0.006496 0.120585 0.000812 0.000000 0.014616 0.024361 0.019082 0.155907 0.062119 0.044661 0.076330 0.000000 0.003248 
0.009744 0.000000 0.000000 0.000000 0.000812 0.000000 0.000000 0.065367 0.000000 0.006496 0.000406 0.001218 0.000000 0.000000 0.002030 0.017458 0.074706 0.821762 0.000000 0.000000 
0.001624 0.001624 0.000000 0.000000 0.003248 0.000406 0.000000 0.152253 0.000000 0.115713 0.003248 0.002436 0.000000 0.000000 0.000000 0.057247 0.002030 0.659359 0.000406 0.000406 
0.004872 0.000406 0.000000 0.008526 0.002842 0.001624 0.001218 0.075518 0.015022 0.027203 0.002842 0.000406 0.000406 0.005684 0.144133 0.006902 0.155907 0.542022 0.000000 0.004466 
0.089728 0.103532 0.001624 0.004872 0.000000 0.000000 0.000000 0.010556 0.002842 0.011774 0.025173 0.000000 0.000000 0.032481 0.024767 0.002030 0.001624 0.688997 0.000000 0.000000 
0.049533 0.002842 0.002436 0.459196 0.007308 0.002030 0.002842 0.016646 0.015428 0.078360 0.002436 0.001218 0.000000 0.007308 0.058871 0.024767 0.242793 0.013398 0.000000 0.012586 
0.003654 0.012586 0.003654 0.010150 0.000000 0.000812 0.000000 0.389363 0.000406 0.421031 0.005278 0.000000 0.001624 0.000812 0.001624 0.000812 0.016646 0.131547 0.000000 0.000000 
0.033699 0.002436 0.036135 0.508729 0.001624 0.029639 0.012586 0.004872 0.006902 0.060901 0.000812 0.008120 0.000406 0.030045 0.057247 0.107592 0.082826 0.013398 0.000406 0.001624 
0.019488 0.003654 0.166464 0.485587 0.000812 0.010150 0.082014 0.000406 0.021112 0.016646 0.000000 0.006090 0.000000 0.103126 0.044255 0.028015 0.002030 0.002436 0.000406 0.007308 
0.024767 0.000812 0.224523 0.205035 0.000812 0.244417 0.005278 0.001624 0.024361 0.026797 0.001218 0.134795 0.000000 0.034105 0.043849 0.018676 0.008932 0.000000 0.000000 0.000000 
0.021518 0.002436 0.061307 0.033293 0.001218 0.754771 0.005278 0.008932 0.004872 0.003248 0.000000 0.025173 0.007308 0.004872 0.011774 0.024361 0.021924 0.006902 0.000000 0.000812 
0.083266 0.007311 0.000812 0.005280 0.099513 0.004468 0.084078 0.190089 0.039399 0.053209 0.053209 0.015435 0.000000 0.036149 0.028432 0.004874 0.011779 0.261576 0.002031 0.019090 
0.021112 0.004872 0.000000 0.025173 0.007308 0.000406 0.014210 0.132359 0.295168 0.013804 0.004466 0.000812 0.000000 0.029639 0.081202 0.067803 0.153065 0.144539 0.000000 0.004060 
0.185546 0.000000 0.000000 0.000000 0.000000 0.805928 0.000000 0.000000 0.000000 0.000000 0.000000 0.000000 0.000000 0.000000 0.000000 0.006496 0.000000 0.002030 0.000000 0.000000 
0.010150 0.004060 0.000406 0.003654 0.034511 0.000406 0.029639 0.069022 0.003248 0.028421 0.009338 0.000406 0.000812 0.107592 0.231831 0.012180 0.130735 0.158749 0.094600 0.070240 
0.010962 0.000000 0.000000 0.000000 0.000000 0.987820 0.000000 0.000000 0.000000 0.000000 0.000000 0.000000 0.000000 0.000000 0.000000 0.000812 0.000000 0.000406 0.000000 0.000000 
0.000406 0.000000 0.060495 0.934633 0.000000 0.004466 0.000000 0.000000 0.000000 0.000000 0.000000 0.000000 0.000000 0.000000 0.000000 0.000000 0.000000 0.000000 0.000000 0.000000 
0.087698 0.816078 0.000000 0.000000 0.000000 0.028015 0.000000 0.032075 0.000000 0.000000 0.000000 0.000000 0.000000 0.000000 0.000000 0.032481 0.001624 0.002030 0.000000 0.000000 
0.100690 0.000000 0.000000 0.000000 0.000406 0.002030 0.000000 0.002030 0.000406 0.002436 0.000406 0.000000 0.006090 0.000000 0.001218 0.011774 0.544052 0.328461 0.000000 0.000000 
0.099878 0.000000 0.000000 0.002030 0.000000 0.005278 0.000000 0.000000 0.000000 0.000000 0.000000 0.000000 0.864393 0.000000 0.000406 0.019894 0.007714 0.000406 0.000000 0.000000 
0.005278 0.000000 0.000000 0.000000 0.000000 0.000000 0.000406 0.049939 0.000000 0.016646 0.000000 0.034511 0.000000 0.000000 0.000406 0.004466 0.048315 0.075924 0.000000 0.764109 
0.252538 0.000000 0.009744 0.003654 0.000000 0.024361 0.000000 0.000406 0.030045 0.004872 0.000000 0.000812 0.505075 0.062119 0.028827 0.043443 0.008932 0.003654 0.000000 0.021518 
0.000406 0.000000 0.000406 0.006496 0.008120 0.000406 0.052375 0.000000 0.000000 0.000406 0.000000 0.000000 0.000000 0.000000 0.765733 0.000000 0.000000 0.000000 0.025173 0.140479 
0.000000 0.000000 0.000406 0.012180 0.035729 0.000000 0.006090 0.000000 0.000812 0.002842 0.000000 0.000000 0.000000 0.000812 0.002030 0.060495 0.000000 0.000000 0.001218 0.877385 
0.002030 0.000000 0.055217 0.000812 0.000000 0.872513 0.004466 0.000000 0.007308 0.000000 0.000000 0.033293 0.000000 0.017864 0.004060 0.002436 0.000000 0.000000 0.000000 0.000000 

MOTIF files/output.4.matrix.0_73
letter-probability matrix: alength= 20 w= 30 nsites= 8375 E= 0.000001
0.146269 0.012776 0.001433 0.010627 0.019940 0.143522 0.027940 0.085731 0.011582 0.016597 0.049194 0.005612 0.062209 0.113075 0.028537 0.141134 0.003701 0.024119 0.010746 0.085254 
0.020060 0.000000 0.000716 0.000000 0.000358 0.212657 0.000358 0.021731 0.000358 0.092537 0.000597 0.000000 0.000478 0.001194 0.005493 0.011940 0.364179 0.045134 0.186985 0.035224 
0.005254 0.000478 0.022567 0.008239 0.038090 0.015642 0.001672 0.315343 0.000000 0.072478 0.001672 0.000955 0.000478 0.000000 0.000119 0.001910 0.008239 0.304000 0.168478 0.034388 
0.020179 0.001313 0.001433 0.000478 0.002030 0.273791 0.000358 0.017791 0.000597 0.221134 0.002746 0.000716 0.057433 0.000478 0.000119 0.221134 0.009194 0.084179 0.083104 0.001791 
0.022448 0.004299 0.015284 0.002627 0.001313 0.389851 0.033313 0.243821 0.001194 0.054328 0.088955 0.013851 0.000239 0.016478 0.000597 0.003701 0.002388 0.104358 0.000000 0.000955 
0.038930 0.001552 0.310963 0.013016 0.018032 0.247910 0.004299 0.001075 0.032959 0.005732 0.004896 0.064963 0.006329 0.015166 0.001552 0.007882 0.043946 0.021256 0.000000 0.159541 
0.030567 0.000358 0.160478 0.091463 0.000119 0.034985 0.002507 0.001313 0.007761 0.003224 0.000597 0.017552 0.085373 0.002388 0.178507 0.191045 0.184478 0.001075 0.000000 0.006209 
0.028899 0.000000 0.146047 0.044304 0.026869 0.004299 0.012419 0.042751 0.017913 0.077741 0.001194 0.005732 0.505254 0.011225 0.005254 0.004657 0.017316 0.039527 0.000119 0.008479 
0.154985 0.000000 0.236418 0.325731 0.008478 0.030925 0.004657 0.004179 0.013970 0.011701 0.003224 0.021970 0.019701 0.034746 0.006567 0.095642 0.014090 0.012537 0.000000 0.000478 
0.093373 0.001313 0.159045 0.181134 0.035224 0.007284 0.008836 0.020776 0.207284 0.014687 0.007761 0.022328 0.000239 0.140060 0.029493 0.004776 0.030567 0.025672 0.000000 0.010149 
0.043946 0.000000 0.000000 0.000955 0.000000 0.000000 0.000000 0.033914 0.000000 0.203965 0.449367 0.004060 0.000358 0.000717 0.004060 0.001911 0.057679 0.199069 0.000000 0.000000 
0.418269 0.001552 0.000716 0.032716 0.004537 0.032358 0.002507 0.067701 0.065075 0.092896 0.006687 0.001433 0.001075 0.012896 0.123940 0.008716 0.020776 0.094448 0.000000 0.011701 
0.183284 0.001672 0.077254 0.139582 0.005373 0.020776 0.007284 0.004299 0.106627 0.013373 0.002269 0.078209 0.000239 0.078567 0.189731 0.047881 0.021015 0.014209 0.000836 0.007522 
0.124537 0.000836 0.081910 0.120000 0.000955 0.053851 0.005970 0.009791 0.027582 0.188418 0.004896 0.068299 0.000000 0.141731 0.045731 0.105791 0.008119 0.011104 0.000239 0.000239 
0.588657 0.061970 0.000000 0.001194 0.000239 0.004657 0.000000 0.140776 0.000119 0.040716 0.047642 0.000000 0.000000 0.000000 0.007284 0.021970 0.027104 0.057672 0.000000 0.000000 
0.130507 0.002030 0.025313 0.110209 0.000358 0.008716 0.008239 0.016358 0.188179 0.043104 0.001672 0.005970 0.000239 0.115224 0.210507 0.069254 0.028060 0.034746 0.000597 0.000716 
0.171821 0.002149 0.072716 0.270925 0.004060 0.038806 0.002507 0.021493 0.084179 0.018985 0.008000 0.024836 0.000000 0.075224 0.044179 0.071761 0.078687 0.008836 0.000119 0.000716 
0.264597 0.003582 0.000239 0.001194 0.012060 0.011104 0.029731 0.019463 0.110567 0.187224 0.022090 0.000955 0.000000 0.016119 0.060537 0.048597 0.018149 0.038687 0.001672 0.153433 
0.048364 0.003463 0.004418 0.010031 0.010031 0.002388 0.002508 0.121089 0.032959 0.184261 0.028302 0.000239 0.000000 0.014449 0.093623 0.006926 0.008956 0.333294 0.077502 0.017196 
0.242627 0.000000 0.158328 0.245254 0.000478 0.028776 0.007164 0.000716 0.074507 0.003582 0.000955 0.040836 0.000239 0.106746 0.021970 0.053254 0.010507 0.004060 0.000000 0.000000 
0.198806 0.001433 0.081910 0.098985 0.000239 0.010507 0.014925 0.039642 0.103761 0.027104 0.006448 0.038209 0.000000 0.160119 0.161194 0.034866 0.010149 0.002627 0.000119 0.008955 
0.000000 0.000000 0.000836 0.000358 0.000000 0.992357 0.000119 0.000000 0.001433 0.000000 0.000000 0.002866 0.000000 0.000000 0.001075 0.000955 0.000000 0.000000 0.000000 0.000000 
0.147343 0.002388 0.000000 0.000119 0.568478 0.000119 0.009910 0.043940 0.000000 0.015761 0.001910 0.000000 0.000239 0.000358 0.000239 0.000478 0.000836 0.005134 0.025433 0.177313 
0.008358 0.000955 0.115940 0.032358 0.000836 0.061373 0.028418 0.003821 0.150567 0.012657 0.000597 0.068896 0.012060 0.080119 0.142090 0.052896 0.223642 0.003940 0.000000 0.000478 
0.166328 0.106985 0.002269 0.001791 0.002149 0.044896 0.085493 0.028776 0.007403 0.154985 0.006448 0.001791 0.000000 0.048239 0.040955 0.048955 0.157493 0.078567 0.000119 0.016358 
0.001911 0.008479 0.000000 0.000000 0.149152 0.000000 0.000000 0.266420 0.000000 0.368760 0.004299 0.000000 0.000000 0.000119 0.000000 0.000717 0.001075 0.199069 0.000000 0.000000 
0.000000 0.000000 0.000000 0.000000 0.000000 0.000000 0.000000 0.000000 0.983998 0.000000 0.000000 0.000000 0.000000 0.016002 0.000000 0.000000 0.000000 0.000000 0.000000 0.000000 
0.000478 0.003821 0.000000 0.000000 0.015285 0.000239 0.000000 0.207786 0.010509 0.337831 0.218295 0.000000 0.000000 0.015524 0.000000 0.000000 0.003941 0.185933 0.000000 0.000358 
0.000000 0.000000 0.000358 0.000000 0.000000 0.000358 0.000000 0.000000 0.812060 0.000119 0.000000 0.186985 0.000000 0.000000 0.000000 0.000119 0.000000 0.000000 0.000000 0.000000 
0.083343 0.000358 0.000119 0.000000 0.000239 0.136119 0.000000 0.169672 0.000000 0.190209 0.003343 0.000000 0.001194 0.000000 0.000119 0.000000 0.007284 0.408000 0.000000 0.000000 

MOTIF files/output.4.matrix.0_90
letter-probability matrix: alength= 20 w= 30 nsites= 3629 E= 0.000001
0.075503 0.000827 0.010196 0.009093 0.001102 0.155139 0.062276 0.049876 0.049325 0.021769 0.005236 0.033894 0.001653 0.027280 0.147699 0.166988 0.006338 0.170846 0.001929 0.003031 
0.051529 0.000827 0.426013 0.088454 0.000000 0.080738 0.006062 0.002480 0.006062 0.008267 0.001378 0.011573 0.213282 0.017911 0.014605 0.046018 0.022596 0.002204 0.000000 0.000000 
0.153528 0.002481 0.075524 0.049614 0.001929 0.042448 0.001654 0.004961 0.009372 0.031422 0.003859 0.000276 0.020121 0.181367 0.021499 0.373484 0.007718 0.014333 0.003859 0.000551 
0.049063 0.000000 0.002481 0.003308 0.007718 0.009096 0.002756 0.170617 0.001103 0.271499 0.002756 0.001378 0.001654 0.390849 0.000276 0.001378 0.011577 0.065050 0.000000 0.007442 
0.078280 0.001929 0.047409 0.325248 0.008269 0.013782 0.003859 0.007442 0.002205 0.367144 0.005788 0.014057 0.031422 0.039967 0.025634 0.011577 0.004961 0.000827 0.001103 0.009096 
0.119350 0.001654 0.024807 0.023705 0.001654 0.059813 0.011301 0.011025 0.111632 0.004961 0.001103 0.066428 0.010750 0.040243 0.423925 0.026736 0.021775 0.035832 0.000551 0.002756 
0.017089 0.000827 0.018192 0.003583 0.001654 0.469129 0.001378 0.001929 0.000551 0.003308 0.033076 0.004135 0.015436 0.001929 0.006891 0.006064 0.004686 0.013782 0.396362 0.000000 
0.069735 0.001378 0.001654 0.010198 0.016538 0.006064 0.004135 0.261577 0.000551 0.496141 0.042172 0.001654 0.005237 0.000000 0.000827 0.014609 0.005788 0.060364 0.000276 0.001103 
0.008269 0.000551 0.106395 0.007442 0.000000 0.412624 0.000551 0.000276 0.000276 0.056781 0.000000 0.009096 0.000000 0.002205 0.002481 0.101709 0.290518 0.000551 0.000276 0.000000 
0.004686 0.000276 0.000276 0.000000 0.002205 0.001929 0.009647 0.010750 0.032800 0.012128 0.000000 0.000000 0.398291 0.002205 0.518743 0.001378 0.000276 0.000276 0.004135 0.000000 
0.063947 0.000000 0.148015 0.583793 0.002481 0.006615 0.022602 0.007718 0.018467 0.008820 0.003032 0.003308 0.003859 0.047133 0.011025 0.044653 0.017916 0.002756 0.000276 0.003583 
0.168137 0.000000 0.066152 0.166759 0.000551 0.030595 0.008269 0.000551 0.406560 0.001378 0.002756 0.001929 0.000551 0.095645 0.009372 0.011025 0.024256 0.004961 0.000000 0.000551 
0.005788 0.000000 0.000000 0.000000 0.000000 0.383407 0.000000 0.012955 0.001654 0.573043 0.007718 0.000000 0.000000 0.000276 0.000827 0.007166 0.000276 0.006891 0.000000 0.000000 
0.153804 0.000551 0.000551 0.000276 0.003032 0.003032 0.002756 0.008820 0.001929 0.071665 0.004410 0.002756 0.003032 0.459206 0.015160 0.001103 0.001103 0.250276 0.004135 0.012404 
0.063120 0.000276 0.044928 0.036384 0.002205 0.009372 0.019570 0.197078 0.135888 0.011301 0.139471 0.006340 0.006615 0.090684 0.048512 0.088754 0.076075 0.022878 0.000276 0.000276 
0.124587 0.000000 0.006615 0.004135 0.001378 0.001103 0.382856 0.108049 0.003583 0.247519 0.004686 0.000827 0.000000 0.020673 0.066703 0.010474 0.007442 0.008545 0.000551 0.000276 
0.000000 0.000000 0.000000 0.000000 0.001103 0.000000 0.000000 0.004686 0.000000 0.696803 0.293826 0.000000 0.000000 0.000000 0.000000 0.000000 0.000000 0.003583 0.000000 0.000000 
0.386714 0.000000 0.000000 0.004135 0.000000 0.010750 0.003308 0.000000 0.028942 0.001929 0.000827 0.000551 0.515987 0.005513 0.003032 0.026736 0.010474 0.000551 0.000000 0.000551 
0.472161 0.002205 0.000000 0.001378 0.000000 0.018467 0.000276 0.090959 0.000827 0.054300 0.002481 0.001103 0.131477 0.000000 0.011852 0.010474 0.175854 0.026185 0.000000 0.000000 
0.085171 0.003032 0.000000 0.000000 0.000000 0.896086 0.000000 0.000000 0.000551 0.000000 0.000000 0.001103 0.000000 0.000000 0.000551 0.013230 0.000276 0.000000 0.000000 0.000000 
0.927233 0.000276 0.000000 0.000000 0.000000 0.039416 0.000000 0.000000 0.000000 0.000000 0.000000 0.000276 0.002205 0.000000 0.000000 0.028942 0.001378 0.000276 0.000000 0.000000 
0.597574 0.007993 0.000000 0.000000 0.000000 0.002756 0.000000 0.047960 0.000000 0.026185 0.001929 0.000000 0.001929 0.000000 0.000000 0.001378 0.000827 0.311466 0.000000 0.000000 
0.000827 0.000000 0.004961 0.000000 0.000276 0.000000 0.000276 0.052095 0.000000 0.032525 0.008269 0.000000 0.000000 0.000000 0.602811 0.002756 0.000551 0.294653 0.000000 0.000000 
0.000000 0.006341 0.000000 0.000000 0.000276 0.000000 0.001103 0.004411 0.000000 0.002757 0.000000 0.980149 0.000000 0.000000 0.000000 0.004136 0.000827 0.000000 0.000000 0.000000 
0.980425 0.000000 0.000000 0.000000 0.000000 0.004963 0.000000 0.000000 0.000000 0.004687 0.000000 0.000000 0.000000 0.000000 0.000000 0.000551 0.000551 0.008823 0.000000 0.000000 
0.090984 0.000000 0.000000 0.000000 0.006893 0.000827 0.000000 0.139785 0.000000 0.352357 0.007168 0.000000 0.000000 0.004136 0.000276 0.000827 0.001103 0.395644 0.000000 0.000000 
0.000000 0.000000 0.602151 0.000000 0.001654 0.000000 0.000000 0.000000 0.000000 0.000000 0.000000 0.000000 0.006893 0.000000 0.000000 0.000000 0.000000 0.000000 0.389302 0.000000 
0.009923 0.526736 0.397189 0.000000 0.000000 0.000827 0.000000 0.000000 0.000000 0.000551 0.000000 0.000276 0.000000 0.000000 0.000000 0.062845 0.000276 0.001103 0.000276 0.000000 
0.604465 0.000000 0.000000 0.000000 0.000000 0.000000 0.000000 0.009372 0.000000 0.370176 0.014333 0.000000 0.000000 0.000000 0.000000 0.000551 0.000000 0.000827 0.000276 0.000000 
0.107222 0.005237 0.000000 0.000000 0.030871 0.000000 0.000827 0.004135 0.022878 0.579383 0.025910 0.000000 0.000000 0.000000 0.012404 0.000827 0.003308 0.006064 0.176130 0.024807 

MOTIF files/output.4.matrix.0_116
letter-probability matrix: alength= 20 w= 30 nsites= 8415 E= 0.000001
0.051105 0.005467 0.000000 0.000000 0.007963 0.000000 0.006299 0.174115 0.001307 0.239006 0.007488 0.000238 0.023176 0.001902 0.000951 0.001545 0.149869 0.323152 0.000238 0.006180 
0.110411 0.000951 0.004160 0.009389 0.000000 0.003209 0.000713 0.003209 0.017827 0.037200 0.002139 0.004516 0.720228 0.002734 0.048847 0.021749 0.008914 0.003565 0.000119 0.000119 
0.000000 0.000357 0.000000 0.000000 0.017827 0.000000 0.000000 0.584027 0.000000 0.137034 0.009627 0.000000 0.000000 0.000238 0.000000 0.000475 0.004397 0.243166 0.002852 0.000000 
0.224177 0.275764 0.000000 0.000357 0.033520 0.004041 0.000000 0.054677 0.002021 0.049566 0.301795 0.000000 0.000000 0.000000 0.000000 0.001070 0.001426 0.043742 0.000000 0.007845 
0.845139 0.000000 0.000000 0.000000 0.001070 0.006537 0.000000 0.036130 0.000000 0.082838 0.002615 0.000000 0.000000 0.000000 0.000000 0.002020 0.000951 0.022700 0.000000 0.000000 
0.000000 0.000000 1.000000 0.000000 0.000000 0.000000 0.000000 0.000000 0.000000 0.000000 0.000000 0.000000 0.000000 0.000000 0.000000 0.000000 0.000000 0.000000 0.000000 0.000000 
0.000000 0.000000 0.000475 0.999525 0.000000 0.000000 0.000000 0.000000 0.000000 0.000000 0.000000 0.000000 0.000000 0.000000 0.000000 0.000000 0.000000 0.000000 0.000000 0.000000 
0.119919 0.002377 0.017590 0.000238 0.000594 0.034348 0.000475 0.007606 0.021631 0.007012 0.000594 0.007963 0.000475 0.000000 0.000238 0.741383 0.007369 0.012123 0.018065 0.000000 
0.079154 0.288804 0.000000 0.000000 0.006537 0.001307 0.000000 0.210483 0.000000 0.152603 0.004279 0.000000 0.000000 0.000000 0.000000 0.002971 0.003090 0.250773 0.000000 0.000000 
0.042667 0.014737 0.004992 0.048491 0.137865 0.003447 0.290468 0.018065 0.025909 0.016282 0.008557 0.024958 0.007725 0.057761 0.172213 0.009033 0.065605 0.033278 0.011647 0.006299 
0.012123 0.015807 0.097457 0.010696 0.002377 0.140005 0.018303 0.004635 0.061208 0.005467 0.000475 0.025196 0.000475 0.003328 0.092465 0.203114 0.290349 0.015926 0.000000 0.000594 
0.201807 0.004041 0.005111 0.025909 0.016520 0.004160 0.011647 0.015688 0.008557 0.130259 0.004873 0.002496 0.184811 0.003447 0.181602 0.068814 0.032921 0.076777 0.000832 0.019729 
0.146440 0.000357 0.083918 0.246761 0.005705 0.041246 0.035778 0.006062 0.046476 0.018186 0.005943 0.015809 0.007964 0.067039 0.062285 0.141804 0.026625 0.020682 0.000119 0.020801 
0.010815 0.000238 0.617661 0.054433 0.000119 0.011528 0.003803 0.000475 0.004279 0.000951 0.002734 0.054314 0.000238 0.068695 0.002258 0.152365 0.012360 0.002258 0.000238 0.000238 
0.301878 0.002139 0.000119 0.000000 0.004279 0.020204 0.000119 0.095555 0.000119 0.285239 0.030901 0.000000 0.129189 0.000119 0.000475 0.004992 0.004516 0.119444 0.000000 0.000713 
0.099251 0.000713 0.030310 0.050517 0.114822 0.001902 0.020326 0.046832 0.087603 0.189112 0.033044 0.002853 0.079995 0.025199 0.063117 0.025437 0.020207 0.035540 0.001070 0.072150 
0.199548 0.001188 0.052056 0.108272 0.003209 0.044212 0.022700 0.000594 0.109698 0.014024 0.002139 0.043618 0.008319 0.072261 0.234728 0.043618 0.021512 0.011410 0.000713 0.006180 
0.058949 0.035061 0.000475 0.014856 0.023413 0.004397 0.002139 0.145591 0.000000 0.510102 0.005824 0.001070 0.000000 0.000713 0.001070 0.001545 0.000832 0.187545 0.002496 0.003922 
0.349180 0.005229 0.003565 0.005467 0.007131 0.009865 0.016758 0.142501 0.087473 0.076658 0.006418 0.003328 0.001545 0.009983 0.066318 0.009389 0.027217 0.155693 0.000832 0.015450 
0.073924 0.003565 0.085096 0.061802 0.000119 0.247920 0.012836 0.001664 0.100309 0.020561 0.003209 0.021393 0.010221 0.115522 0.176967 0.024840 0.020323 0.018778 0.000000 0.000951 
0.148324 0.012836 0.033753 0.062396 0.007488 0.055740 0.026979 0.013430 0.074638 0.118731 0.029950 0.032089 0.000357 0.046827 0.246375 0.033159 0.028643 0.016758 0.000357 0.011172 
0.029237 0.008082 0.037556 0.041716 0.046232 0.240195 0.050986 0.002852 0.022225 0.001188 0.000475 0.035774 0.001664 0.032327 0.113739 0.007844 0.000951 0.038388 0.000000 0.288567 
0.379605 0.015450 0.161041 0.113739 0.022106 0.059662 0.034229 0.005111 0.001426 0.016401 0.000119 0.016401 0.007012 0.021393 0.005348 0.072142 0.019848 0.007131 0.018541 0.023295 
0.490254 0.064179 0.001545 0.000713 0.006299 0.103637 0.001070 0.023651 0.000713 0.005824 0.165676 0.000713 0.001426 0.000832 0.015213 0.014737 0.017709 0.083551 0.000000 0.002258 
0.014501 0.000594 0.420659 0.003923 0.000951 0.041721 0.027458 0.133365 0.016165 0.001189 0.000000 0.018899 0.010103 0.013075 0.013788 0.051111 0.015928 0.216451 0.000000 0.000119 
0.049578 0.001783 0.000594 0.000238 0.007134 0.017715 0.003686 0.111877 0.025681 0.104149 0.031863 0.359410 0.000119 0.000000 0.001783 0.004399 0.003805 0.255974 0.001070 0.019142 
0.084037 0.000238 0.000000 0.000000 0.166409 0.001070 0.000000 0.472721 0.003447 0.072745 0.005111 0.000000 0.000000 0.000000 0.000000 0.000000 0.000238 0.165102 0.001308 0.027576 
0.159990 0.003209 0.000000 0.000000 0.000000 0.008083 0.000357 0.023892 0.362534 0.003804 0.001308 0.231428 0.000000 0.018305 0.000119 0.034827 0.001664 0.150006 0.000000 0.000475 
0.000713 0.000713 0.005111 0.000000 0.001426 0.000000 0.000000 0.293558 0.000000 0.553601 0.005942 0.000000 0.002020 0.000000 0.000000 0.000000 0.000357 0.135488 0.000000 0.001070 
0.018182 0.001307 0.260844 0.001070 0.000000 0.000357 0.000000 0.000238 0.634343 0.004872 0.056566 0.000000 0.000475 0.001070 0.000475 0.000357 0.008794 0.010933 0.000000 0.000119 

MOTIF files/output.4.matrix.0_146
letter-probability matrix: alength= 20 w= 30 nsites= 13347 E= 0.000001
0.027651 0.001798 0.000000 0.000000 0.000000 0.941851 0.000000 0.000000 0.000225 0.003072 0.000000 0.000075 0.000000 0.000000 0.000075 0.010716 0.014537 0.000000 0.000000 0.000000 
0.000000 0.000000 0.000075 0.000000 0.000000 0.949127 0.000000 0.000000 0.000000 0.000000 0.000000 0.000150 0.000000 0.000000 0.000000 0.050648 0.000000 0.000000 0.000000 0.000000 
0.001124 0.000375 0.000000 0.000000 0.032142 0.000000 0.001349 0.325541 0.000000 0.431707 0.044130 0.000000 0.045104 0.000225 0.000000 0.000000 0.000075 0.112610 0.000000 0.005619 
0.029969 0.002323 0.004795 0.011538 0.020829 0.003671 0.023975 0.020829 0.017907 0.034315 0.003147 0.114108 0.002547 0.033491 0.124747 0.110137 0.386229 0.006968 0.002922 0.045553 
0.087810 0.000000 0.017607 0.544017 0.000000 0.079568 0.014910 0.000974 0.019105 0.000000 0.002248 0.042556 0.064059 0.022777 0.062111 0.013936 0.025998 0.001873 0.000000 0.000450 
0.415224 0.099798 0.000000 0.000225 0.022027 0.032592 0.000075 0.015060 0.000000 0.081816 0.021203 0.042706 0.000000 0.000000 0.000000 0.047052 0.099723 0.111636 0.008541 0.002323 
0.027946 0.019780 0.007792 0.023826 0.006743 0.002248 0.012362 0.057691 0.050423 0.409830 0.022252 0.005994 0.000075 0.073500 0.156290 0.004945 0.006294 0.062935 0.024500 0.024575 
0.231513 0.000824 0.011313 0.130816 0.000899 0.001873 0.008991 0.007942 0.270173 0.042182 0.002847 0.003372 0.000450 0.051397 0.185360 0.019780 0.016408 0.013861 0.000000 0.000000 
0.016783 0.001648 0.000225 0.000974 0.001424 0.000075 0.000150 0.392523 0.000000 0.255788 0.083240 0.003147 0.000075 0.005544 0.000000 0.005394 0.028471 0.154791 0.049749 0.000000 
0.504608 0.004945 0.003147 0.004046 0.001723 0.019555 0.013861 0.113434 0.014235 0.106616 0.032067 0.045928 0.000075 0.004945 0.027572 0.033865 0.004645 0.058815 0.000674 0.005245 
0.281936 0.000300 0.114782 0.063984 0.000674 0.044654 0.040833 0.003372 0.056567 0.109837 0.003222 0.037462 0.000000 0.048625 0.045179 0.059789 0.082191 0.004870 0.000225 0.001498 
0.063010 0.000674 0.016483 0.093204 0.008766 0.000524 0.002547 0.193002 0.016183 0.231288 0.204690 0.000974 0.000225 0.053420 0.018506 0.002622 0.017232 0.061212 0.002398 0.013037 
0.894208 0.077246 0.000000 0.000150 0.000000 0.009365 0.000000 0.004046 0.000000 0.000000 0.000000 0.000000 0.000000 0.000000 0.000000 0.008766 0.003821 0.002398 0.000000 0.000000 
0.146475 0.001199 0.070952 0.328164 0.000375 0.021128 0.038810 0.003297 0.099798 0.013112 0.005245 0.014685 0.000075 0.069304 0.159437 0.016933 0.007567 0.001648 0.000000 0.001798 
0.416198 0.001498 0.012512 0.071851 0.003971 0.010639 0.006968 0.009216 0.152693 0.049225 0.022102 0.007492 0.000749 0.038361 0.037162 0.073949 0.070877 0.013786 0.000000 0.000749 
0.208436 0.017232 0.001573 0.011763 0.133888 0.003971 0.085263 0.001274 0.008167 0.111186 0.012063 0.015509 0.000000 0.076047 0.063760 0.016333 0.001498 0.007342 0.011089 0.213606 
0.001873 0.000000 0.168802 0.010489 0.004945 0.665843 0.011014 0.000000 0.012662 0.000075 0.000000 0.064284 0.000225 0.022852 0.006069 0.018281 0.000000 0.000000 0.000000 0.012587 
0.011990 0.000525 0.000000 0.000000 0.114125 0.000000 0.000150 0.240015 0.013713 0.188010 0.053129 0.000075 0.000000 0.024653 0.013788 0.000599 0.007419 0.319595 0.000674 0.011540 
0.141615 0.000150 0.050127 0.098456 0.000225 0.174884 0.001798 0.003297 0.089390 0.043384 0.013113 0.004945 0.178555 0.039038 0.060243 0.057395 0.037090 0.005395 0.000225 0.000674 
0.043459 0.105350 0.000000 0.000000 0.005395 0.000000 0.000075 0.103027 0.000075 0.316050 0.008542 0.000375 0.002548 0.000000 0.007493 0.014686 0.032444 0.320096 0.038364 0.002023 
0.161034 0.078681 0.000000 0.000000 0.008617 0.013188 0.005021 0.032222 0.000000 0.005170 0.319595 0.000000 0.000000 0.019183 0.000375 0.047808 0.000824 0.120120 0.078456 0.109704 
0.005020 0.026675 0.000000 0.000000 0.010415 0.112618 0.000000 0.146561 0.000000 0.116739 0.070283 0.000150 0.312978 0.000075 0.000075 0.025251 0.004196 0.165443 0.002323 0.001199 
0.004646 0.000000 0.000000 0.000000 0.000000 0.477072 0.416005 0.000000 0.000000 0.000000 0.000000 0.000000 0.000075 0.000000 0.000000 0.047055 0.055073 0.000000 0.000000 0.000075 
0.125066 0.387561 0.000225 0.000000 0.023904 0.096740 0.000000 0.000375 0.000000 0.000824 0.001349 0.028100 0.000000 0.000000 0.000000 0.218734 0.112552 0.003822 0.000000 0.000749 
0.092919 0.000000 0.000000 0.000000 0.004046 0.125365 0.000000 0.000824 0.000599 0.014312 0.444286 0.050356 0.125515 0.001723 0.000150 0.107981 0.006969 0.010341 0.003972 0.010641 
0.014162 0.002173 0.003597 0.000599 0.005170 0.127454 0.000974 0.081897 0.000000 0.419976 0.059568 0.002473 0.002323 0.026825 0.000000 0.094335 0.058594 0.093886 0.000000 0.005994 
0.022102 0.066007 0.032667 0.422267 0.000075 0.203342 0.046527 0.002098 0.000000 0.002922 0.017532 0.001948 0.013861 0.000075 0.000075 0.019780 0.004645 0.144077 0.000000 0.000000 
0.017907 0.001349 0.000075 0.005619 0.000749 0.217652 0.018356 0.007567 0.000000 0.073350 0.004121 0.000150 0.141305 0.000000 0.000000 0.260208 0.182588 0.011613 0.000000 0.057391 
0.037012 0.000524 0.000524 0.000899 0.000225 0.087435 0.035064 0.109163 0.025024 0.120776 0.001049 0.077321 0.031243 0.002622 0.020079 0.390275 0.032292 0.026673 0.000000 0.001798 
0.143403 0.105866 0.000974 0.002323 0.011388 0.004121 0.024875 0.181314 0.000075 0.226643 0.003072 0.003446 0.025549 0.002997 0.063310 0.004795 0.009740 0.134113 0.000974 0.051023 

MOTIF files/output.4.matrix.0_212
letter-probability matrix: alength= 20 w= 30 nsites= 3275 E= 0.000001
0.053435 0.001527 0.313893 0.043969 0.002137 0.002748 0.055267 0.002748 0.051908 0.006718 0.008550 0.014351 0.002137 0.014351 0.162748 0.071450 0.177405 0.011908 0.000000 0.002748 
0.007634 0.000000 0.000916 0.000611 0.304122 0.000000 0.011603 0.031145 0.061374 0.032977 0.007328 0.000000 0.000611 0.000305 0.080916 0.000000 0.000305 0.117863 0.099847 0.242443 
0.188702 0.014351 0.000000 0.000000 0.103511 0.000305 0.014962 0.103817 0.000000 0.050687 0.003359 0.002748 0.009771 0.000611 0.000000 0.010992 0.049160 0.430229 0.000000 0.016794 
0.000000 0.000000 1.000000 0.000000 0.000000 0.000000 0.000000 0.000000 0.000000 0.000000 0.000000 0.000000 0.000000 0.000000 0.000000 0.000000 0.000000 0.000000 0.000000 0.000000 
0.000611 0.000611 0.000000 0.000000 0.069313 0.000000 0.000000 0.012519 0.000000 0.875115 0.036641 0.000000 0.000000 0.000000 0.000000 0.000000 0.000000 0.005191 0.000000 0.000000 
0.000000 0.000000 1.000000 0.000000 0.000000 0.000000 0.000000 0.000000 0.000000 0.000000 0.000000 0.000000 0.000000 0.000000 0.000000 0.000000 0.000000 0.000000 0.000000 0.000000 
0.180458 0.000305 0.000000 0.000000 0.000000 0.680916 0.000000 0.000000 0.000000 0.000000 0.000000 0.000000 0.009466 0.000000 0.000000 0.073588 0.053740 0.001527 0.000000 0.000000 
0.103206 0.003664 0.000000 0.000000 0.001527 0.002748 0.100763 0.012519 0.000000 0.000000 0.000611 0.048244 0.676031 0.000611 0.000000 0.043969 0.001527 0.002137 0.000000 0.002443 
0.028702 0.001832 0.005191 0.001832 0.027176 0.000305 0.000305 0.015267 0.000000 0.688244 0.017099 0.008855 0.000000 0.000000 0.000000 0.032672 0.069313 0.075420 0.021374 0.006412 
0.001527 0.000000 0.016799 0.004582 0.033293 0.002749 0.000916 0.003360 0.000000 0.630727 0.087660 0.045205 0.000611 0.000305 0.000000 0.001527 0.000000 0.000000 0.167990 0.002749 
0.003969 0.051603 0.000000 0.000000 0.017405 0.031450 0.004885 0.105954 0.000000 0.748092 0.014656 0.000000 0.001527 0.005191 0.000000 0.002748 0.006412 0.006107 0.000000 0.000000 
0.461374 0.000611 0.011908 0.019847 0.000000 0.051298 0.000305 0.022290 0.086718 0.013435 0.048550 0.007939 0.000000 0.058931 0.032061 0.132214 0.032366 0.019542 0.000000 0.000611 
0.031145 0.001832 0.106870 0.279084 0.039695 0.011908 0.040916 0.004275 0.065344 0.000916 0.000611 0.103817 0.003053 0.078168 0.141679 0.030229 0.027786 0.022290 0.004580 0.005802 
0.001527 0.000000 0.847939 0.073588 0.000000 0.000305 0.004580 0.000000 0.001832 0.000916 0.000000 0.037252 0.004580 0.003969 0.002748 0.019847 0.000000 0.000916 0.000000 0.000000 
0.015267 0.006412 0.004580 0.003359 0.004580 0.003969 0.008855 0.069313 0.003664 0.034809 0.006107 0.003053 0.385649 0.002137 0.302901 0.006107 0.007328 0.116031 0.002443 0.013435 
0.082137 0.001221 0.090076 0.184122 0.143206 0.001221 0.001832 0.078779 0.007939 0.008244 0.000916 0.007634 0.034198 0.016794 0.000916 0.026870 0.073282 0.159084 0.035420 0.046107 
0.030534 0.002443 0.088550 0.079695 0.008550 0.101069 0.051298 0.024122 0.069008 0.033893 0.001221 0.050687 0.208855 0.033588 0.034504 0.036947 0.098626 0.035725 0.000000 0.010687 
0.054962 0.002443 0.007023 0.010076 0.000000 0.747786 0.000611 0.001221 0.000611 0.007634 0.050076 0.001832 0.050687 0.000916 0.001527 0.060458 0.002137 0.000000 0.000000 0.000000 
0.041527 0.002748 0.002137 0.000916 0.020458 0.254962 0.002748 0.063817 0.015878 0.363053 0.040611 0.003053 0.011298 0.000305 0.000305 0.008244 0.054656 0.109618 0.003664 0.000000 
0.076031 0.004275 0.018626 0.069924 0.036336 0.041832 0.053130 0.092824 0.038168 0.025344 0.007023 0.008550 0.038473 0.018931 0.123053 0.024733 0.056489 0.157863 0.000611 0.107786 
0.011298 0.002137 0.007634 0.045496 0.130687 0.037252 0.018321 0.084885 0.012519 0.063206 0.019542 0.008855 0.000000 0.026870 0.032061 0.059847 0.039084 0.131603 0.014962 0.253740 
0.056794 0.003969 0.129771 0.136794 0.085802 0.066870 0.012824 0.018321 0.024122 0.021679 0.002137 0.022290 0.016794 0.056794 0.075420 0.047939 0.046412 0.070229 0.000611 0.104427 
0.069313 0.020153 0.221679 0.083053 0.009466 0.157557 0.014656 0.007328 0.068092 0.007939 0.000611 0.114504 0.022901 0.029924 0.028092 0.109008 0.023511 0.005191 0.000000 0.007023 
0.042748 0.000916 0.039389 0.080916 0.001221 0.541069 0.002443 0.003053 0.072061 0.002443 0.000305 0.018931 0.001832 0.019237 0.003969 0.161832 0.006107 0.001527 0.000000 0.000000 
0.091298 0.005191 0.009771 0.068092 0.006107 0.083053 0.009771 0.024122 0.129466 0.124580 0.012824 0.028702 0.031450 0.038779 0.092519 0.061985 0.063206 0.099542 0.005191 0.014351 
0.011603 0.008855 0.019237 0.041527 0.011298 0.009160 0.010076 0.217710 0.027481 0.144733 0.038168 0.063511 0.002748 0.040305 0.023511 0.008244 0.028397 0.279389 0.004580 0.009466 
0.018937 0.002443 0.043372 0.015577 0.041234 0.008552 0.076970 0.198534 0.010996 0.149664 0.034820 0.013439 0.000916 0.027184 0.050092 0.045510 0.050397 0.087355 0.010079 0.113928 
0.038473 0.014962 0.010992 0.015573 0.024733 0.007634 0.036336 0.035420 0.032672 0.212214 0.005191 0.003969 0.301374 0.043969 0.030840 0.051908 0.080916 0.026565 0.002443 0.023817 
0.070534 0.001527 0.014351 0.004580 0.063817 0.033282 0.009466 0.066260 0.005496 0.094046 0.024122 0.066870 0.304122 0.002748 0.007634 0.168244 0.016489 0.040305 0.000611 0.005496 
0.094046 0.001221 0.166718 0.121832 0.001527 0.051603 0.004885 0.008550 0.065344 0.022290 0.001832 0.055267 0.111756 0.023511 0.027176 0.104122 0.112672 0.021374 0.002137 0.002137 

