MEME version 4

ALPHABET= ACDEFGHIKLMNPQRSTVWY

Background letter frequencies
A 0.1134 C 0.0105 D 0.0638 E 0.0702 F 0.0297 G 0.0889 H 0.0205 I 0.0614 K 0.0495 L 0.0963 
M 0.0246 N 0.036 P 0.0427 Q 0.0317 R 0.0509 S 0.0508 T 0.0505 V 0.0702 W 0.0129 
Y 0.0257 

MOTIF files/output.4.matrix.0_4
letter-probability matrix: alength= 20 w= 30 nsites= 27996 E= 0.000001
0.179396 0.028863 0.000000 0.000000 0.000929 0.052904 0.002893 0.002429 0.000000 0.458777 0.001393 0.055012 0.000036 0.000036 0.000000 0.129099 0.077552 0.009609 0.000750 0.000321 
0.491784 0.012360 0.000000 0.000000 0.000000 0.454133 0.000000 0.000143 0.000000 0.001072 0.000929 0.000000 0.011645 0.000000 0.000000 0.007359 0.012431 0.008145 0.000000 0.000000 
0.010003 0.006502 0.000000 0.000036 0.028543 0.000036 0.000000 0.197335 0.000000 0.120673 0.003751 0.000000 0.000000 0.000000 0.000036 0.000036 0.010431 0.618655 0.000000 0.003965 
0.000464 0.000000 0.257734 0.202150 0.000071 0.000143 0.000036 0.006751 0.000000 0.004037 0.001036 0.001250 0.000071 0.010538 0.000000 0.477459 0.000071 0.038187 0.000000 0.000000 
0.081410 0.051332 0.000000 0.000429 0.001858 0.003001 0.003572 0.113882 0.000000 0.369365 0.150139 0.050404 0.000143 0.047653 0.000000 0.042581 0.047474 0.036043 0.000107 0.000607 
0.982711 0.006751 0.000000 0.000000 0.000000 0.001322 0.000000 0.000000 0.000000 0.000036 0.000000 0.000000 0.003108 0.000000 0.000000 0.005823 0.000143 0.000107 0.000000 0.000000 
0.097381 0.052477 0.000000 0.000000 0.011860 0.000429 0.000071 0.045619 0.000036 0.385989 0.026935 0.021613 0.000000 0.000000 0.000000 0.005787 0.034830 0.315615 0.000214 0.001143 
0.382318 0.073406 0.000000 0.000000 0.015467 0.000071 0.035399 0.006287 0.000000 0.181997 0.001679 0.001143 0.000036 0.000250 0.000071 0.010359 0.000929 0.003036 0.252152 0.035399 
0.000929 0.000250 0.519681 0.004786 0.000000 0.000036 0.040113 0.000321 0.266931 0.000143 0.000143 0.004322 0.000000 0.006108 0.147521 0.003250 0.000179 0.001857 0.000143 0.003286 
0.535112 0.004358 0.000000 0.000000 0.000679 0.008751 0.000321 0.092085 0.000000 0.322332 0.008680 0.000036 0.000000 0.000036 0.000286 0.001250 0.004108 0.014574 0.007072 0.000321 
0.374103 0.002322 0.002179 0.029470 0.020861 0.112627 0.009323 0.006787 0.079478 0.153670 0.018289 0.002858 0.000000 0.058010 0.009287 0.023433 0.007787 0.032077 0.036185 0.021254 
0.649664 0.011394 0.000071 0.000000 0.000000 0.305901 0.000000 0.000000 0.000000 0.000143 0.000000 0.000000 0.000000 0.000000 0.000000 0.029468 0.003286 0.000071 0.000000 0.000000 
0.166458 0.000750 0.068905 0.080157 0.000857 0.007073 0.007358 0.008787 0.343026 0.008037 0.004715 0.041722 0.000000 0.143740 0.079014 0.015146 0.009537 0.014360 0.000036 0.000321 
0.203815 0.004001 0.023789 0.119088 0.037184 0.004822 0.078440 0.031612 0.062009 0.041399 0.007037 0.003929 0.000036 0.030076 0.108158 0.120946 0.021003 0.050579 0.000893 0.051186 
0.144949 0.009823 0.000857 0.028826 0.012680 0.001250 0.021253 0.008180 0.150736 0.383019 0.009001 0.006537 0.000000 0.043006 0.040970 0.057294 0.022075 0.040863 0.001000 0.017681 
0.010109 0.001179 0.093302 0.055224 0.000214 0.550670 0.008930 0.000036 0.056867 0.000286 0.000536 0.141668 0.000000 0.044115 0.022325 0.011109 0.002750 0.000214 0.000071 0.000393 
0.038258 0.000607 0.000679 0.022040 0.000393 0.000107 0.000286 0.082232 0.085197 0.293884 0.057691 0.000572 0.000000 0.083518 0.020469 0.002143 0.013503 0.298242 0.000036 0.000143 
0.008037 0.000000 0.001857 0.012645 0.000000 0.001250 0.001072 0.000000 0.002108 0.000214 0.000000 0.024147 0.862475 0.002715 0.011073 0.059618 0.012574 0.000000 0.000000 0.000214 
0.016253 0.000893 0.000036 0.000107 0.003858 0.000036 0.000000 0.020719 0.000000 0.632743 0.004465 0.000000 0.000572 0.000036 0.000000 0.000000 0.000750 0.314282 0.005037 0.000214 
0.127429 0.030366 0.000000 0.001000 0.078558 0.000786 0.045049 0.000250 0.000357 0.000250 0.000071 0.000679 0.002465 0.000107 0.001643 0.062875 0.006288 0.011468 0.121606 0.508753 
0.115124 0.000214 0.043363 0.135841 0.000143 0.003286 0.006822 0.001286 0.139984 0.002393 0.003393 0.010466 0.000000 0.170596 0.299007 0.043506 0.017002 0.006680 0.000214 0.000679 
0.004429 0.000357 0.000321 0.000321 0.032469 0.000000 0.149771 0.016967 0.000286 0.435419 0.018788 0.000036 0.000071 0.001965 0.006037 0.003786 0.002393 0.013430 0.003036 0.310116 
0.021039 0.000071 0.000000 0.000000 0.032184 0.000000 0.000000 0.215610 0.000000 0.613931 0.014181 0.000036 0.000000 0.000036 0.000036 0.001893 0.001572 0.081586 0.016539 0.001286 
0.212538 0.001893 0.002286 0.000214 0.000107 0.736596 0.000643 0.000107 0.001215 0.000536 0.001072 0.009609 0.000000 0.004215 0.001607 0.020111 0.001393 0.005251 0.000572 0.000036 
0.020184 0.000464 0.159897 0.106027 0.001286 0.542671 0.001679 0.016683 0.003930 0.035152 0.000929 0.021327 0.030651 0.013075 0.007323 0.013396 0.009610 0.015182 0.000000 0.000536 
0.126344 0.005537 0.019575 0.013360 0.039721 0.118914 0.012859 0.022183 0.046794 0.189570 0.043615 0.013467 0.079371 0.017539 0.072406 0.032220 0.061761 0.067333 0.000357 0.017074 
0.135708 0.008145 0.023505 0.012753 0.016289 0.033722 0.009859 0.008609 0.058834 0.056048 0.005894 0.207330 0.018397 0.084304 0.051118 0.077159 0.058227 0.107737 0.001429 0.024934 
0.217598 0.000607 0.030437 0.017291 0.000750 0.196127 0.017398 0.001429 0.024543 0.010253 0.001643 0.021828 0.108710 0.111496 0.172621 0.026758 0.033831 0.004644 0.000357 0.001679 
0.018255 0.004537 0.138392 0.108706 0.005323 0.015111 0.080270 0.010288 0.086022 0.015861 0.018005 0.139606 0.013325 0.024042 0.159468 0.042654 0.085093 0.019148 0.000107 0.015790 
0.055057 0.003108 0.067241 0.100111 0.001608 0.016649 0.009289 0.051270 0.086070 0.065883 0.011076 0.012969 0.079781 0.045411 0.072564 0.096288 0.101183 0.115510 0.004716 0.004216 

MOTIF files/output.4.matrix.0_6
letter-probability matrix: alength= 20 w= 30 nsites= 8609 E= 0.000001
0.029156 0.000232 0.008712 0.003020 0.000348 0.463236 0.009293 0.015797 0.007550 0.024625 0.000116 0.038680 0.022302 0.000232 0.019282 0.061912 0.056569 0.238936 0.000000 0.000000 
0.136137 0.000697 0.044024 0.022070 0.032989 0.352654 0.030782 0.009525 0.047392 0.026484 0.004298 0.012429 0.049948 0.042281 0.047625 0.073295 0.009641 0.028575 0.003833 0.025322 
0.192750 0.001162 0.083420 0.073893 0.008481 0.084815 0.009876 0.016498 0.077495 0.019170 0.000929 0.034623 0.044266 0.042407 0.225049 0.024631 0.041129 0.015453 0.000000 0.003950 
0.088860 0.000929 0.244279 0.086305 0.000813 0.138576 0.003485 0.001626 0.091764 0.001742 0.000116 0.093507 0.090254 0.005227 0.014171 0.103729 0.031363 0.001742 0.000581 0.000929 
0.040655 0.015333 0.004879 0.006389 0.009641 0.009990 0.001278 0.156813 0.001742 0.309908 0.026949 0.007899 0.081775 0.002439 0.008712 0.013358 0.019398 0.273086 0.007086 0.002672 
0.191311 0.000000 0.218260 0.178302 0.001045 0.023580 0.032292 0.003601 0.059008 0.008596 0.005924 0.018353 0.005924 0.072134 0.113137 0.036241 0.018701 0.012080 0.000000 0.001510 
0.124056 0.000116 0.217215 0.210594 0.000465 0.013358 0.018353 0.006505 0.118481 0.077012 0.004298 0.003485 0.000348 0.069114 0.055407 0.019514 0.042165 0.015217 0.002788 0.001510 
0.098385 0.005576 0.706122 0.042397 0.000000 0.000000 0.000000 0.008363 0.001510 0.003601 0.000813 0.082007 0.000232 0.000465 0.000000 0.001626 0.005111 0.043791 0.000000 0.000000 
0.054013 0.011848 0.000465 0.016146 0.004182 0.000581 0.000697 0.271112 0.006853 0.228714 0.009873 0.000000 0.000000 0.008828 0.027181 0.001510 0.014404 0.341503 0.001045 0.001045 
0.316529 0.000813 0.060750 0.207341 0.000000 0.007434 0.006505 0.001278 0.066326 0.003949 0.000697 0.047625 0.000929 0.024625 0.229876 0.007202 0.010222 0.007550 0.000000 0.000348 
0.017772 0.000813 0.000813 0.009176 0.016146 0.002439 0.157510 0.013126 0.022418 0.023232 0.040190 0.035428 0.002788 0.014520 0.535602 0.016146 0.049367 0.032640 0.002672 0.007202 
0.041701 0.034034 0.000000 0.000000 0.017307 0.001162 0.000000 0.186665 0.000000 0.188291 0.024277 0.000232 0.000000 0.000000 0.000465 0.000000 0.015797 0.490069 0.000000 0.000000 
0.286909 0.001742 0.018818 0.131374 0.002091 0.014868 0.011151 0.055988 0.077826 0.023928 0.000581 0.004298 0.000000 0.045766 0.205250 0.038448 0.055639 0.023232 0.000697 0.001394 
0.517830 0.000813 0.054013 0.062609 0.000929 0.008828 0.004646 0.081078 0.044953 0.046579 0.006505 0.001742 0.000000 0.058660 0.023928 0.033221 0.038680 0.014287 0.000348 0.000348 
0.122793 0.002440 0.000000 0.000000 0.000581 0.000000 0.015567 0.394981 0.000349 0.090265 0.067031 0.000000 0.000000 0.004414 0.000232 0.000000 0.004763 0.293332 0.001743 0.001510 
0.027645 0.006040 0.002555 0.000000 0.000232 0.001162 0.016843 0.007899 0.128586 0.050412 0.002207 0.003020 0.000000 0.002555 0.708096 0.006505 0.005343 0.019979 0.004066 0.006853 
0.083517 0.000232 0.106400 0.473458 0.000116 0.008363 0.002904 0.000465 0.105471 0.000929 0.000465 0.036473 0.000232 0.047625 0.070856 0.052852 0.006389 0.001510 0.000000 0.001742 
0.509002 0.001626 0.002091 0.069230 0.001975 0.012893 0.021721 0.013474 0.061215 0.025787 0.006156 0.002323 0.000000 0.011732 0.079916 0.030549 0.022651 0.126844 0.000465 0.000348 
0.023348 0.052503 0.000000 0.000000 0.073179 0.000813 0.000581 0.177140 0.000348 0.309327 0.018121 0.000000 0.001045 0.000000 0.000000 0.000697 0.004182 0.336857 0.000000 0.001859 
0.011964 0.000000 0.010454 0.010803 0.000000 0.880242 0.000348 0.000000 0.003833 0.000000 0.000000 0.001394 0.059240 0.012777 0.003252 0.004530 0.001045 0.000116 0.000000 0.000000 
0.045069 0.000465 0.206993 0.094901 0.008828 0.047276 0.003252 0.000465 0.050064 0.002672 0.001162 0.081891 0.344872 0.005343 0.015565 0.039958 0.011035 0.001278 0.011500 0.027413 
0.034150 0.001162 0.395865 0.103380 0.000116 0.072366 0.032756 0.000697 0.022186 0.002672 0.003949 0.075967 0.000116 0.038100 0.132071 0.048786 0.021721 0.001162 0.000232 0.012545 
0.180530 0.004647 0.003485 0.000349 0.134061 0.073885 0.001046 0.218866 0.004298 0.015567 0.014173 0.010688 0.003834 0.012082 0.072955 0.004066 0.036594 0.201789 0.000116 0.006970 
0.071437 0.001975 0.080265 0.073412 0.002788 0.084447 0.009525 0.005924 0.098037 0.020792 0.004298 0.010222 0.078871 0.032524 0.133000 0.139505 0.060053 0.010454 0.063422 0.019050 
0.000232 0.000232 0.000000 0.000000 0.074457 0.000000 0.000000 0.306424 0.000000 0.433732 0.018585 0.000000 0.000000 0.000116 0.000000 0.000000 0.000116 0.166105 0.000000 0.000000 
0.126540 0.001975 0.000000 0.000000 0.001511 0.128980 0.000232 0.005694 0.004416 0.005926 0.246805 0.000000 0.000000 0.003370 0.433186 0.003602 0.016268 0.004648 0.000813 0.016035 
0.024509 0.000929 0.000000 0.000000 0.011267 0.001859 0.000000 0.175862 0.000000 0.248112 0.022883 0.000000 0.000116 0.000232 0.000000 0.000116 0.002323 0.498083 0.004530 0.009176 
0.000000 0.000000 0.970961 0.028923 0.000000 0.000000 0.000000 0.000000 0.000000 0.000000 0.000000 0.000116 0.000000 0.000000 0.000000 0.000000 0.000000 0.000000 0.000000 0.000000 
0.489836 0.118829 0.000000 0.000000 0.153560 0.016727 0.002555 0.011732 0.000000 0.003485 0.001742 0.000000 0.005924 0.000000 0.000000 0.000929 0.000232 0.191195 0.001859 0.001394 
0.000000 0.000000 0.000000 0.000000 0.000000 0.000000 0.158787 0.000000 0.000000 0.000000 0.000000 0.723313 0.000000 0.000000 0.000116 0.000232 0.000000 0.000000 0.068649 0.048902 

MOTIF files/output.4.matrix.0_8
letter-probability matrix: alength= 20 w= 30 nsites= 26141 E= 0.000001
0.069936 0.000803 0.181383 0.130920 0.019091 0.038565 0.013123 0.000689 0.211761 0.002296 0.000536 0.049047 0.101538 0.074489 0.060334 0.025939 0.014194 0.002296 0.000383 0.002678 
0.043344 0.003213 0.000727 0.001454 0.171729 0.015647 0.016373 0.012777 0.007039 0.134507 0.007613 0.013504 0.011285 0.006350 0.002831 0.010635 0.001377 0.016756 0.001377 0.521461 
0.009602 0.000459 0.081025 0.022303 0.000536 0.157919 0.011362 0.001913 0.050191 0.002219 0.000153 0.085616 0.500842 0.016335 0.045945 0.005126 0.005279 0.002946 0.000000 0.000230 
0.000956 0.002716 0.000000 0.000000 0.002869 0.000191 0.000038 0.508072 0.000000 0.170773 0.026511 0.000000 0.110826 0.000000 0.000000 0.000000 0.000268 0.176588 0.000000 0.000191 
0.079415 0.005662 0.073218 0.075743 0.031598 0.001836 0.029417 0.174209 0.028767 0.060441 0.033013 0.005509 0.001109 0.006427 0.013963 0.013274 0.019586 0.298191 0.029953 0.018668 
0.007230 0.000612 0.000000 0.000268 0.124402 0.000077 0.000727 0.002869 0.000000 0.125473 0.067595 0.000115 0.000038 0.000038 0.000038 0.489308 0.035156 0.004170 0.122681 0.019204 
0.006159 0.002946 0.000000 0.000000 0.017635 0.000000 0.000000 0.743965 0.000000 0.098428 0.007230 0.000000 0.000000 0.000000 0.000000 0.000230 0.000153 0.101641 0.007689 0.013924 
0.000000 0.000000 0.000038 0.999770 0.000000 0.000000 0.000000 0.000000 0.000191 0.000000 0.000000 0.000000 0.000000 0.000000 0.000000 0.000000 0.000000 0.000000 0.000000 0.000000 
0.000000 0.000000 0.527906 0.192686 0.000000 0.000038 0.000000 0.000000 0.000000 0.000000 0.000000 0.000038 0.000000 0.279293 0.000000 0.000000 0.000000 0.000038 0.000000 0.000000 
0.032133 0.020925 0.000038 0.000000 0.000344 0.285949 0.000000 0.001377 0.000000 0.003787 0.000077 0.000000 0.646226 0.000038 0.000000 0.001454 0.000421 0.006924 0.000268 0.000038 
0.000842 0.023718 0.000000 0.000000 0.149005 0.011094 0.001262 0.059640 0.000115 0.391813 0.130872 0.000153 0.000000 0.004629 0.000000 0.000077 0.068745 0.152257 0.000000 0.005777 
0.178775 0.002525 0.287425 0.005279 0.011056 0.015609 0.036153 0.018096 0.032442 0.059260 0.001033 0.011592 0.152799 0.011171 0.022380 0.139370 0.001569 0.007575 0.000344 0.005547 
0.195823 0.004284 0.004935 0.403542 0.000803 0.003252 0.003252 0.011476 0.019777 0.000995 0.001339 0.000421 0.137064 0.130102 0.034161 0.028920 0.003366 0.012739 0.000842 0.002907 
0.015493 0.000421 0.411094 0.154438 0.000956 0.086687 0.027621 0.004361 0.016373 0.013083 0.000344 0.104591 0.001530 0.043458 0.009296 0.071691 0.009411 0.000689 0.010252 0.018210 
0.014040 0.003826 0.732555 0.022112 0.001109 0.005279 0.024331 0.000000 0.010520 0.002372 0.001645 0.089594 0.000000 0.077238 0.009487 0.002219 0.000497 0.000383 0.000000 0.002793 
0.027275 0.000268 0.083509 0.010214 0.045446 0.000650 0.010749 0.075552 0.002678 0.053403 0.006427 0.012356 0.016067 0.007574 0.027428 0.003366 0.015646 0.053479 0.496385 0.051528 
0.182309 0.000421 0.253549 0.358802 0.001530 0.021693 0.008762 0.002640 0.011325 0.046907 0.002640 0.010407 0.009527 0.017485 0.007614 0.031373 0.012320 0.010368 0.009297 0.001033 
0.215600 0.001913 0.033205 0.022493 0.000727 0.558395 0.013236 0.006809 0.004361 0.021040 0.004208 0.019854 0.000612 0.005126 0.003749 0.038254 0.016334 0.016908 0.000459 0.016717 
0.002640 0.000153 0.000000 0.000000 0.077097 0.000077 0.090833 0.014501 0.000038 0.213384 0.070439 0.002181 0.000000 0.022842 0.003941 0.001339 0.003558 0.001110 0.420225 0.075643 
0.298864 0.000803 0.004438 0.046061 0.000459 0.013926 0.002908 0.015991 0.279047 0.009756 0.000612 0.008149 0.024867 0.044187 0.094304 0.061288 0.042657 0.050958 0.000421 0.000306 
0.118075 0.000344 0.035927 0.116468 0.021235 0.017179 0.040174 0.025826 0.139157 0.092287 0.014654 0.052189 0.000497 0.042394 0.099288 0.044919 0.039103 0.020240 0.012856 0.067187 
0.004017 0.000842 0.000000 0.000000 0.124063 0.000191 0.001186 0.158263 0.000344 0.554552 0.032976 0.000191 0.000230 0.032211 0.000306 0.000268 0.000612 0.085463 0.000344 0.003940 
0.092422 0.024062 0.005776 0.006962 0.008645 0.002372 0.004361 0.030068 0.053211 0.013045 0.003443 0.031598 0.012012 0.014384 0.094832 0.054397 0.514976 0.021155 0.000000 0.012280 
0.174395 0.002487 0.127219 0.170301 0.002066 0.025291 0.063284 0.001224 0.119069 0.006084 0.001110 0.026439 0.007767 0.081956 0.095845 0.074151 0.015572 0.003673 0.000421 0.001645 
0.113364 0.002104 0.007193 0.070743 0.008188 0.032521 0.039982 0.013467 0.147148 0.049661 0.011325 0.048437 0.074416 0.063129 0.191453 0.059073 0.031220 0.028159 0.000191 0.008226 
0.047206 0.008760 0.001033 0.000612 0.029685 0.012471 0.013886 0.170804 0.000268 0.315022 0.009411 0.004705 0.000803 0.009066 0.001760 0.074442 0.135917 0.144027 0.000191 0.019930 
0.047289 0.000650 0.069595 0.014539 0.000497 0.449019 0.020584 0.009029 0.023186 0.006925 0.001722 0.025978 0.213031 0.014845 0.012511 0.048514 0.028045 0.010675 0.001033 0.002334 
0.038025 0.007574 0.164875 0.029264 0.012127 0.042386 0.014154 0.199304 0.077618 0.066294 0.006465 0.042500 0.045522 0.010558 0.018247 0.038025 0.099843 0.083432 0.000344 0.003443 
0.034926 0.078880 0.012853 0.004476 0.004399 0.023832 0.003864 0.020313 0.253242 0.008492 0.003099 0.005891 0.254122 0.119965 0.104395 0.009908 0.020198 0.031751 0.000038 0.005356 
0.088103 0.034430 0.000383 0.000956 0.004438 0.014728 0.001530 0.367789 0.026970 0.073833 0.036190 0.002066 0.007498 0.009985 0.005126 0.001071 0.018707 0.302372 0.000000 0.003826 

MOTIF files/output.4.matrix.0_12
letter-probability matrix: alength= 20 w= 30 nsites= 8108 E= 0.000001
0.038974 0.000987 0.159225 0.109521 0.006537 0.007770 0.024420 0.038234 0.003207 0.055747 0.006043 0.008633 0.055007 0.026024 0.287494 0.010607 0.011717 0.136285 0.000000 0.013567 
0.016034 0.000123 0.030217 0.005427 0.000617 0.000493 0.004070 0.221756 0.071411 0.456709 0.004563 0.006290 0.005057 0.002590 0.018624 0.014184 0.017637 0.109645 0.000247 0.014307 
0.021337 0.002837 0.075234 0.008387 0.067958 0.002220 0.003207 0.028984 0.025407 0.180192 0.000247 0.111741 0.007030 0.001973 0.004933 0.003577 0.369142 0.085471 0.000000 0.000123 
0.043414 0.002837 0.008510 0.025530 0.002837 0.034534 0.008510 0.004440 0.351135 0.020227 0.000617 0.046374 0.124075 0.041071 0.095091 0.030957 0.102368 0.054021 0.000000 0.003453 
0.065491 0.000370 0.073508 0.451529 0.002467 0.074124 0.028244 0.000863 0.007893 0.001357 0.000370 0.109398 0.007770 0.047114 0.016897 0.042427 0.049334 0.020104 0.000000 0.000740 
0.054021 0.000000 0.065984 0.038111 0.002220 0.026270 0.000987 0.010607 0.020104 0.002220 0.001480 0.001357 0.552047 0.023680 0.059694 0.013197 0.004440 0.123458 0.000123 0.000000 
0.009375 0.000123 0.010115 0.001604 0.270137 0.000740 0.007524 0.034291 0.000247 0.495868 0.008264 0.001110 0.091526 0.000370 0.000123 0.002837 0.008758 0.020106 0.009868 0.027014 
0.052171 0.004317 0.059694 0.236433 0.001110 0.004687 0.013814 0.007277 0.057474 0.019240 0.001357 0.018994 0.030464 0.158115 0.145042 0.043537 0.064998 0.078194 0.000863 0.002220 
0.004194 0.005304 0.003330 0.000493 0.116073 0.000493 0.003454 0.451215 0.000123 0.046256 0.041446 0.000370 0.019119 0.001357 0.005551 0.000987 0.012335 0.041939 0.001850 0.244110 
0.065861 0.001110 0.046497 0.199803 0.000123 0.007523 0.017020 0.023680 0.206833 0.000493 0.000493 0.009497 0.001850 0.041441 0.146892 0.041687 0.033917 0.155032 0.000000 0.000247 
0.011963 0.000000 0.438086 0.037987 0.000247 0.249013 0.005920 0.000000 0.015910 0.000123 0.000123 0.199926 0.000493 0.019857 0.007400 0.011717 0.000863 0.000000 0.000000 0.000370 
0.003207 0.000000 0.001110 0.000000 0.151227 0.821512 0.003701 0.000000 0.000370 0.000000 0.000000 0.001727 0.000493 0.000000 0.000370 0.009128 0.000247 0.000000 0.000000 0.006908 
0.049710 0.039595 0.005057 0.094363 0.091896 0.011965 0.072160 0.003207 0.152831 0.060812 0.072653 0.003577 0.000000 0.067966 0.097940 0.042679 0.019736 0.010361 0.001234 0.102257 
0.019487 0.006043 0.000000 0.000000 0.040947 0.000493 0.000000 0.226443 0.000000 0.231130 0.072398 0.000123 0.000000 0.000000 0.000123 0.000000 0.000370 0.400345 0.000000 0.002097 
0.220400 0.002713 0.039714 0.074988 0.004563 0.007400 0.110138 0.016650 0.125185 0.023187 0.003577 0.008140 0.015417 0.139985 0.053281 0.033054 0.064134 0.027380 0.018747 0.011347 
0.045511 0.003453 0.000000 0.000000 0.000247 0.000370 0.000000 0.156759 0.000617 0.141712 0.002837 0.002220 0.064751 0.000000 0.015910 0.000000 0.001603 0.564011 0.000000 0.000000 
0.001727 0.000370 0.001603 0.000000 0.002343 0.024050 0.000247 0.001110 0.000370 0.072891 0.003577 0.002713 0.785520 0.000247 0.009373 0.067341 0.025407 0.000000 0.001110 0.000000 
0.048101 0.000617 0.275777 0.121732 0.000740 0.006043 0.004317 0.000863 0.064011 0.002467 0.012210 0.043907 0.020104 0.114332 0.050814 0.048471 0.181302 0.003823 0.000000 0.000370 
0.247903 0.000000 0.004070 0.027504 0.000000 0.256290 0.000247 0.001850 0.196349 0.010607 0.000740 0.001850 0.000123 0.011347 0.113468 0.009497 0.109891 0.007893 0.000000 0.000370 
0.023804 0.000123 0.002713 0.000370 0.000000 0.005180 0.018130 0.003330 0.002467 0.005550 0.000000 0.002467 0.911445 0.001850 0.000493 0.008757 0.003823 0.006290 0.000000 0.003207 
0.000123 0.000000 0.000000 0.000000 0.000000 0.999383 0.000000 0.000000 0.000000 0.000000 0.000000 0.000000 0.000000 0.000000 0.000123 0.000370 0.000000 0.000000 0.000000 0.000000 
0.000123 0.000000 0.000000 0.000000 0.023310 0.000123 0.011717 0.028614 0.000000 0.917982 0.002713 0.000247 0.000000 0.000000 0.000000 0.000617 0.005550 0.008387 0.000617 0.000000 
0.000247 0.000000 0.000000 0.000000 0.000000 0.999507 0.000000 0.000000 0.000000 0.000000 0.000000 0.000000 0.000000 0.000000 0.000000 0.000247 0.000000 0.000000 0.000000 0.000000 
0.011593 0.001357 0.000000 0.000000 0.027504 0.000247 0.000000 0.311791 0.000000 0.091638 0.005427 0.000000 0.000000 0.000247 0.000123 0.000000 0.000493 0.545387 0.000000 0.004193 
0.042304 0.000493 0.085471 0.630242 0.000000 0.002467 0.003823 0.003330 0.005673 0.001357 0.001233 0.003700 0.000000 0.014430 0.023187 0.031820 0.134928 0.015417 0.000000 0.000123 
0.001727 0.000000 0.000000 0.000000 0.023187 0.006043 0.000000 0.302047 0.000000 0.521954 0.006290 0.000000 0.036384 0.000000 0.000000 0.000000 0.000123 0.102121 0.000123 0.000000 
0.002837 0.000740 0.810557 0.004687 0.000370 0.000247 0.002097 0.002837 0.003577 0.002590 0.000000 0.110878 0.000000 0.000123 0.004440 0.044524 0.002590 0.006783 0.000000 0.000123 
0.009130 0.000000 0.016410 0.412461 0.005429 0.002714 0.013572 0.002468 0.005799 0.026033 0.204812 0.000247 0.044787 0.010857 0.094756 0.005305 0.007403 0.003578 0.127082 0.007156 
0.122718 0.000123 0.446843 0.281327 0.000000 0.013074 0.002960 0.002960 0.019117 0.001850 0.000000 0.008017 0.003947 0.055007 0.012580 0.012210 0.010483 0.006413 0.000000 0.000370 
0.166502 0.007770 0.002220 0.025284 0.015910 0.003207 0.010113 0.004933 0.186359 0.047484 0.016527 0.003700 0.000247 0.243710 0.176616 0.005797 0.007153 0.029230 0.001357 0.045881 

MOTIF files/output.4.matrix.0_14
letter-probability matrix: alength= 20 w= 30 nsites= 23308 E= 0.000001
0.039859 0.002489 0.022268 0.017162 0.001502 0.013344 0.014674 0.004677 0.025400 0.027073 0.001759 0.049084 0.128545 0.024799 0.515982 0.016562 0.030248 0.048912 0.002102 0.013558 
0.031277 0.016604 0.025614 0.020036 0.072593 0.434229 0.014330 0.003818 0.016346 0.004119 0.000558 0.018449 0.052300 0.008752 0.018105 0.051227 0.081174 0.041230 0.013772 0.075468 
0.059250 0.000558 0.000686 0.067402 0.144157 0.001716 0.016132 0.017376 0.002917 0.038871 0.011627 0.395229 0.066629 0.071649 0.040973 0.010254 0.020680 0.021023 0.000558 0.012313 
0.077313 0.008280 0.018363 0.055303 0.000257 0.040587 0.001502 0.003046 0.004805 0.017505 0.000215 0.012099 0.454822 0.010254 0.085421 0.021237 0.177536 0.010426 0.000086 0.000944 
0.016905 0.002360 0.024714 0.016905 0.009268 0.009396 0.022268 0.005106 0.012486 0.054876 0.005363 0.018149 0.008152 0.002231 0.170335 0.049213 0.462350 0.018621 0.083108 0.008195 
0.016261 0.012185 0.000129 0.000000 0.011756 0.013901 0.000172 0.099241 0.000000 0.117433 0.022440 0.121037 0.000043 0.000386 0.000772 0.011027 0.028403 0.540310 0.001416 0.003089 
0.013602 0.005578 0.007423 0.388329 0.076636 0.001931 0.000343 0.196524 0.006823 0.100279 0.004849 0.000343 0.000129 0.020811 0.007466 0.002274 0.014460 0.138168 0.002145 0.011886 
0.150807 0.024455 0.000000 0.003003 0.001502 0.000472 0.000257 0.053072 0.000000 0.102154 0.000729 0.000000 0.000000 0.000386 0.014888 0.001931 0.018835 0.626995 0.000000 0.000515 
0.016690 0.008924 0.166810 0.307448 0.004376 0.002102 0.003818 0.081989 0.109404 0.018105 0.003175 0.000772 0.000000 0.010855 0.090398 0.014802 0.018749 0.133774 0.000129 0.007680 
0.011327 0.002574 0.000043 0.057491 0.000257 0.000086 0.000772 0.204308 0.002231 0.166424 0.010983 0.000129 0.000000 0.002617 0.008709 0.002360 0.030290 0.498927 0.000043 0.000429 
0.021709 0.006779 0.020293 0.165308 0.019350 0.020851 0.071220 0.101339 0.052986 0.123262 0.008709 0.001587 0.000000 0.011155 0.056805 0.010426 0.162219 0.078600 0.006736 0.060666 
0.047151 0.042475 0.153338 0.059765 0.003947 0.004419 0.002274 0.001330 0.001115 0.359533 0.000429 0.001502 0.000257 0.007723 0.010511 0.026128 0.270165 0.004719 0.000000 0.003218 
0.070365 0.003819 0.254988 0.324795 0.001244 0.008796 0.011499 0.006007 0.008066 0.005406 0.001845 0.073755 0.000944 0.016175 0.012700 0.161110 0.026988 0.008538 0.000086 0.002875 
0.101939 0.014072 0.364553 0.106015 0.002188 0.079544 0.001115 0.000343 0.004677 0.006779 0.000686 0.112579 0.000000 0.012742 0.006264 0.158272 0.026429 0.000644 0.000000 0.001158 
0.002617 0.000386 0.011113 0.004763 0.000558 0.955162 0.000558 0.000000 0.001545 0.000601 0.000043 0.016434 0.000000 0.000815 0.001373 0.003561 0.000086 0.000043 0.000000 0.000343 
0.122324 0.006522 0.003733 0.007508 0.052731 0.022525 0.085897 0.151285 0.009053 0.050972 0.010426 0.046853 0.003947 0.022354 0.036084 0.086583 0.124769 0.140687 0.000386 0.015360 
0.013043 0.011799 0.002317 0.050326 0.094646 0.000429 0.007980 0.104985 0.063669 0.046937 0.065857 0.000858 0.000257 0.016261 0.024284 0.029732 0.219324 0.225845 0.003518 0.017934 
0.072256 0.000215 0.000043 0.001888 0.001073 0.904917 0.001373 0.000000 0.000257 0.000000 0.000000 0.000000 0.000000 0.001845 0.000000 0.005921 0.004462 0.005149 0.000000 0.000601 
0.009696 0.003046 0.000729 0.003947 0.046722 0.000472 0.017462 0.073022 0.013000 0.070577 0.020722 0.001201 0.000086 0.011670 0.333791 0.040930 0.035524 0.140209 0.126223 0.050970 
0.423932 0.000043 0.000000 0.000000 0.000386 0.563412 0.000000 0.000000 0.000000 0.000000 0.000043 0.000000 0.000000 0.000000 0.000000 0.008538 0.001888 0.001759 0.000000 0.000000 
0.246568 0.029432 0.011412 0.476918 0.004076 0.010640 0.000000 0.058349 0.002102 0.032564 0.023854 0.012270 0.000086 0.007379 0.000987 0.037112 0.016389 0.025142 0.000000 0.004719 
0.259739 0.095246 0.000000 0.000000 0.001115 0.041230 0.000000 0.044706 0.000000 0.000729 0.001545 0.000086 0.054016 0.000129 0.000000 0.039128 0.041188 0.421143 0.000000 0.000000 
0.057796 0.006307 0.000000 0.000043 0.022612 0.003647 0.001630 0.008195 0.000000 0.003390 0.000429 0.000472 0.583455 0.000386 0.000729 0.022955 0.152407 0.098344 0.000000 0.037201 
0.056547 0.002446 0.000000 0.001073 0.000086 0.164107 0.000086 0.026085 0.000000 0.032864 0.002059 0.004290 0.156041 0.001244 0.000129 0.432341 0.080402 0.034709 0.005492 0.000000 
0.013172 0.000300 0.032780 0.065431 0.011241 0.597074 0.006307 0.075685 0.000215 0.032394 0.000729 0.014931 0.009182 0.000043 0.005277 0.011027 0.041661 0.007037 0.000386 0.075128 
0.486485 0.000472 0.014072 0.144242 0.002231 0.170499 0.003733 0.003904 0.004891 0.004634 0.000815 0.000686 0.115025 0.003776 0.005148 0.013815 0.013515 0.006521 0.003089 0.002446 
0.025313 0.000558 0.001459 0.007337 0.009568 0.096705 0.033508 0.004462 0.062554 0.005320 0.016003 0.003003 0.038828 0.003432 0.167410 0.441823 0.006135 0.061095 0.003261 0.012228 
0.078814 0.000300 0.006950 0.007766 0.018663 0.038828 0.006607 0.165008 0.002317 0.056933 0.004333 0.000729 0.014158 0.000215 0.003861 0.003518 0.441780 0.046508 0.003132 0.099580 
0.055818 0.024326 0.008752 0.010426 0.001158 0.525785 0.016861 0.001416 0.006478 0.047580 0.000043 0.031877 0.004462 0.005921 0.092629 0.035181 0.074352 0.004376 0.010039 0.042518 
0.147846 0.000815 0.016046 0.231037 0.018921 0.074438 0.004548 0.023683 0.066415 0.006779 0.004247 0.005191 0.002102 0.080101 0.020980 0.114939 0.078299 0.018277 0.017505 0.067831 

MOTIF files/output.4.matrix.0_30
letter-probability matrix: alength= 20 w= 30 nsites= 16651 E= 0.000001
0.030330 0.002523 0.079399 0.082943 0.002222 0.001982 0.014535 0.051712 0.031471 0.049970 0.004565 0.507027 0.000060 0.014955 0.016817 0.003544 0.020120 0.084925 0.000120 0.000781 
0.029733 0.001141 0.109443 0.189452 0.000360 0.153952 0.075384 0.002283 0.085115 0.007508 0.000841 0.081031 0.002042 0.030875 0.024267 0.048534 0.150048 0.004986 0.000000 0.003003 
0.027508 0.004745 0.020240 0.280841 0.006607 0.001862 0.089009 0.131231 0.045526 0.024625 0.001742 0.002763 0.069670 0.036637 0.020541 0.009069 0.050390 0.105526 0.002943 0.068529 
0.002823 0.001502 0.000000 0.000120 0.058089 0.000000 0.000000 0.627561 0.000000 0.246651 0.031597 0.000000 0.000000 0.000060 0.000000 0.000360 0.000000 0.026732 0.000000 0.004505 
0.506848 0.006908 0.007148 0.017720 0.030694 0.090521 0.003784 0.017780 0.053340 0.012614 0.007809 0.043669 0.000000 0.012314 0.067035 0.079289 0.024447 0.011713 0.000000 0.006367 
0.023784 0.000060 0.174174 0.174174 0.000000 0.011051 0.019219 0.000480 0.034474 0.001862 0.000000 0.016396 0.414474 0.043243 0.052853 0.023123 0.007868 0.001622 0.000120 0.001021 
0.372455 0.015917 0.003243 0.151721 0.061445 0.007508 0.026128 0.012013 0.040123 0.098865 0.006307 0.020121 0.001021 0.018139 0.024746 0.015977 0.023425 0.027389 0.002162 0.071296 
0.003123 0.002282 0.000000 0.000000 0.003303 0.000000 0.000000 0.191712 0.000000 0.679039 0.005826 0.000000 0.000000 0.000000 0.000000 0.000060 0.000060 0.114535 0.000060 0.000000 
0.025105 0.009610 0.001562 0.066847 0.001201 0.018318 0.005766 0.397778 0.049730 0.139580 0.022282 0.002162 0.000480 0.019159 0.016456 0.012613 0.023844 0.185886 0.000300 0.001321 
0.001802 0.000480 0.014414 0.002703 0.000000 0.965946 0.000661 0.000000 0.001502 0.000420 0.000000 0.008408 0.000000 0.000841 0.000120 0.002162 0.000060 0.000000 0.000000 0.000480 
0.035980 0.006607 0.003003 0.063371 0.054901 0.001021 0.009310 0.029553 0.188551 0.158457 0.147105 0.001261 0.000180 0.121877 0.073162 0.004085 0.010632 0.027871 0.004745 0.058325 
0.007628 0.025465 0.638378 0.092853 0.000901 0.002643 0.001682 0.000180 0.006126 0.003303 0.000300 0.095856 0.025586 0.002042 0.009550 0.079640 0.004805 0.001141 0.000000 0.001922 
0.444024 0.004625 0.000000 0.002282 0.006246 0.010150 0.000000 0.033814 0.000000 0.018018 0.000300 0.000000 0.233694 0.000120 0.000000 0.022943 0.003303 0.218378 0.001862 0.000240 
0.072128 0.006786 0.067143 0.059516 0.096391 0.013152 0.013393 0.028046 0.035013 0.127920 0.020119 0.026125 0.000541 0.011831 0.095069 0.122035 0.171461 0.017056 0.005946 0.010330 
0.027868 0.002042 0.422162 0.170511 0.000360 0.006066 0.008408 0.000300 0.018619 0.013994 0.001622 0.179459 0.000781 0.044745 0.081622 0.015736 0.002943 0.000300 0.001141 0.001321 
0.002282 0.001622 0.000000 0.000480 0.029908 0.000180 0.001201 0.222029 0.000060 0.043961 0.002162 0.005825 0.010029 0.602546 0.006606 0.001261 0.018017 0.030268 0.003303 0.018257 
0.176086 0.001141 0.025104 0.172963 0.001561 0.021080 0.005465 0.028587 0.059996 0.021861 0.007687 0.116510 0.010570 0.046243 0.151342 0.023182 0.042460 0.068825 0.000480 0.018858 
0.235301 0.000901 0.119693 0.088223 0.043301 0.091286 0.023602 0.012852 0.066783 0.112906 0.004384 0.019098 0.004684 0.042940 0.045223 0.019939 0.026185 0.014233 0.000480 0.027986 
0.040240 0.002943 0.001502 0.000000 0.003003 0.000120 0.035075 0.501201 0.000000 0.268649 0.009249 0.008468 0.000000 0.000000 0.001321 0.000240 0.001742 0.126246 0.000000 0.000000 
0.009189 0.006547 0.632913 0.000480 0.020240 0.000841 0.044144 0.002703 0.000661 0.027147 0.059099 0.005646 0.000480 0.001081 0.008168 0.002462 0.012312 0.003003 0.139339 0.023544 
0.105819 0.000360 0.077893 0.085761 0.000601 0.018618 0.029668 0.001261 0.110083 0.028347 0.008588 0.069305 0.000480 0.267612 0.118491 0.017657 0.047324 0.002943 0.000541 0.008648 
0.203964 0.002042 0.012252 0.013874 0.029189 0.005045 0.016517 0.107568 0.090571 0.095976 0.032973 0.001562 0.000120 0.046787 0.099700 0.004745 0.121261 0.096937 0.000180 0.018739 
0.007330 0.000300 0.000120 0.000000 0.011295 0.000000 0.000000 0.036407 0.000000 0.306639 0.609612 0.000841 0.000000 0.000421 0.000000 0.000060 0.002343 0.024632 0.000000 0.000000 
0.008048 0.014293 0.058075 0.017957 0.023362 0.007207 0.012432 0.402618 0.011591 0.137529 0.005345 0.028527 0.000060 0.031049 0.042820 0.004324 0.009549 0.054892 0.009309 0.121014 
0.121614 0.000240 0.193922 0.242448 0.006366 0.018137 0.012972 0.000360 0.093868 0.003483 0.007927 0.032611 0.000300 0.042580 0.156147 0.024383 0.013212 0.002763 0.024503 0.002162 
0.167217 0.010932 0.000360 0.012854 0.003424 0.055979 0.014295 0.031954 0.011833 0.543636 0.007628 0.001081 0.000060 0.018440 0.012373 0.049252 0.032615 0.023665 0.000481 0.001922 
0.028527 0.015374 0.602246 0.000240 0.011171 0.099874 0.000240 0.057174 0.000420 0.059936 0.016516 0.000420 0.000000 0.000781 0.004925 0.023422 0.048586 0.030088 0.000060 0.000000 
0.060184 0.001081 0.032134 0.009310 0.089134 0.574749 0.019160 0.017659 0.029912 0.027930 0.018740 0.005826 0.001862 0.016818 0.032555 0.012914 0.007988 0.020482 0.000240 0.021323 
0.021320 0.000601 0.014714 0.002943 0.019338 0.136568 0.009129 0.000300 0.008468 0.000420 0.000060 0.009189 0.000901 0.001081 0.013333 0.047805 0.576422 0.003423 0.010089 0.123896 
0.036634 0.000541 0.085701 0.197706 0.001321 0.011951 0.016816 0.002342 0.044622 0.002042 0.000781 0.123056 0.227374 0.009549 0.099153 0.014894 0.030569 0.034833 0.014053 0.046063 

MOTIF files/output.4.matrix.0_68
letter-probability matrix: alength= 20 w= 30 nsites= 3174 E= 0.000001
0.088217 0.003781 0.297101 0.003466 0.000315 0.041903 0.000000 0.000000 0.011342 0.004726 0.000000 0.002836 0.367045 0.000315 0.000315 0.013548 0.014493 0.003151 0.000000 0.147448 
0.086326 0.000630 0.415879 0.015438 0.002205 0.007876 0.000000 0.001575 0.000000 0.000000 0.000000 0.005671 0.150284 0.000000 0.001890 0.148393 0.001575 0.000945 0.000000 0.161311 
0.148708 0.003781 0.158475 0.000000 0.000000 0.040328 0.000000 0.000000 0.000000 0.000000 0.000000 0.000630 0.207624 0.000000 0.000630 0.166352 0.004096 0.000315 0.000000 0.269061 
0.284499 0.000630 0.251733 0.000000 0.000000 0.000000 0.000000 0.000000 0.000000 0.000315 0.000000 0.003781 0.001575 0.000000 0.000000 0.264965 0.018904 0.011027 0.000000 0.162571 
0.389414 0.000315 0.001575 0.000000 0.000000 0.000630 0.000945 0.001260 0.000000 0.000000 0.000000 0.000000 0.000000 0.000000 0.000630 0.182420 0.005671 0.014808 0.000000 0.402331 
0.389729 0.000945 0.000000 0.000000 0.004726 0.000000 0.001260 0.001575 0.000000 0.033711 0.000000 0.000000 0.001575 0.000315 0.000000 0.261815 0.022369 0.125394 0.000000 0.156585 
0.385003 0.007561 0.000315 0.004411 0.000000 0.001260 0.001890 0.025835 0.000000 0.006616 0.000630 0.000000 0.000000 0.000000 0.017643 0.025835 0.022999 0.240706 0.000000 0.259294 
0.235035 0.046314 0.000000 0.000945 0.004726 0.000945 0.001575 0.129175 0.000000 0.145873 0.000315 0.000000 0.000315 0.000945 0.003466 0.005041 0.033711 0.238815 0.000000 0.152804 
0.004096 0.007876 0.011027 0.027725 0.001260 0.005041 0.006616 0.083176 0.007246 0.158475 0.000630 0.000000 0.000630 0.000630 0.107435 0.002836 0.035602 0.284184 0.000000 0.255514 
0.010082 0.045999 0.056396 0.059546 0.002205 0.007246 0.015123 0.144928 0.007876 0.235035 0.000630 0.000945 0.000000 0.005986 0.011027 0.001575 0.150914 0.241021 0.000000 0.003466 
0.008822 0.002205 0.144297 0.052930 0.001260 0.010397 0.025520 0.079395 0.017643 0.154064 0.000945 0.005986 0.001260 0.016068 0.129175 0.010082 0.196597 0.139572 0.000000 0.003781 
0.113106 0.000315 0.213611 0.062382 0.002205 0.016383 0.019219 0.034972 0.007876 0.203214 0.000945 0.005986 0.001260 0.006301 0.009452 0.021424 0.256774 0.022684 0.000000 0.001890 
0.074354 0.000945 0.262760 0.073094 0.000000 0.043478 0.036232 0.000630 0.020794 0.003781 0.000630 0.030876 0.040328 0.029616 0.153119 0.029301 0.184625 0.011657 0.000000 0.003781 
0.150599 0.001890 0.304663 0.035287 0.000000 0.045999 0.007561 0.000000 0.003151 0.001890 0.000630 0.008192 0.084121 0.009452 0.004096 0.081916 0.257089 0.003466 0.000000 0.000000 
0.110586 0.000315 0.316005 0.056396 0.000000 0.270636 0.013863 0.000000 0.013548 0.002836 0.000315 0.034972 0.047259 0.024575 0.039698 0.036862 0.023629 0.008507 0.000000 0.000000 
0.155640 0.001890 0.161626 0.036862 0.021424 0.046629 0.055135 0.016698 0.003466 0.237870 0.002836 0.005986 0.116257 0.010712 0.004411 0.081285 0.009767 0.009767 0.000315 0.021424 
0.151859 0.000630 0.092628 0.207624 0.000000 0.264965 0.003466 0.000315 0.051985 0.002836 0.000630 0.011657 0.051040 0.024260 0.015123 0.061752 0.045999 0.011657 0.000000 0.001575 
0.019534 0.000000 0.118463 0.010397 0.021424 0.426591 0.050095 0.016698 0.002205 0.242911 0.002205 0.004411 0.034342 0.007561 0.002520 0.007246 0.003151 0.008507 0.000315 0.021424 
0.087587 0.003781 0.040013 0.176118 0.006301 0.097669 0.350662 0.000315 0.043478 0.000630 0.000315 0.006931 0.006616 0.018273 0.013233 0.045999 0.042218 0.014493 0.000000 0.045369 
0.020794 0.000000 0.000000 0.001575 0.002205 0.827977 0.029301 0.013548 0.000000 0.083491 0.000630 0.000315 0.010397 0.000315 0.000000 0.004726 0.001260 0.002205 0.000000 0.001260 
0.033396 0.003466 0.003466 0.081285 0.115942 0.000000 0.359798 0.005041 0.006931 0.246692 0.056711 0.004096 0.000315 0.010082 0.000630 0.004411 0.013548 0.010082 0.000000 0.044108 
0.070258 0.021109 0.000000 0.000000 0.000000 0.563012 0.000000 0.000000 0.000000 0.000000 0.000000 0.000000 0.000000 0.000000 0.000000 0.007561 0.282924 0.055135 0.000000 0.000000 
0.000945 0.001575 0.000945 0.000000 0.534972 0.000000 0.118463 0.005671 0.000000 0.250158 0.056396 0.001575 0.000000 0.000315 0.000000 0.000315 0.000945 0.002205 0.000000 0.025520 
0.071204 0.023629 0.000000 0.000000 0.000000 0.135161 0.000000 0.000000 0.000000 0.000000 0.000000 0.000000 0.000000 0.000000 0.000000 0.007246 0.705104 0.057656 0.000000 0.000000 
0.000000 0.002836 0.000000 0.000000 0.516383 0.000000 0.000000 0.384373 0.000000 0.076560 0.002205 0.001260 0.000315 0.000000 0.000000 0.000000 0.006301 0.009767 0.000000 0.000000 
0.029301 0.006616 0.000000 0.000000 0.000000 0.417769 0.000000 0.000000 0.000000 0.000000 0.000000 0.000000 0.000000 0.000000 0.000000 0.005356 0.491808 0.049149 0.000000 0.000000 
0.000000 0.002836 0.000000 0.000630 0.152804 0.000000 0.000315 0.391934 0.009452 0.016068 0.000000 0.002205 0.000000 0.000000 0.407372 0.000000 0.006616 0.009767 0.000000 0.000000 
0.000000 0.000000 0.000000 0.000000 0.000000 0.847196 0.000000 0.000000 0.000000 0.000000 0.000000 0.000000 0.000000 0.000000 0.000000 0.000000 0.152804 0.000000 0.000000 0.000000 
0.000000 0.000000 0.000000 0.000630 0.000000 0.000000 0.000315 0.140517 0.009452 0.005041 0.000000 0.397290 0.000000 0.000000 0.419030 0.000315 0.026780 0.000630 0.000000 0.000000 
0.000000 0.000000 0.221487 0.193447 0.000000 0.582231 0.000000 0.000000 0.000000 0.000000 0.000000 0.002836 0.000000 0.000000 0.000000 0.000000 0.000000 0.000000 0.000000 0.000000 

MOTIF files/output.4.matrix.0_112
letter-probability matrix: alength= 20 w= 30 nsites= 5305 E= 0.000001
0.015652 0.004149 0.032623 0.011503 0.000000 0.007166 0.053366 0.012446 0.038469 0.008109 0.000754 0.009617 0.060909 0.079955 0.371111 0.006223 0.004526 0.275127 0.000754 0.007543 
0.157458 0.023572 0.114652 0.000000 0.000189 0.000566 0.000189 0.042617 0.000189 0.528380 0.001509 0.000000 0.000000 0.000377 0.002074 0.022252 0.006223 0.099378 0.000000 0.000377 
0.011691 0.000377 0.041297 0.021120 0.000189 0.005657 0.048275 0.000377 0.000189 0.000189 0.000000 0.005846 0.002640 0.000566 0.562512 0.020366 0.001131 0.000754 0.276824 0.000000 
0.019234 0.000754 0.019234 0.000189 0.003206 0.000566 0.444465 0.000189 0.000000 0.000189 0.022063 0.039789 0.002640 0.003394 0.031680 0.000943 0.277013 0.019989 0.107675 0.006789 
0.004713 0.000000 0.023002 0.334465 0.000189 0.115573 0.000189 0.000377 0.006599 0.296380 0.006033 0.001131 0.000189 0.196078 0.006976 0.001320 0.001131 0.003205 0.000000 0.002451 
0.359917 0.000377 0.010370 0.387443 0.000000 0.029223 0.000000 0.000000 0.120852 0.000189 0.000377 0.001131 0.022436 0.037330 0.000943 0.001885 0.014894 0.012632 0.000000 0.000000 
0.655354 0.000000 0.000377 0.024510 0.022247 0.004148 0.000000 0.003771 0.000000 0.000189 0.002828 0.000189 0.000000 0.000000 0.000000 0.266026 0.011124 0.009238 0.000000 0.000000 
0.033183 0.000377 0.014140 0.002640 0.000377 0.269042 0.000000 0.014140 0.001508 0.369532 0.272813 0.000000 0.002451 0.000189 0.001320 0.001131 0.002640 0.014517 0.000000 0.000000 
0.005656 0.000189 0.371795 0.012443 0.000000 0.000943 0.000377 0.000377 0.000566 0.000000 0.000754 0.142157 0.009992 0.001508 0.000189 0.069947 0.382353 0.000754 0.000000 0.000000 
0.057504 0.000377 0.002262 0.023567 0.000189 0.013198 0.001885 0.002074 0.000189 0.001697 0.000189 0.000000 0.491327 0.000000 0.002828 0.144796 0.248115 0.008107 0.000000 0.001697 
0.209276 0.000189 0.222474 0.431561 0.000189 0.038839 0.001697 0.004148 0.006976 0.000000 0.000754 0.003582 0.005468 0.052225 0.004713 0.008484 0.004148 0.005090 0.000000 0.000189 
0.485860 0.000377 0.002451 0.010181 0.000000 0.091063 0.003017 0.000000 0.134427 0.001131 0.000566 0.001697 0.000000 0.070513 0.113122 0.031109 0.051848 0.002451 0.000000 0.000189 
0.003394 0.022624 0.258861 0.012443 0.000000 0.000000 0.000000 0.189103 0.000000 0.030543 0.024698 0.002074 0.000000 0.000000 0.000000 0.000000 0.000000 0.456259 0.000000 0.000000 
0.058446 0.000000 0.000000 0.000189 0.000000 0.000189 0.000000 0.263763 0.000000 0.014329 0.001508 0.000000 0.000000 0.021305 0.001320 0.000000 0.000377 0.638575 0.000000 0.000000 
0.279600 0.000377 0.064668 0.105581 0.000000 0.007730 0.001320 0.001320 0.011501 0.001508 0.000000 0.006787 0.000000 0.009992 0.499811 0.004525 0.003771 0.001508 0.000000 0.000000 
0.000189 0.000000 0.003205 0.323341 0.003205 0.000000 0.000566 0.002074 0.000189 0.503017 0.000943 0.000377 0.000000 0.157617 0.000000 0.004902 0.000377 0.000000 0.000000 0.000000 
0.959842 0.001320 0.000000 0.000000 0.000000 0.034879 0.000000 0.001131 0.000000 0.000000 0.000000 0.000000 0.000000 0.000000 0.000000 0.000000 0.002451 0.000377 0.000000 0.000000 
0.008673 0.000943 0.001131 0.704940 0.002074 0.003394 0.009427 0.002074 0.042798 0.014894 0.000943 0.001131 0.000000 0.054299 0.144231 0.001885 0.001697 0.004525 0.000000 0.000943 
0.581777 0.001132 0.004339 0.022826 0.000566 0.005471 0.021505 0.001321 0.109602 0.017167 0.006414 0.002452 0.000000 0.025278 0.172043 0.012828 0.012450 0.002264 0.000377 0.000189 
0.407428 0.001131 0.000000 0.000000 0.036576 0.000189 0.000189 0.012066 0.011689 0.062594 0.282051 0.000000 0.000000 0.002640 0.009804 0.109163 0.032051 0.031674 0.000377 0.000377 
0.032240 0.003205 0.000943 0.002640 0.004525 0.001320 0.085973 0.120287 0.031297 0.200980 0.000943 0.003394 0.000000 0.194382 0.034691 0.007730 0.020928 0.064480 0.000000 0.190045 
0.192119 0.000000 0.362179 0.362557 0.000000 0.009238 0.001885 0.000189 0.009804 0.000377 0.000189 0.002640 0.000000 0.029977 0.010181 0.013009 0.005090 0.000566 0.000000 0.000000 
0.070136 0.000189 0.010935 0.091817 0.000377 0.003017 0.014517 0.020362 0.162519 0.115762 0.005090 0.002262 0.000000 0.039970 0.404600 0.011689 0.036576 0.009238 0.000000 0.000943 
0.001508 0.000000 0.000377 0.000000 0.005845 0.027715 0.014894 0.000000 0.061840 0.024133 0.000000 0.003959 0.000000 0.000754 0.183258 0.000189 0.000000 0.000000 0.000000 0.675528 
0.000754 0.000000 0.000000 0.006033 0.000000 0.725113 0.000377 0.000000 0.002074 0.003205 0.000000 0.000000 0.000000 0.002074 0.259238 0.000189 0.000000 0.000000 0.000754 0.000189 
0.003017 0.000000 0.000000 0.000000 0.671757 0.000000 0.271682 0.022247 0.000000 0.000189 0.000377 0.000000 0.000000 0.000000 0.000000 0.000000 0.000000 0.001885 0.000000 0.028846 
0.042609 0.006787 0.031297 0.011124 0.002640 0.023190 0.009992 0.000000 0.250189 0.000000 0.000000 0.279789 0.000000 0.068627 0.194759 0.026395 0.050528 0.001885 0.000189 0.000000 
0.095211 0.000377 0.559955 0.000377 0.001697 0.000189 0.017722 0.086727 0.000000 0.004713 0.000000 0.006033 0.000000 0.002828 0.008861 0.101433 0.072398 0.041478 0.000000 0.000000 
0.000189 0.000000 0.000000 0.000000 0.897832 0.000000 0.000000 0.070311 0.000000 0.028841 0.000000 0.000000 0.000000 0.000000 0.000000 0.000000 0.000000 0.002074 0.000000 0.000754 
0.000000 0.000000 0.000000 0.000000 0.000000 0.000000 0.000000 0.000000 0.999811 0.000000 0.000000 0.000000 0.000000 0.000000 0.000189 0.000000 0.000000 0.000000 0.000000 0.000000 

MOTIF files/output.4.matrix.0_118
letter-probability matrix: alength= 20 w= 30 nsites= 300 E= 0.000001
0.000000 0.000000 1.000000 0.000000 0.000000 0.000000 0.000000 0.000000 0.000000 0.000000 0.000000 0.000000 0.000000 0.000000 0.000000 0.000000 0.000000 0.000000 0.000000 0.000000 
0.187291 0.000000 0.000000 0.000000 0.000000 0.334448 0.000000 0.000000 0.000000 0.000000 0.000000 0.000000 0.000000 0.000000 0.000000 0.010033 0.043478 0.424749 0.000000 0.000000 
0.608696 0.000000 0.000000 0.000000 0.000000 0.000000 0.000000 0.000000 0.000000 0.000000 0.000000 0.000000 0.000000 0.391304 0.000000 0.000000 0.000000 0.000000 0.000000 0.000000 
0.608696 0.000000 0.000000 0.000000 0.000000 0.000000 0.000000 0.153846 0.000000 0.147157 0.000000 0.000000 0.000000 0.000000 0.000000 0.000000 0.000000 0.090301 0.000000 0.000000 
0.000000 0.000000 0.000000 0.000000 0.000000 0.391304 0.000000 0.000000 0.000000 0.000000 0.000000 0.003344 0.000000 0.000000 0.000000 0.003344 0.602007 0.000000 0.000000 0.000000 
0.000000 0.000000 0.000000 0.608696 0.000000 0.000000 0.000000 0.000000 0.000000 0.000000 0.000000 0.000000 0.000000 0.000000 0.000000 0.163880 0.227425 0.000000 0.000000 0.000000 
0.207358 0.000000 0.000000 0.000000 0.608696 0.000000 0.000000 0.013378 0.000000 0.140468 0.020067 0.000000 0.000000 0.000000 0.000000 0.000000 0.000000 0.010033 0.000000 0.000000 
0.046823 0.344482 0.000000 0.000000 0.207358 0.000000 0.033445 0.000000 0.000000 0.000000 0.000000 0.000000 0.000000 0.000000 0.000000 0.000000 0.000000 0.000000 0.000000 0.367893 
0.123746 0.000000 0.000000 0.006689 0.000000 0.000000 0.000000 0.000000 0.000000 0.000000 0.000000 0.000000 0.000000 0.000000 0.000000 0.110368 0.759197 0.000000 0.000000 0.000000 
0.173913 0.000000 0.264214 0.113712 0.000000 0.000000 0.000000 0.016722 0.010033 0.070234 0.000000 0.000000 0.003344 0.006689 0.000000 0.020067 0.026756 0.294314 0.000000 0.000000 
0.311037 0.000000 0.000000 0.006689 0.000000 0.558528 0.000000 0.000000 0.010033 0.000000 0.000000 0.003344 0.000000 0.000000 0.000000 0.010033 0.060201 0.040134 0.000000 0.000000 
0.013378 0.000000 0.026756 0.030100 0.391304 0.000000 0.000000 0.013378 0.033445 0.000000 0.000000 0.000000 0.000000 0.010033 0.003344 0.093645 0.384615 0.000000 0.000000 0.000000 
0.003344 0.000000 0.000000 0.003344 0.000000 0.993311 0.000000 0.000000 0.000000 0.000000 0.000000 0.000000 0.000000 0.000000 0.000000 0.000000 0.000000 0.000000 0.000000 0.000000 
0.244147 0.003344 0.000000 0.000000 0.000000 0.000000 0.000000 0.000000 0.000000 0.000000 0.000000 0.000000 0.000000 0.000000 0.000000 0.110368 0.033445 0.000000 0.000000 0.608696 
0.551839 0.000000 0.000000 0.000000 0.000000 0.000000 0.006689 0.000000 0.204013 0.000000 0.000000 0.020067 0.000000 0.003344 0.013378 0.083612 0.016722 0.100334 0.000000 0.000000 
0.000000 0.000000 0.000000 0.000000 0.782609 0.000000 0.093645 0.000000 0.000000 0.000000 0.000000 0.000000 0.000000 0.000000 0.000000 0.003344 0.000000 0.000000 0.000000 0.120401 
0.043478 0.000000 0.043478 0.789298 0.000000 0.000000 0.003344 0.000000 0.003344 0.000000 0.000000 0.000000 0.016722 0.023411 0.073579 0.003344 0.000000 0.000000 0.000000 0.000000 
0.093645 0.000000 0.000000 0.000000 0.000000 0.404682 0.010033 0.000000 0.167224 0.210702 0.000000 0.016722 0.000000 0.003344 0.063545 0.016722 0.010033 0.000000 0.003344 0.000000 
0.036789 0.000000 0.000000 0.160535 0.000000 0.003344 0.000000 0.000000 0.063545 0.000000 0.013378 0.003344 0.000000 0.053512 0.006689 0.173913 0.464883 0.020067 0.000000 0.000000 
0.030100 0.006689 0.020067 0.013378 0.000000 0.000000 0.000000 0.020067 0.023411 0.003344 0.000000 0.073579 0.000000 0.000000 0.000000 0.311037 0.404682 0.093645 0.000000 0.000000 
0.006689 0.000000 0.000000 0.000000 0.000000 0.000000 0.026756 0.000000 0.033445 0.006689 0.003344 0.000000 0.000000 0.016722 0.903010 0.000000 0.000000 0.003344 0.000000 0.000000 
0.000000 0.000000 0.000000 0.000000 0.000000 0.000000 0.040134 0.000000 0.003344 0.000000 0.000000 0.000000 0.000000 0.013378 0.254181 0.157191 0.444816 0.000000 0.000000 0.086957 
0.939799 0.000000 0.006689 0.000000 0.000000 0.000000 0.000000 0.000000 0.000000 0.000000 0.000000 0.000000 0.040134 0.000000 0.000000 0.010033 0.000000 0.003344 0.000000 0.000000 
0.173913 0.000000 0.160535 0.280936 0.000000 0.377926 0.000000 0.000000 0.000000 0.000000 0.003344 0.000000 0.000000 0.000000 0.000000 0.003344 0.000000 0.000000 0.000000 0.000000 
0.000000 0.000000 0.010033 0.588629 0.000000 0.000000 0.000000 0.000000 0.000000 0.000000 0.000000 0.000000 0.000000 0.401338 0.000000 0.000000 0.000000 0.000000 0.000000 0.000000 
0.000000 0.000000 0.000000 0.000000 0.000000 0.000000 0.000000 0.000000 0.000000 0.434783 0.561873 0.000000 0.000000 0.000000 0.000000 0.000000 0.000000 0.003344 0.000000 0.000000 
0.237458 0.000000 0.000000 0.000000 0.000000 0.076923 0.000000 0.023411 0.000000 0.000000 0.000000 0.006689 0.000000 0.000000 0.000000 0.468227 0.187291 0.000000 0.000000 0.000000 
0.147157 0.000000 0.056856 0.314381 0.000000 0.000000 0.003344 0.000000 0.010033 0.000000 0.000000 0.391304 0.006689 0.053512 0.006689 0.010033 0.000000 0.000000 0.000000 0.000000 
0.000000 0.000000 0.000000 0.000000 0.969900 0.000000 0.000000 0.000000 0.000000 0.000000 0.000000 0.000000 0.000000 0.000000 0.000000 0.000000 0.000000 0.000000 0.000000 0.030100 
0.000000 0.000000 0.000000 0.000000 0.000000 0.000000 0.000000 0.000000 0.000000 0.391304 0.000000 0.000000 0.000000 0.000000 0.000000 0.000000 0.000000 0.000000 0.000000 0.608696 

