MEME version 4

ALPHABET= ACDEFGHIKLMNPQRSTVWY

Background letter frequencies
A 0.1134 C 0.0105 D 0.0638 E 0.0702 F 0.0297 G 0.0889 H 0.0205 I 0.0614 K 0.0495 L 0.0963 
M 0.0246 N 0.036 P 0.0427 Q 0.0317 R 0.0509 S 0.0508 T 0.0505 V 0.0702 W 0.0129 
Y 0.0257 

MOTIF files/output.4.matrix.0_3
letter-probability matrix: alength= 20 w= 30 nsites= 3641 E= 0.000001
0.002473 0.000824 0.000275 0.000000 0.099176 0.000549 0.000000 0.093132 0.000000 0.640110 0.081593 0.000000 0.000000 0.000549 0.000000 0.000275 0.000000 0.057967 0.012912 0.010165 
0.360714 0.005220 0.018681 0.065659 0.008516 0.094780 0.000000 0.056868 0.044505 0.005769 0.029121 0.089835 0.000000 0.004121 0.023352 0.142033 0.031593 0.013462 0.000275 0.005495 
0.009890 0.000000 0.287637 0.114560 0.000000 0.021429 0.001374 0.000549 0.013462 0.001374 0.000000 0.015659 0.270879 0.019505 0.215934 0.012088 0.011264 0.003846 0.000000 0.000549 
0.072802 0.039286 0.002198 0.007418 0.275275 0.012637 0.006868 0.024451 0.005769 0.061538 0.006044 0.048901 0.000549 0.013462 0.065934 0.006868 0.015659 0.018681 0.000549 0.315110 
0.012637 0.010165 0.000000 0.000000 0.026374 0.000000 0.000000 0.156319 0.000000 0.674176 0.006319 0.000000 0.000000 0.000000 0.000000 0.000000 0.000000 0.101374 0.000000 0.012637 
0.009066 0.000549 0.000549 0.154945 0.000275 0.000000 0.000000 0.540110 0.014835 0.111813 0.008791 0.000275 0.000000 0.011264 0.004670 0.001374 0.011813 0.129396 0.000000 0.000275 
0.009890 0.000000 0.005220 0.002198 0.000000 0.973901 0.000275 0.000000 0.002198 0.000000 0.000000 0.002747 0.000000 0.000549 0.000824 0.002198 0.000000 0.000000 0.000000 0.000000 
0.070055 0.001648 0.000824 0.190385 0.004945 0.000275 0.012088 0.000275 0.284341 0.023352 0.022253 0.000824 0.000000 0.229945 0.119231 0.005495 0.006044 0.005220 0.007143 0.015659 
0.002473 0.088187 0.668407 0.040385 0.000000 0.000824 0.000000 0.000000 0.008516 0.008791 0.000000 0.135440 0.004945 0.000549 0.023626 0.014835 0.001099 0.000549 0.000000 0.001374 
0.124176 0.001099 0.000000 0.002198 0.000000 0.005495 0.000000 0.002473 0.000000 0.000000 0.000000 0.000000 0.724176 0.000275 0.000000 0.004396 0.003571 0.132143 0.000000 0.000000 
0.089536 0.001099 0.051634 0.012085 0.100522 0.008239 0.040374 0.000824 0.000549 0.108212 0.071409 0.078275 0.000000 0.009338 0.145839 0.176874 0.078001 0.001373 0.024718 0.001099 
0.018402 0.003296 0.427355 0.038176 0.000549 0.001923 0.017852 0.000000 0.007690 0.053282 0.001099 0.136501 0.003296 0.040648 0.242241 0.004669 0.002197 0.000000 0.000000 0.000824 
0.000000 0.000000 0.000000 0.000000 0.009338 0.000000 0.000824 0.822027 0.000000 0.013183 0.003021 0.026366 0.000000 0.000000 0.000000 0.001099 0.043669 0.032409 0.000000 0.048064 
0.037078 0.000000 0.093381 0.571821 0.000275 0.012359 0.002746 0.000000 0.088163 0.001099 0.001099 0.172205 0.000275 0.011261 0.000275 0.006317 0.001648 0.000000 0.000000 0.000000 
0.012359 0.000275 0.403461 0.012909 0.003845 0.009063 0.064268 0.003845 0.185938 0.113705 0.001373 0.012359 0.000000 0.006042 0.081022 0.003296 0.013732 0.000000 0.000000 0.072508 
0.004394 0.001648 0.000000 0.000000 0.000824 0.000000 0.159297 0.458391 0.000000 0.318044 0.036254 0.000000 0.000000 0.000000 0.000000 0.000000 0.006317 0.014831 0.000000 0.000000 
0.000000 0.000000 0.000000 0.000000 0.046416 0.000000 0.167811 0.001099 0.000000 0.000000 0.000000 0.008789 0.000000 0.000000 0.000000 0.001648 0.010711 0.001099 0.648723 0.113705 
0.004944 0.000000 0.256248 0.110135 0.000000 0.001099 0.005218 0.000000 0.000000 0.000275 0.000000 0.063719 0.000000 0.405383 0.001373 0.013732 0.134029 0.001099 0.002197 0.000549 
0.015380 0.000000 0.001648 0.016479 0.017852 0.011261 0.041747 0.020873 0.150508 0.041197 0.056578 0.001648 0.000000 0.196924 0.035155 0.003296 0.073606 0.274375 0.000000 0.041472 
0.020066 0.000825 0.000000 0.000000 0.017042 0.003848 0.000000 0.011545 0.000000 0.312259 0.617097 0.000000 0.000000 0.000000 0.000000 0.012644 0.000550 0.004123 0.000000 0.000000 
0.008789 0.019225 0.059050 0.007416 0.024444 0.001099 0.020324 0.015655 0.000000 0.156001 0.003021 0.022521 0.000275 0.009063 0.001648 0.001099 0.030486 0.029662 0.042571 0.547652 
0.005493 0.000000 0.000275 0.001099 0.026641 0.024169 0.005218 0.000000 0.086515 0.004394 0.000549 0.092557 0.000549 0.059324 0.550948 0.019775 0.000275 0.000275 0.113430 0.008514 
0.414172 0.001373 0.000275 0.001099 0.003845 0.255974 0.038176 0.013458 0.041197 0.030211 0.003296 0.002472 0.000000 0.018951 0.029937 0.090634 0.048613 0.006317 0.000000 0.000000 
0.051909 0.000549 0.000000 0.000000 0.011535 0.465257 0.000824 0.074430 0.000000 0.009613 0.037627 0.004944 0.000000 0.000549 0.010437 0.107388 0.213952 0.010986 0.000000 0.000000 
0.101401 0.002198 0.000000 0.000000 0.431437 0.000550 0.084364 0.004397 0.006046 0.118989 0.082165 0.000000 0.000000 0.021160 0.010992 0.037098 0.002473 0.004397 0.001099 0.091234 
0.068388 0.000275 0.006317 0.000000 0.077726 0.084867 0.004669 0.000000 0.000549 0.000275 0.000000 0.004669 0.001373 0.000824 0.016479 0.091733 0.001099 0.000000 0.046141 0.594617 
0.019225 0.001648 0.000000 0.035155 0.005218 0.010986 0.000000 0.006317 0.000275 0.000275 0.001923 0.013183 0.006866 0.000000 0.467454 0.001648 0.000275 0.154902 0.063719 0.210931 
0.012634 0.000275 0.000000 0.000000 0.000000 0.779731 0.000000 0.000000 0.000000 0.000275 0.000000 0.000000 0.078824 0.000275 0.041472 0.082395 0.004120 0.000000 0.000000 0.000000 
0.029113 0.001099 0.000000 0.000000 0.000000 0.564131 0.000000 0.000000 0.000000 0.000000 0.000000 0.000275 0.011810 0.000000 0.307059 0.042571 0.043944 0.000000 0.000000 0.000000 
0.166987 0.000000 0.000000 0.003845 0.000275 0.048064 0.000000 0.032958 0.184290 0.000824 0.000000 0.000549 0.363362 0.000000 0.007416 0.174403 0.000275 0.015930 0.000000 0.000824 

MOTIF files/output.4.matrix.0_4
letter-probability matrix: alength= 20 w= 30 nsites= 27996 E= 0.000001
0.179396 0.028863 0.000000 0.000000 0.000929 0.052904 0.002893 0.002429 0.000000 0.458777 0.001393 0.055012 0.000036 0.000036 0.000000 0.129099 0.077552 0.009609 0.000750 0.000321 
0.491784 0.012360 0.000000 0.000000 0.000000 0.454133 0.000000 0.000143 0.000000 0.001072 0.000929 0.000000 0.011645 0.000000 0.000000 0.007359 0.012431 0.008145 0.000000 0.000000 
0.010003 0.006502 0.000000 0.000036 0.028543 0.000036 0.000000 0.197335 0.000000 0.120673 0.003751 0.000000 0.000000 0.000000 0.000036 0.000036 0.010431 0.618655 0.000000 0.003965 
0.000464 0.000000 0.257734 0.202150 0.000071 0.000143 0.000036 0.006751 0.000000 0.004037 0.001036 0.001250 0.000071 0.010538 0.000000 0.477459 0.000071 0.038187 0.000000 0.000000 
0.081410 0.051332 0.000000 0.000429 0.001858 0.003001 0.003572 0.113882 0.000000 0.369365 0.150139 0.050404 0.000143 0.047653 0.000000 0.042581 0.047474 0.036043 0.000107 0.000607 
0.982711 0.006751 0.000000 0.000000 0.000000 0.001322 0.000000 0.000000 0.000000 0.000036 0.000000 0.000000 0.003108 0.000000 0.000000 0.005823 0.000143 0.000107 0.000000 0.000000 
0.097381 0.052477 0.000000 0.000000 0.011860 0.000429 0.000071 0.045619 0.000036 0.385989 0.026935 0.021613 0.000000 0.000000 0.000000 0.005787 0.034830 0.315615 0.000214 0.001143 
0.382318 0.073406 0.000000 0.000000 0.015467 0.000071 0.035399 0.006287 0.000000 0.181997 0.001679 0.001143 0.000036 0.000250 0.000071 0.010359 0.000929 0.003036 0.252152 0.035399 
0.000929 0.000250 0.519681 0.004786 0.000000 0.000036 0.040113 0.000321 0.266931 0.000143 0.000143 0.004322 0.000000 0.006108 0.147521 0.003250 0.000179 0.001857 0.000143 0.003286 
0.535112 0.004358 0.000000 0.000000 0.000679 0.008751 0.000321 0.092085 0.000000 0.322332 0.008680 0.000036 0.000000 0.000036 0.000286 0.001250 0.004108 0.014574 0.007072 0.000321 
0.374103 0.002322 0.002179 0.029470 0.020861 0.112627 0.009323 0.006787 0.079478 0.153670 0.018289 0.002858 0.000000 0.058010 0.009287 0.023433 0.007787 0.032077 0.036185 0.021254 
0.649664 0.011394 0.000071 0.000000 0.000000 0.305901 0.000000 0.000000 0.000000 0.000143 0.000000 0.000000 0.000000 0.000000 0.000000 0.029468 0.003286 0.000071 0.000000 0.000000 
0.166458 0.000750 0.068905 0.080157 0.000857 0.007073 0.007358 0.008787 0.343026 0.008037 0.004715 0.041722 0.000000 0.143740 0.079014 0.015146 0.009537 0.014360 0.000036 0.000321 
0.203815 0.004001 0.023789 0.119088 0.037184 0.004822 0.078440 0.031612 0.062009 0.041399 0.007037 0.003929 0.000036 0.030076 0.108158 0.120946 0.021003 0.050579 0.000893 0.051186 
0.144949 0.009823 0.000857 0.028826 0.012680 0.001250 0.021253 0.008180 0.150736 0.383019 0.009001 0.006537 0.000000 0.043006 0.040970 0.057294 0.022075 0.040863 0.001000 0.017681 
0.010109 0.001179 0.093302 0.055224 0.000214 0.550670 0.008930 0.000036 0.056867 0.000286 0.000536 0.141668 0.000000 0.044115 0.022325 0.011109 0.002750 0.000214 0.000071 0.000393 
0.038258 0.000607 0.000679 0.022040 0.000393 0.000107 0.000286 0.082232 0.085197 0.293884 0.057691 0.000572 0.000000 0.083518 0.020469 0.002143 0.013503 0.298242 0.000036 0.000143 
0.008037 0.000000 0.001857 0.012645 0.000000 0.001250 0.001072 0.000000 0.002108 0.000214 0.000000 0.024147 0.862475 0.002715 0.011073 0.059618 0.012574 0.000000 0.000000 0.000214 
0.016253 0.000893 0.000036 0.000107 0.003858 0.000036 0.000000 0.020719 0.000000 0.632743 0.004465 0.000000 0.000572 0.000036 0.000000 0.000000 0.000750 0.314282 0.005037 0.000214 
0.127429 0.030366 0.000000 0.001000 0.078558 0.000786 0.045049 0.000250 0.000357 0.000250 0.000071 0.000679 0.002465 0.000107 0.001643 0.062875 0.006288 0.011468 0.121606 0.508753 
0.115124 0.000214 0.043363 0.135841 0.000143 0.003286 0.006822 0.001286 0.139984 0.002393 0.003393 0.010466 0.000000 0.170596 0.299007 0.043506 0.017002 0.006680 0.000214 0.000679 
0.004429 0.000357 0.000321 0.000321 0.032469 0.000000 0.149771 0.016967 0.000286 0.435419 0.018788 0.000036 0.000071 0.001965 0.006037 0.003786 0.002393 0.013430 0.003036 0.310116 
0.021039 0.000071 0.000000 0.000000 0.032184 0.000000 0.000000 0.215610 0.000000 0.613931 0.014181 0.000036 0.000000 0.000036 0.000036 0.001893 0.001572 0.081586 0.016539 0.001286 
0.212538 0.001893 0.002286 0.000214 0.000107 0.736596 0.000643 0.000107 0.001215 0.000536 0.001072 0.009609 0.000000 0.004215 0.001607 0.020111 0.001393 0.005251 0.000572 0.000036 
0.020184 0.000464 0.159897 0.106027 0.001286 0.542671 0.001679 0.016683 0.003930 0.035152 0.000929 0.021327 0.030651 0.013075 0.007323 0.013396 0.009610 0.015182 0.000000 0.000536 
0.126344 0.005537 0.019575 0.013360 0.039721 0.118914 0.012859 0.022183 0.046794 0.189570 0.043615 0.013467 0.079371 0.017539 0.072406 0.032220 0.061761 0.067333 0.000357 0.017074 
0.135708 0.008145 0.023505 0.012753 0.016289 0.033722 0.009859 0.008609 0.058834 0.056048 0.005894 0.207330 0.018397 0.084304 0.051118 0.077159 0.058227 0.107737 0.001429 0.024934 
0.217598 0.000607 0.030437 0.017291 0.000750 0.196127 0.017398 0.001429 0.024543 0.010253 0.001643 0.021828 0.108710 0.111496 0.172621 0.026758 0.033831 0.004644 0.000357 0.001679 
0.018255 0.004537 0.138392 0.108706 0.005323 0.015111 0.080270 0.010288 0.086022 0.015861 0.018005 0.139606 0.013325 0.024042 0.159468 0.042654 0.085093 0.019148 0.000107 0.015790 
0.055057 0.003108 0.067241 0.100111 0.001608 0.016649 0.009289 0.051270 0.086070 0.065883 0.011076 0.012969 0.079781 0.045411 0.072564 0.096288 0.101183 0.115510 0.004716 0.004216 

MOTIF files/output.4.matrix.0_6
letter-probability matrix: alength= 20 w= 30 nsites= 8609 E= 0.000001
0.029156 0.000232 0.008712 0.003020 0.000348 0.463236 0.009293 0.015797 0.007550 0.024625 0.000116 0.038680 0.022302 0.000232 0.019282 0.061912 0.056569 0.238936 0.000000 0.000000 
0.136137 0.000697 0.044024 0.022070 0.032989 0.352654 0.030782 0.009525 0.047392 0.026484 0.004298 0.012429 0.049948 0.042281 0.047625 0.073295 0.009641 0.028575 0.003833 0.025322 
0.192750 0.001162 0.083420 0.073893 0.008481 0.084815 0.009876 0.016498 0.077495 0.019170 0.000929 0.034623 0.044266 0.042407 0.225049 0.024631 0.041129 0.015453 0.000000 0.003950 
0.088860 0.000929 0.244279 0.086305 0.000813 0.138576 0.003485 0.001626 0.091764 0.001742 0.000116 0.093507 0.090254 0.005227 0.014171 0.103729 0.031363 0.001742 0.000581 0.000929 
0.040655 0.015333 0.004879 0.006389 0.009641 0.009990 0.001278 0.156813 0.001742 0.309908 0.026949 0.007899 0.081775 0.002439 0.008712 0.013358 0.019398 0.273086 0.007086 0.002672 
0.191311 0.000000 0.218260 0.178302 0.001045 0.023580 0.032292 0.003601 0.059008 0.008596 0.005924 0.018353 0.005924 0.072134 0.113137 0.036241 0.018701 0.012080 0.000000 0.001510 
0.124056 0.000116 0.217215 0.210594 0.000465 0.013358 0.018353 0.006505 0.118481 0.077012 0.004298 0.003485 0.000348 0.069114 0.055407 0.019514 0.042165 0.015217 0.002788 0.001510 
0.098385 0.005576 0.706122 0.042397 0.000000 0.000000 0.000000 0.008363 0.001510 0.003601 0.000813 0.082007 0.000232 0.000465 0.000000 0.001626 0.005111 0.043791 0.000000 0.000000 
0.054013 0.011848 0.000465 0.016146 0.004182 0.000581 0.000697 0.271112 0.006853 0.228714 0.009873 0.000000 0.000000 0.008828 0.027181 0.001510 0.014404 0.341503 0.001045 0.001045 
0.316529 0.000813 0.060750 0.207341 0.000000 0.007434 0.006505 0.001278 0.066326 0.003949 0.000697 0.047625 0.000929 0.024625 0.229876 0.007202 0.010222 0.007550 0.000000 0.000348 
0.017772 0.000813 0.000813 0.009176 0.016146 0.002439 0.157510 0.013126 0.022418 0.023232 0.040190 0.035428 0.002788 0.014520 0.535602 0.016146 0.049367 0.032640 0.002672 0.007202 
0.041701 0.034034 0.000000 0.000000 0.017307 0.001162 0.000000 0.186665 0.000000 0.188291 0.024277 0.000232 0.000000 0.000000 0.000465 0.000000 0.015797 0.490069 0.000000 0.000000 
0.286909 0.001742 0.018818 0.131374 0.002091 0.014868 0.011151 0.055988 0.077826 0.023928 0.000581 0.004298 0.000000 0.045766 0.205250 0.038448 0.055639 0.023232 0.000697 0.001394 
0.517830 0.000813 0.054013 0.062609 0.000929 0.008828 0.004646 0.081078 0.044953 0.046579 0.006505 0.001742 0.000000 0.058660 0.023928 0.033221 0.038680 0.014287 0.000348 0.000348 
0.122793 0.002440 0.000000 0.000000 0.000581 0.000000 0.015567 0.394981 0.000349 0.090265 0.067031 0.000000 0.000000 0.004414 0.000232 0.000000 0.004763 0.293332 0.001743 0.001510 
0.027645 0.006040 0.002555 0.000000 0.000232 0.001162 0.016843 0.007899 0.128586 0.050412 0.002207 0.003020 0.000000 0.002555 0.708096 0.006505 0.005343 0.019979 0.004066 0.006853 
0.083517 0.000232 0.106400 0.473458 0.000116 0.008363 0.002904 0.000465 0.105471 0.000929 0.000465 0.036473 0.000232 0.047625 0.070856 0.052852 0.006389 0.001510 0.000000 0.001742 
0.509002 0.001626 0.002091 0.069230 0.001975 0.012893 0.021721 0.013474 0.061215 0.025787 0.006156 0.002323 0.000000 0.011732 0.079916 0.030549 0.022651 0.126844 0.000465 0.000348 
0.023348 0.052503 0.000000 0.000000 0.073179 0.000813 0.000581 0.177140 0.000348 0.309327 0.018121 0.000000 0.001045 0.000000 0.000000 0.000697 0.004182 0.336857 0.000000 0.001859 
0.011964 0.000000 0.010454 0.010803 0.000000 0.880242 0.000348 0.000000 0.003833 0.000000 0.000000 0.001394 0.059240 0.012777 0.003252 0.004530 0.001045 0.000116 0.000000 0.000000 
0.045069 0.000465 0.206993 0.094901 0.008828 0.047276 0.003252 0.000465 0.050064 0.002672 0.001162 0.081891 0.344872 0.005343 0.015565 0.039958 0.011035 0.001278 0.011500 0.027413 
0.034150 0.001162 0.395865 0.103380 0.000116 0.072366 0.032756 0.000697 0.022186 0.002672 0.003949 0.075967 0.000116 0.038100 0.132071 0.048786 0.021721 0.001162 0.000232 0.012545 
0.180530 0.004647 0.003485 0.000349 0.134061 0.073885 0.001046 0.218866 0.004298 0.015567 0.014173 0.010688 0.003834 0.012082 0.072955 0.004066 0.036594 0.201789 0.000116 0.006970 
0.071437 0.001975 0.080265 0.073412 0.002788 0.084447 0.009525 0.005924 0.098037 0.020792 0.004298 0.010222 0.078871 0.032524 0.133000 0.139505 0.060053 0.010454 0.063422 0.019050 
0.000232 0.000232 0.000000 0.000000 0.074457 0.000000 0.000000 0.306424 0.000000 0.433732 0.018585 0.000000 0.000000 0.000116 0.000000 0.000000 0.000116 0.166105 0.000000 0.000000 
0.126540 0.001975 0.000000 0.000000 0.001511 0.128980 0.000232 0.005694 0.004416 0.005926 0.246805 0.000000 0.000000 0.003370 0.433186 0.003602 0.016268 0.004648 0.000813 0.016035 
0.024509 0.000929 0.000000 0.000000 0.011267 0.001859 0.000000 0.175862 0.000000 0.248112 0.022883 0.000000 0.000116 0.000232 0.000000 0.000116 0.002323 0.498083 0.004530 0.009176 
0.000000 0.000000 0.970961 0.028923 0.000000 0.000000 0.000000 0.000000 0.000000 0.000000 0.000000 0.000116 0.000000 0.000000 0.000000 0.000000 0.000000 0.000000 0.000000 0.000000 
0.489836 0.118829 0.000000 0.000000 0.153560 0.016727 0.002555 0.011732 0.000000 0.003485 0.001742 0.000000 0.005924 0.000000 0.000000 0.000929 0.000232 0.191195 0.001859 0.001394 
0.000000 0.000000 0.000000 0.000000 0.000000 0.000000 0.158787 0.000000 0.000000 0.000000 0.000000 0.723313 0.000000 0.000000 0.000116 0.000232 0.000000 0.000000 0.068649 0.048902 

MOTIF files/output.4.matrix.0_12
letter-probability matrix: alength= 20 w= 30 nsites= 8108 E= 0.000001
0.038974 0.000987 0.159225 0.109521 0.006537 0.007770 0.024420 0.038234 0.003207 0.055747 0.006043 0.008633 0.055007 0.026024 0.287494 0.010607 0.011717 0.136285 0.000000 0.013567 
0.016034 0.000123 0.030217 0.005427 0.000617 0.000493 0.004070 0.221756 0.071411 0.456709 0.004563 0.006290 0.005057 0.002590 0.018624 0.014184 0.017637 0.109645 0.000247 0.014307 
0.021337 0.002837 0.075234 0.008387 0.067958 0.002220 0.003207 0.028984 0.025407 0.180192 0.000247 0.111741 0.007030 0.001973 0.004933 0.003577 0.369142 0.085471 0.000000 0.000123 
0.043414 0.002837 0.008510 0.025530 0.002837 0.034534 0.008510 0.004440 0.351135 0.020227 0.000617 0.046374 0.124075 0.041071 0.095091 0.030957 0.102368 0.054021 0.000000 0.003453 
0.065491 0.000370 0.073508 0.451529 0.002467 0.074124 0.028244 0.000863 0.007893 0.001357 0.000370 0.109398 0.007770 0.047114 0.016897 0.042427 0.049334 0.020104 0.000000 0.000740 
0.054021 0.000000 0.065984 0.038111 0.002220 0.026270 0.000987 0.010607 0.020104 0.002220 0.001480 0.001357 0.552047 0.023680 0.059694 0.013197 0.004440 0.123458 0.000123 0.000000 
0.009375 0.000123 0.010115 0.001604 0.270137 0.000740 0.007524 0.034291 0.000247 0.495868 0.008264 0.001110 0.091526 0.000370 0.000123 0.002837 0.008758 0.020106 0.009868 0.027014 
0.052171 0.004317 0.059694 0.236433 0.001110 0.004687 0.013814 0.007277 0.057474 0.019240 0.001357 0.018994 0.030464 0.158115 0.145042 0.043537 0.064998 0.078194 0.000863 0.002220 
0.004194 0.005304 0.003330 0.000493 0.116073 0.000493 0.003454 0.451215 0.000123 0.046256 0.041446 0.000370 0.019119 0.001357 0.005551 0.000987 0.012335 0.041939 0.001850 0.244110 
0.065861 0.001110 0.046497 0.199803 0.000123 0.007523 0.017020 0.023680 0.206833 0.000493 0.000493 0.009497 0.001850 0.041441 0.146892 0.041687 0.033917 0.155032 0.000000 0.000247 
0.011963 0.000000 0.438086 0.037987 0.000247 0.249013 0.005920 0.000000 0.015910 0.000123 0.000123 0.199926 0.000493 0.019857 0.007400 0.011717 0.000863 0.000000 0.000000 0.000370 
0.003207 0.000000 0.001110 0.000000 0.151227 0.821512 0.003701 0.000000 0.000370 0.000000 0.000000 0.001727 0.000493 0.000000 0.000370 0.009128 0.000247 0.000000 0.000000 0.006908 
0.049710 0.039595 0.005057 0.094363 0.091896 0.011965 0.072160 0.003207 0.152831 0.060812 0.072653 0.003577 0.000000 0.067966 0.097940 0.042679 0.019736 0.010361 0.001234 0.102257 
0.019487 0.006043 0.000000 0.000000 0.040947 0.000493 0.000000 0.226443 0.000000 0.231130 0.072398 0.000123 0.000000 0.000000 0.000123 0.000000 0.000370 0.400345 0.000000 0.002097 
0.220400 0.002713 0.039714 0.074988 0.004563 0.007400 0.110138 0.016650 0.125185 0.023187 0.003577 0.008140 0.015417 0.139985 0.053281 0.033054 0.064134 0.027380 0.018747 0.011347 
0.045511 0.003453 0.000000 0.000000 0.000247 0.000370 0.000000 0.156759 0.000617 0.141712 0.002837 0.002220 0.064751 0.000000 0.015910 0.000000 0.001603 0.564011 0.000000 0.000000 
0.001727 0.000370 0.001603 0.000000 0.002343 0.024050 0.000247 0.001110 0.000370 0.072891 0.003577 0.002713 0.785520 0.000247 0.009373 0.067341 0.025407 0.000000 0.001110 0.000000 
0.048101 0.000617 0.275777 0.121732 0.000740 0.006043 0.004317 0.000863 0.064011 0.002467 0.012210 0.043907 0.020104 0.114332 0.050814 0.048471 0.181302 0.003823 0.000000 0.000370 
0.247903 0.000000 0.004070 0.027504 0.000000 0.256290 0.000247 0.001850 0.196349 0.010607 0.000740 0.001850 0.000123 0.011347 0.113468 0.009497 0.109891 0.007893 0.000000 0.000370 
0.023804 0.000123 0.002713 0.000370 0.000000 0.005180 0.018130 0.003330 0.002467 0.005550 0.000000 0.002467 0.911445 0.001850 0.000493 0.008757 0.003823 0.006290 0.000000 0.003207 
0.000123 0.000000 0.000000 0.000000 0.000000 0.999383 0.000000 0.000000 0.000000 0.000000 0.000000 0.000000 0.000000 0.000000 0.000123 0.000370 0.000000 0.000000 0.000000 0.000000 
0.000123 0.000000 0.000000 0.000000 0.023310 0.000123 0.011717 0.028614 0.000000 0.917982 0.002713 0.000247 0.000000 0.000000 0.000000 0.000617 0.005550 0.008387 0.000617 0.000000 
0.000247 0.000000 0.000000 0.000000 0.000000 0.999507 0.000000 0.000000 0.000000 0.000000 0.000000 0.000000 0.000000 0.000000 0.000000 0.000247 0.000000 0.000000 0.000000 0.000000 
0.011593 0.001357 0.000000 0.000000 0.027504 0.000247 0.000000 0.311791 0.000000 0.091638 0.005427 0.000000 0.000000 0.000247 0.000123 0.000000 0.000493 0.545387 0.000000 0.004193 
0.042304 0.000493 0.085471 0.630242 0.000000 0.002467 0.003823 0.003330 0.005673 0.001357 0.001233 0.003700 0.000000 0.014430 0.023187 0.031820 0.134928 0.015417 0.000000 0.000123 
0.001727 0.000000 0.000000 0.000000 0.023187 0.006043 0.000000 0.302047 0.000000 0.521954 0.006290 0.000000 0.036384 0.000000 0.000000 0.000000 0.000123 0.102121 0.000123 0.000000 
0.002837 0.000740 0.810557 0.004687 0.000370 0.000247 0.002097 0.002837 0.003577 0.002590 0.000000 0.110878 0.000000 0.000123 0.004440 0.044524 0.002590 0.006783 0.000000 0.000123 
0.009130 0.000000 0.016410 0.412461 0.005429 0.002714 0.013572 0.002468 0.005799 0.026033 0.204812 0.000247 0.044787 0.010857 0.094756 0.005305 0.007403 0.003578 0.127082 0.007156 
0.122718 0.000123 0.446843 0.281327 0.000000 0.013074 0.002960 0.002960 0.019117 0.001850 0.000000 0.008017 0.003947 0.055007 0.012580 0.012210 0.010483 0.006413 0.000000 0.000370 
0.166502 0.007770 0.002220 0.025284 0.015910 0.003207 0.010113 0.004933 0.186359 0.047484 0.016527 0.003700 0.000247 0.243710 0.176616 0.005797 0.007153 0.029230 0.001357 0.045881 

MOTIF files/output.4.matrix.0_14
letter-probability matrix: alength= 20 w= 30 nsites= 23308 E= 0.000001
0.039859 0.002489 0.022268 0.017162 0.001502 0.013344 0.014674 0.004677 0.025400 0.027073 0.001759 0.049084 0.128545 0.024799 0.515982 0.016562 0.030248 0.048912 0.002102 0.013558 
0.031277 0.016604 0.025614 0.020036 0.072593 0.434229 0.014330 0.003818 0.016346 0.004119 0.000558 0.018449 0.052300 0.008752 0.018105 0.051227 0.081174 0.041230 0.013772 0.075468 
0.059250 0.000558 0.000686 0.067402 0.144157 0.001716 0.016132 0.017376 0.002917 0.038871 0.011627 0.395229 0.066629 0.071649 0.040973 0.010254 0.020680 0.021023 0.000558 0.012313 
0.077313 0.008280 0.018363 0.055303 0.000257 0.040587 0.001502 0.003046 0.004805 0.017505 0.000215 0.012099 0.454822 0.010254 0.085421 0.021237 0.177536 0.010426 0.000086 0.000944 
0.016905 0.002360 0.024714 0.016905 0.009268 0.009396 0.022268 0.005106 0.012486 0.054876 0.005363 0.018149 0.008152 0.002231 0.170335 0.049213 0.462350 0.018621 0.083108 0.008195 
0.016261 0.012185 0.000129 0.000000 0.011756 0.013901 0.000172 0.099241 0.000000 0.117433 0.022440 0.121037 0.000043 0.000386 0.000772 0.011027 0.028403 0.540310 0.001416 0.003089 
0.013602 0.005578 0.007423 0.388329 0.076636 0.001931 0.000343 0.196524 0.006823 0.100279 0.004849 0.000343 0.000129 0.020811 0.007466 0.002274 0.014460 0.138168 0.002145 0.011886 
0.150807 0.024455 0.000000 0.003003 0.001502 0.000472 0.000257 0.053072 0.000000 0.102154 0.000729 0.000000 0.000000 0.000386 0.014888 0.001931 0.018835 0.626995 0.000000 0.000515 
0.016690 0.008924 0.166810 0.307448 0.004376 0.002102 0.003818 0.081989 0.109404 0.018105 0.003175 0.000772 0.000000 0.010855 0.090398 0.014802 0.018749 0.133774 0.000129 0.007680 
0.011327 0.002574 0.000043 0.057491 0.000257 0.000086 0.000772 0.204308 0.002231 0.166424 0.010983 0.000129 0.000000 0.002617 0.008709 0.002360 0.030290 0.498927 0.000043 0.000429 
0.021709 0.006779 0.020293 0.165308 0.019350 0.020851 0.071220 0.101339 0.052986 0.123262 0.008709 0.001587 0.000000 0.011155 0.056805 0.010426 0.162219 0.078600 0.006736 0.060666 
0.047151 0.042475 0.153338 0.059765 0.003947 0.004419 0.002274 0.001330 0.001115 0.359533 0.000429 0.001502 0.000257 0.007723 0.010511 0.026128 0.270165 0.004719 0.000000 0.003218 
0.070365 0.003819 0.254988 0.324795 0.001244 0.008796 0.011499 0.006007 0.008066 0.005406 0.001845 0.073755 0.000944 0.016175 0.012700 0.161110 0.026988 0.008538 0.000086 0.002875 
0.101939 0.014072 0.364553 0.106015 0.002188 0.079544 0.001115 0.000343 0.004677 0.006779 0.000686 0.112579 0.000000 0.012742 0.006264 0.158272 0.026429 0.000644 0.000000 0.001158 
0.002617 0.000386 0.011113 0.004763 0.000558 0.955162 0.000558 0.000000 0.001545 0.000601 0.000043 0.016434 0.000000 0.000815 0.001373 0.003561 0.000086 0.000043 0.000000 0.000343 
0.122324 0.006522 0.003733 0.007508 0.052731 0.022525 0.085897 0.151285 0.009053 0.050972 0.010426 0.046853 0.003947 0.022354 0.036084 0.086583 0.124769 0.140687 0.000386 0.015360 
0.013043 0.011799 0.002317 0.050326 0.094646 0.000429 0.007980 0.104985 0.063669 0.046937 0.065857 0.000858 0.000257 0.016261 0.024284 0.029732 0.219324 0.225845 0.003518 0.017934 
0.072256 0.000215 0.000043 0.001888 0.001073 0.904917 0.001373 0.000000 0.000257 0.000000 0.000000 0.000000 0.000000 0.001845 0.000000 0.005921 0.004462 0.005149 0.000000 0.000601 
0.009696 0.003046 0.000729 0.003947 0.046722 0.000472 0.017462 0.073022 0.013000 0.070577 0.020722 0.001201 0.000086 0.011670 0.333791 0.040930 0.035524 0.140209 0.126223 0.050970 
0.423932 0.000043 0.000000 0.000000 0.000386 0.563412 0.000000 0.000000 0.000000 0.000000 0.000043 0.000000 0.000000 0.000000 0.000000 0.008538 0.001888 0.001759 0.000000 0.000000 
0.246568 0.029432 0.011412 0.476918 0.004076 0.010640 0.000000 0.058349 0.002102 0.032564 0.023854 0.012270 0.000086 0.007379 0.000987 0.037112 0.016389 0.025142 0.000000 0.004719 
0.259739 0.095246 0.000000 0.000000 0.001115 0.041230 0.000000 0.044706 0.000000 0.000729 0.001545 0.000086 0.054016 0.000129 0.000000 0.039128 0.041188 0.421143 0.000000 0.000000 
0.057796 0.006307 0.000000 0.000043 0.022612 0.003647 0.001630 0.008195 0.000000 0.003390 0.000429 0.000472 0.583455 0.000386 0.000729 0.022955 0.152407 0.098344 0.000000 0.037201 
0.056547 0.002446 0.000000 0.001073 0.000086 0.164107 0.000086 0.026085 0.000000 0.032864 0.002059 0.004290 0.156041 0.001244 0.000129 0.432341 0.080402 0.034709 0.005492 0.000000 
0.013172 0.000300 0.032780 0.065431 0.011241 0.597074 0.006307 0.075685 0.000215 0.032394 0.000729 0.014931 0.009182 0.000043 0.005277 0.011027 0.041661 0.007037 0.000386 0.075128 
0.486485 0.000472 0.014072 0.144242 0.002231 0.170499 0.003733 0.003904 0.004891 0.004634 0.000815 0.000686 0.115025 0.003776 0.005148 0.013815 0.013515 0.006521 0.003089 0.002446 
0.025313 0.000558 0.001459 0.007337 0.009568 0.096705 0.033508 0.004462 0.062554 0.005320 0.016003 0.003003 0.038828 0.003432 0.167410 0.441823 0.006135 0.061095 0.003261 0.012228 
0.078814 0.000300 0.006950 0.007766 0.018663 0.038828 0.006607 0.165008 0.002317 0.056933 0.004333 0.000729 0.014158 0.000215 0.003861 0.003518 0.441780 0.046508 0.003132 0.099580 
0.055818 0.024326 0.008752 0.010426 0.001158 0.525785 0.016861 0.001416 0.006478 0.047580 0.000043 0.031877 0.004462 0.005921 0.092629 0.035181 0.074352 0.004376 0.010039 0.042518 
0.147846 0.000815 0.016046 0.231037 0.018921 0.074438 0.004548 0.023683 0.066415 0.006779 0.004247 0.005191 0.002102 0.080101 0.020980 0.114939 0.078299 0.018277 0.017505 0.067831 

MOTIF files/output.4.matrix.0_77
letter-probability matrix: alength= 20 w= 30 nsites= 5194 E= 0.000001
0.298094 0.000193 0.003274 0.030618 0.000000 0.030040 0.006162 0.012324 0.153091 0.139033 0.000578 0.000385 0.096283 0.021953 0.160023 0.011554 0.019449 0.015983 0.000000 0.000963 
0.096861 0.000193 0.081456 0.195263 0.000000 0.002311 0.010784 0.196226 0.146736 0.054304 0.000385 0.002503 0.000963 0.059503 0.092817 0.017524 0.020220 0.021567 0.000385 0.000000 
0.076642 0.000193 0.003851 0.003659 0.003274 0.001733 0.009436 0.170422 0.056807 0.341421 0.002889 0.010013 0.000385 0.003466 0.237435 0.001541 0.000963 0.073368 0.000000 0.002503 
0.326079 0.002311 0.009630 0.046803 0.002889 0.005008 0.004430 0.000000 0.065678 0.051810 0.000770 0.110169 0.000963 0.050077 0.177388 0.051425 0.046610 0.044299 0.000000 0.003659 
0.394838 0.000000 0.019453 0.065485 0.000385 0.064522 0.009438 0.001733 0.075886 0.008860 0.004045 0.081086 0.031202 0.090716 0.078775 0.027542 0.010208 0.035247 0.000578 0.000000 
0.071456 0.004237 0.002119 0.006549 0.032165 0.050655 0.133667 0.095532 0.013482 0.094183 0.029854 0.009630 0.141179 0.117681 0.006549 0.059707 0.006356 0.094376 0.000000 0.030624 
0.166988 0.015023 0.003082 0.000385 0.017142 0.077619 0.012134 0.003852 0.018683 0.075501 0.000578 0.013867 0.048729 0.028505 0.017912 0.038906 0.332242 0.047188 0.000000 0.081664 
0.033706 0.001926 0.088405 0.007126 0.000000 0.162943 0.066834 0.023498 0.005586 0.004430 0.001733 0.040447 0.258475 0.009823 0.011556 0.152542 0.114214 0.014060 0.001156 0.001541 
0.016760 0.022924 0.000000 0.000193 0.005394 0.027933 0.000385 0.315546 0.011173 0.026007 0.135041 0.006357 0.000193 0.000193 0.000963 0.001541 0.221152 0.201695 0.000000 0.006550 
0.011751 0.000000 0.000000 0.001734 0.000000 0.076864 0.001541 0.000578 0.148719 0.037372 0.073974 0.000385 0.576575 0.017530 0.033712 0.003660 0.009632 0.005779 0.000193 0.000000 
0.000000 0.000193 0.000000 0.000000 0.033513 0.000000 0.000000 0.381549 0.000000 0.131356 0.055855 0.000000 0.000000 0.000000 0.000000 0.000000 0.000578 0.392334 0.004622 0.000000 
0.776772 0.000770 0.000000 0.000000 0.000000 0.000000 0.000000 0.000000 0.000000 0.000000 0.000000 0.002504 0.000000 0.000000 0.000000 0.069145 0.150231 0.000578 0.000000 0.000000 
0.093991 0.002119 0.000000 0.000000 0.010786 0.057781 0.000000 0.001926 0.000000 0.118837 0.022342 0.000770 0.000000 0.001156 0.000000 0.067026 0.569723 0.053544 0.000000 0.000000 
0.000963 0.000000 0.000000 0.000000 0.000000 0.999037 0.000000 0.000000 0.000000 0.000000 0.000000 0.000000 0.000000 0.000000 0.000000 0.000000 0.000000 0.000000 0.000000 0.000000 
0.000000 0.000000 0.000000 1.000000 0.000000 0.000000 0.000000 0.000000 0.000000 0.000000 0.000000 0.000000 0.000000 0.000000 0.000000 0.000000 0.000000 0.000000 0.000000 0.000000 
0.005586 0.000000 0.011364 0.000000 0.000000 0.000000 0.341294 0.024461 0.000000 0.000000 0.172573 0.091872 0.000000 0.010208 0.306818 0.018490 0.008667 0.008667 0.000000 0.000000 
0.024653 0.152542 0.000193 0.133475 0.032743 0.007704 0.062211 0.010593 0.000000 0.334746 0.126733 0.001348 0.000000 0.000578 0.010401 0.000385 0.016949 0.074538 0.010208 0.000000 
0.088405 0.000963 0.000193 0.000000 0.246918 0.061633 0.103043 0.002696 0.000000 0.000385 0.005393 0.028505 0.000578 0.185863 0.000000 0.007319 0.046418 0.000385 0.000000 0.221302 
0.000193 0.000385 0.000000 0.000000 0.000000 0.007897 0.003852 0.001156 0.000000 0.000000 0.000000 0.292180 0.000000 0.000000 0.025424 0.453390 0.208205 0.007319 0.000000 0.000000 
0.011364 0.000000 0.000193 0.000578 0.030624 0.007319 0.035632 0.045647 0.029468 0.083205 0.021186 0.000963 0.002889 0.002504 0.665447 0.015408 0.003467 0.043721 0.000000 0.000385 
0.028120 0.000000 0.000000 0.008475 0.105740 0.001541 0.041988 0.093413 0.000770 0.003659 0.005200 0.012712 0.000000 0.118066 0.030431 0.005586 0.016179 0.178544 0.265216 0.084361 
0.003659 0.000000 0.309515 0.175270 0.000000 0.163521 0.000000 0.036787 0.000000 0.036402 0.112673 0.001541 0.000000 0.012519 0.000000 0.061248 0.005008 0.081664 0.000000 0.000193 
0.076079 0.023883 0.000000 0.002889 0.757126 0.000000 0.064330 0.009823 0.000000 0.004815 0.008282 0.000578 0.000000 0.013482 0.000000 0.000193 0.000000 0.028698 0.000193 0.009630 
0.009052 0.000193 0.000578 0.045262 0.000000 0.007126 0.001156 0.000963 0.607666 0.032550 0.001348 0.003467 0.000000 0.002311 0.269453 0.000000 0.000770 0.003274 0.014253 0.000578 
0.008091 0.000000 0.055673 0.046234 0.000000 0.005779 0.031015 0.001156 0.046234 0.005009 0.039684 0.076479 0.046619 0.357349 0.173184 0.022346 0.075130 0.000000 0.000193 0.009825 
0.032550 0.000000 0.000000 0.000000 0.141371 0.000000 0.000000 0.041410 0.000000 0.574923 0.021572 0.000000 0.006741 0.000193 0.000000 0.000000 0.000578 0.167758 0.000000 0.012904 
0.012327 0.000193 0.000000 0.000000 0.066834 0.000000 0.000193 0.259823 0.000000 0.575116 0.023112 0.000000 0.000000 0.000000 0.000000 0.049499 0.000000 0.012904 0.000000 0.000000 
0.105354 0.006549 0.037750 0.353814 0.000000 0.004237 0.004045 0.000770 0.016949 0.031394 0.039484 0.005778 0.001348 0.238251 0.079931 0.057781 0.013675 0.002889 0.000000 0.000000 
0.295511 0.000000 0.072433 0.087844 0.000963 0.089771 0.022346 0.000385 0.012136 0.011173 0.043537 0.048738 0.002697 0.039684 0.084569 0.040647 0.075515 0.014833 0.007513 0.049701 
0.031003 0.003466 0.034855 0.044483 0.000000 0.590218 0.005970 0.000193 0.041594 0.000000 0.000000 0.048334 0.000000 0.073753 0.104179 0.020220 0.000770 0.000770 0.000000 0.000193 

MOTIF files/output.4.matrix.0_147
letter-probability matrix: alength= 20 w= 30 nsites= 1855 E= 0.000001
0.907278 0.000000 0.000000 0.000000 0.000000 0.000000 0.091105 0.000000 0.000000 0.000000 0.000000 0.000000 0.000000 0.000000 0.000000 0.000539 0.000000 0.001078 0.000000 0.000000 
0.000000 0.000000 0.000000 0.000000 0.009164 0.091105 0.000000 0.000539 0.000000 0.160108 0.000000 0.000000 0.739084 0.000000 0.000000 0.000000 0.000000 0.000000 0.000000 0.000000 
0.091105 0.000000 0.000000 0.000000 0.000000 0.000000 0.908895 0.000000 0.000000 0.000000 0.000000 0.000000 0.000000 0.000000 0.000000 0.000000 0.000000 0.000000 0.000000 0.000000 
0.024798 0.820485 0.000000 0.000000 0.000000 0.000000 0.000000 0.000000 0.000000 0.000000 0.000000 0.058760 0.000000 0.000000 0.000000 0.004852 0.091105 0.000000 0.000000 0.000000 
0.005391 0.000000 0.091105 0.000000 0.000000 0.000000 0.000000 0.000000 0.000000 0.000000 0.000000 0.000000 0.903504 0.000000 0.000000 0.000000 0.000000 0.000000 0.000000 0.000000 
0.000000 0.000000 0.000000 0.000000 0.000539 0.000000 0.000000 0.005930 0.000000 0.911051 0.052830 0.001617 0.000000 0.004852 0.000000 0.000000 0.000000 0.000539 0.000000 0.022642 
0.000000 0.000000 0.001617 0.000000 0.000000 0.906739 0.000000 0.000000 0.000000 0.000000 0.000000 0.000000 0.000000 0.000000 0.000539 0.091105 0.000000 0.000000 0.000000 0.000000 
0.006469 0.000000 0.000000 0.000000 0.000000 0.000000 0.000000 0.000000 0.000000 0.000000 0.000000 0.000000 0.992453 0.000000 0.000000 0.001078 0.000000 0.000000 0.000000 0.000000 
0.003235 0.000000 0.000000 0.000000 0.000000 0.000000 0.000000 0.721833 0.000000 0.100809 0.003235 0.000000 0.000000 0.000000 0.000000 0.000000 0.000000 0.170889 0.000000 0.000000 
0.854447 0.051752 0.000000 0.000000 0.000000 0.001617 0.000000 0.000000 0.000000 0.005391 0.000000 0.002156 0.000000 0.000000 0.000000 0.029650 0.054987 0.000000 0.000000 0.000000 
0.000000 0.000000 0.000000 0.000000 0.036658 0.000000 0.000539 0.000000 0.000000 0.813477 0.091644 0.004852 0.000000 0.000000 0.000000 0.000000 0.052291 0.000539 0.000000 0.000000 
0.941779 0.000000 0.000000 0.000000 0.000000 0.050674 0.000000 0.000000 0.000000 0.000000 0.000000 0.000000 0.000000 0.000000 0.000000 0.007547 0.000000 0.000000 0.000000 0.000000 
0.780054 0.007008 0.000000 0.000000 0.000000 0.000000 0.000539 0.000000 0.000000 0.000000 0.000000 0.000000 0.000000 0.000000 0.000000 0.111051 0.046900 0.054447 0.000000 0.000000 
0.097574 0.620485 0.000000 0.000000 0.000000 0.000000 0.000000 0.000000 0.000000 0.000000 0.000000 0.098652 0.000000 0.000000 0.000000 0.155795 0.027493 0.000000 0.000000 0.000000 
0.002156 0.001078 0.000000 0.000000 0.004852 0.000000 0.000000 0.056604 0.000000 0.814016 0.037736 0.000000 0.000000 0.000000 0.000000 0.000000 0.000000 0.083558 0.000000 0.000000 
0.005391 0.000000 0.000000 0.000000 0.000000 0.000000 0.398383 0.000000 0.000000 0.000000 0.000000 0.007008 0.000000 0.587601 0.000000 0.000539 0.001078 0.000000 0.000000 0.000000 
0.001617 0.000539 0.000000 0.000000 0.143396 0.000000 0.000539 0.201078 0.000000 0.201078 0.005391 0.000000 0.000000 0.000000 0.000000 0.000000 0.000539 0.445822 0.000000 0.000000 
0.101348 0.014016 0.794070 0.000539 0.000000 0.046361 0.000000 0.000000 0.000000 0.000000 0.000539 0.005930 0.000000 0.001078 0.000000 0.036119 0.000000 0.000000 0.000000 0.000000 
0.453908 0.004313 0.000000 0.000000 0.321833 0.004852 0.000000 0.018329 0.000000 0.116442 0.011860 0.000000 0.000000 0.000000 0.000000 0.011321 0.040431 0.015094 0.000000 0.001617 
0.161186 0.084636 0.000000 0.000000 0.003774 0.023181 0.001078 0.018868 0.000000 0.003235 0.000000 0.010243 0.000000 0.000000 0.000000 0.109973 0.092722 0.446900 0.044205 0.000000 
0.086792 0.146092 0.000000 0.000000 0.000000 0.000000 0.000000 0.043127 0.001078 0.008625 0.002695 0.003774 0.000000 0.025876 0.000000 0.437736 0.162264 0.081941 0.000000 0.000000 
0.019946 0.000000 0.000000 0.000539 0.000000 0.000539 0.133154 0.003235 0.000000 0.003774 0.000000 0.000000 0.357412 0.043666 0.088949 0.012938 0.004313 0.000000 0.018329 0.313208 
0.000000 0.000000 0.000000 0.000000 0.000000 0.000000 0.000000 0.000000 0.000000 0.000000 0.000000 0.998383 0.000000 0.000000 0.000000 0.001078 0.000539 0.000000 0.000000 0.000000 
0.598383 0.016712 0.000000 0.000000 0.321833 0.000000 0.012399 0.000000 0.000000 0.012938 0.000539 0.000000 0.000000 0.000000 0.000000 0.000539 0.001078 0.033962 0.000000 0.001617 
0.049596 0.001078 0.000000 0.000000 0.332075 0.091105 0.000000 0.020485 0.014016 0.102426 0.003235 0.000000 0.000000 0.002695 0.035040 0.005930 0.026954 0.314286 0.000000 0.001078 
0.000000 0.000000 0.000000 0.000000 0.096496 0.000000 0.000000 0.722911 0.000000 0.153639 0.000539 0.000000 0.000000 0.000000 0.000000 0.000000 0.000000 0.026415 0.000000 0.000000 
0.000000 0.005391 0.000000 0.000539 0.000000 0.000000 0.000539 0.000000 0.000000 0.071698 0.000000 0.000000 0.000000 0.921833 0.000000 0.000000 0.000000 0.000000 0.000000 0.000000 
0.000000 0.000000 0.000000 1.000000 0.000000 0.000000 0.000000 0.000000 0.000000 0.000000 0.000000 0.000000 0.000000 0.000000 0.000000 0.000000 0.000000 0.000000 0.000000 0.000000 
0.000000 0.000000 0.000000 0.000000 0.013477 0.000000 0.005930 0.001617 0.000000 0.000539 0.130458 0.000539 0.000000 0.703504 0.001078 0.009164 0.009164 0.000000 0.000000 0.124528 
0.003774 0.000000 0.000539 0.000000 0.005391 0.009704 0.000000 0.000000 0.011860 0.000539 0.091105 0.001078 0.002156 0.000000 0.039892 0.833423 0.000000 0.000000 0.000000 0.000539 

MOTIF files/output.4.matrix.0_166
letter-probability matrix: alength= 20 w= 30 nsites= 3186 E= 0.000001
0.369115 0.000314 0.000000 0.000000 0.000314 0.000314 0.000000 0.016635 0.000000 0.180163 0.020716 0.000000 0.000000 0.000000 0.000942 0.002197 0.038920 0.370370 0.000000 0.000000 
0.000000 0.000000 0.000000 0.000000 0.000000 0.000000 0.000000 0.000000 0.000000 0.000314 0.000000 0.033271 0.000000 0.000000 0.000000 0.000000 0.000000 0.000000 0.445700 0.520716 
0.126805 0.023854 0.000000 0.000000 0.000000 0.048336 0.000000 0.000000 0.000000 0.000000 0.000000 0.000628 0.001255 0.019146 0.019774 0.330508 0.400188 0.029504 0.000000 0.000000 
0.000000 0.000000 0.000000 0.000000 0.000000 0.000000 0.029504 0.000000 0.000000 0.446955 0.000000 0.000000 0.000000 0.000000 0.000628 0.000942 0.031701 0.000000 0.490270 0.000000 
0.472065 0.000628 0.000000 0.000000 0.000000 0.000000 0.000000 0.321720 0.000000 0.005336 0.000314 0.000000 0.000000 0.000000 0.000000 0.000314 0.010044 0.189579 0.000000 0.000000 
0.005336 0.000000 0.000000 0.000000 0.000000 0.517577 0.001883 0.000000 0.000942 0.000000 0.000000 0.028876 0.000314 0.000314 0.000000 0.441933 0.001883 0.000000 0.000000 0.000942 
0.005650 0.000628 0.028876 0.000000 0.000000 0.963905 0.000000 0.000314 0.000000 0.000000 0.000000 0.000000 0.000000 0.000000 0.000000 0.000628 0.000000 0.000000 0.000000 0.000000 
0.012241 0.000942 0.869743 0.013497 0.000000 0.019774 0.000628 0.000000 0.000942 0.000628 0.000000 0.057753 0.000000 0.003453 0.000628 0.003139 0.014124 0.002511 0.000000 0.000000 
0.011927 0.000314 0.014752 0.025424 0.000000 0.002511 0.002511 0.002511 0.007219 0.000942 0.000942 0.001883 0.007219 0.000314 0.441620 0.034840 0.435342 0.007847 0.000000 0.001883 
0.187696 0.000314 0.023540 0.114564 0.002197 0.054614 0.002511 0.026051 0.008161 0.002511 0.000314 0.004394 0.510358 0.029818 0.005964 0.009730 0.006591 0.010672 0.000000 0.000000 
0.232894 0.000628 0.028249 0.046139 0.000000 0.029818 0.007533 0.002197 0.213434 0.001883 0.000628 0.016008 0.000628 0.041745 0.178280 0.167922 0.027935 0.003766 0.000000 0.000314 
0.031701 0.000000 0.784683 0.161331 0.000000 0.005022 0.000628 0.000628 0.000000 0.000628 0.000000 0.006591 0.000000 0.003139 0.002511 0.000942 0.000000 0.002197 0.000000 0.000000 
0.009419 0.000628 0.000000 0.000942 0.000000 0.000000 0.000000 0.459969 0.000000 0.028885 0.001570 0.000000 0.000000 0.000314 0.000000 0.000314 0.122135 0.375824 0.000000 0.000000 
0.506905 0.000000 0.055869 0.142498 0.001255 0.053672 0.000628 0.152542 0.004708 0.012555 0.000628 0.002825 0.000000 0.005022 0.006277 0.005336 0.001569 0.047081 0.000000 0.000628 
0.121783 0.000000 0.124608 0.528249 0.000000 0.005336 0.002511 0.008475 0.020402 0.005964 0.001255 0.062147 0.000000 0.025424 0.056183 0.019460 0.007219 0.010986 0.000000 0.000000 
0.598242 0.000000 0.005336 0.027935 0.000000 0.189266 0.006591 0.000000 0.000314 0.005650 0.010672 0.062461 0.000000 0.071249 0.003453 0.007533 0.001883 0.009416 0.000000 0.000000 
0.376648 0.000000 0.000000 0.276836 0.001883 0.013183 0.008788 0.135279 0.023540 0.012869 0.009730 0.001883 0.000000 0.053358 0.058694 0.001569 0.003139 0.022599 0.000000 0.000000 
0.083490 0.000628 0.004708 0.059950 0.000000 0.004394 0.035782 0.002511 0.372254 0.053045 0.010358 0.010986 0.000000 0.075643 0.226930 0.015066 0.037979 0.005650 0.000628 0.000000 
0.137163 0.001883 0.053672 0.139046 0.001569 0.009102 0.003766 0.003139 0.075330 0.080665 0.326742 0.007219 0.000000 0.032329 0.031387 0.018205 0.060891 0.016635 0.000628 0.000628 
0.093534 0.004708 0.000314 0.000942 0.001883 0.000000 0.001255 0.104206 0.028876 0.457941 0.007219 0.001255 0.000000 0.034526 0.117075 0.000314 0.001569 0.099184 0.000000 0.045198 
0.128414 0.000314 0.135322 0.170487 0.004710 0.004710 0.003454 0.027002 0.065306 0.027316 0.014129 0.000628 0.000000 0.033909 0.128100 0.007849 0.010989 0.233281 0.001256 0.002826 
0.227872 0.000314 0.090395 0.253296 0.000628 0.038606 0.000000 0.033271 0.017263 0.156937 0.008475 0.026051 0.000000 0.059636 0.028249 0.028876 0.015066 0.015066 0.000000 0.000000 
0.077213 0.000000 0.004708 0.019774 0.001255 0.048336 0.003139 0.102637 0.121783 0.029818 0.006591 0.003766 0.000000 0.114878 0.452291 0.009102 0.002197 0.002511 0.000000 0.000000 
0.000000 0.000000 0.000000 0.007847 0.000000 0.554928 0.000628 0.000000 0.001255 0.003766 0.000000 0.000000 0.000000 0.002825 0.427181 0.000314 0.000000 0.000000 0.001255 0.000000 
0.001569 0.000314 0.000000 0.000000 0.466729 0.000000 0.441620 0.002825 0.000000 0.036095 0.002825 0.000000 0.000000 0.000000 0.000000 0.000000 0.000000 0.000000 0.000942 0.047081 
0.003139 0.010986 0.173886 0.004708 0.000000 0.003453 0.010358 0.000000 0.129002 0.008161 0.000314 0.154739 0.000314 0.041117 0.238544 0.019460 0.201507 0.000000 0.000314 0.000000 
0.417137 0.051789 0.022913 0.000314 0.005022 0.000628 0.035154 0.143440 0.000000 0.007847 0.000000 0.000628 0.000000 0.004708 0.014752 0.005336 0.223478 0.066855 0.000000 0.000000 
0.000000 0.015071 0.000000 0.000000 0.594349 0.000000 0.000000 0.108006 0.000000 0.045840 0.000314 0.000000 0.000000 0.000000 0.000000 0.000000 0.000314 0.236107 0.000000 0.000000 
0.000000 0.000000 0.000000 0.000000 0.000000 0.000000 0.000000 0.000000 0.972065 0.000000 0.000000 0.000000 0.000000 0.000000 0.027935 0.000000 0.000000 0.000000 0.000000 0.000000 
0.000000 0.000000 0.000000 0.000000 0.020716 0.000000 0.000000 0.027621 0.000000 0.602323 0.333647 0.000000 0.000000 0.000000 0.000000 0.000000 0.001883 0.013810 0.000000 0.000000 

