MEME version 4

ALPHABET= ACDEFGHIKLMNPQRSTVWY

Background letter frequencies
A 0.1134 C 0.0105 D 0.0638 E 0.0702 F 0.0297 G 0.0889 H 0.0205 I 0.0614 K 0.0495 L 0.0963 
M 0.0246 N 0.036 P 0.0427 Q 0.0317 R 0.0509 S 0.0508 T 0.0505 V 0.0702 W 0.0129 
Y 0.0257 

MOTIF files/output.4.matrix.0_6
letter-probability matrix: alength= 20 w= 30 nsites= 8609 E= 0.000001
0.029156 0.000232 0.008712 0.003020 0.000348 0.463236 0.009293 0.015797 0.007550 0.024625 0.000116 0.038680 0.022302 0.000232 0.019282 0.061912 0.056569 0.238936 0.000000 0.000000 
0.136137 0.000697 0.044024 0.022070 0.032989 0.352654 0.030782 0.009525 0.047392 0.026484 0.004298 0.012429 0.049948 0.042281 0.047625 0.073295 0.009641 0.028575 0.003833 0.025322 
0.192750 0.001162 0.083420 0.073893 0.008481 0.084815 0.009876 0.016498 0.077495 0.019170 0.000929 0.034623 0.044266 0.042407 0.225049 0.024631 0.041129 0.015453 0.000000 0.003950 
0.088860 0.000929 0.244279 0.086305 0.000813 0.138576 0.003485 0.001626 0.091764 0.001742 0.000116 0.093507 0.090254 0.005227 0.014171 0.103729 0.031363 0.001742 0.000581 0.000929 
0.040655 0.015333 0.004879 0.006389 0.009641 0.009990 0.001278 0.156813 0.001742 0.309908 0.026949 0.007899 0.081775 0.002439 0.008712 0.013358 0.019398 0.273086 0.007086 0.002672 
0.191311 0.000000 0.218260 0.178302 0.001045 0.023580 0.032292 0.003601 0.059008 0.008596 0.005924 0.018353 0.005924 0.072134 0.113137 0.036241 0.018701 0.012080 0.000000 0.001510 
0.124056 0.000116 0.217215 0.210594 0.000465 0.013358 0.018353 0.006505 0.118481 0.077012 0.004298 0.003485 0.000348 0.069114 0.055407 0.019514 0.042165 0.015217 0.002788 0.001510 
0.098385 0.005576 0.706122 0.042397 0.000000 0.000000 0.000000 0.008363 0.001510 0.003601 0.000813 0.082007 0.000232 0.000465 0.000000 0.001626 0.005111 0.043791 0.000000 0.000000 
0.054013 0.011848 0.000465 0.016146 0.004182 0.000581 0.000697 0.271112 0.006853 0.228714 0.009873 0.000000 0.000000 0.008828 0.027181 0.001510 0.014404 0.341503 0.001045 0.001045 
0.316529 0.000813 0.060750 0.207341 0.000000 0.007434 0.006505 0.001278 0.066326 0.003949 0.000697 0.047625 0.000929 0.024625 0.229876 0.007202 0.010222 0.007550 0.000000 0.000348 
0.017772 0.000813 0.000813 0.009176 0.016146 0.002439 0.157510 0.013126 0.022418 0.023232 0.040190 0.035428 0.002788 0.014520 0.535602 0.016146 0.049367 0.032640 0.002672 0.007202 
0.041701 0.034034 0.000000 0.000000 0.017307 0.001162 0.000000 0.186665 0.000000 0.188291 0.024277 0.000232 0.000000 0.000000 0.000465 0.000000 0.015797 0.490069 0.000000 0.000000 
0.286909 0.001742 0.018818 0.131374 0.002091 0.014868 0.011151 0.055988 0.077826 0.023928 0.000581 0.004298 0.000000 0.045766 0.205250 0.038448 0.055639 0.023232 0.000697 0.001394 
0.517830 0.000813 0.054013 0.062609 0.000929 0.008828 0.004646 0.081078 0.044953 0.046579 0.006505 0.001742 0.000000 0.058660 0.023928 0.033221 0.038680 0.014287 0.000348 0.000348 
0.122793 0.002440 0.000000 0.000000 0.000581 0.000000 0.015567 0.394981 0.000349 0.090265 0.067031 0.000000 0.000000 0.004414 0.000232 0.000000 0.004763 0.293332 0.001743 0.001510 
0.027645 0.006040 0.002555 0.000000 0.000232 0.001162 0.016843 0.007899 0.128586 0.050412 0.002207 0.003020 0.000000 0.002555 0.708096 0.006505 0.005343 0.019979 0.004066 0.006853 
0.083517 0.000232 0.106400 0.473458 0.000116 0.008363 0.002904 0.000465 0.105471 0.000929 0.000465 0.036473 0.000232 0.047625 0.070856 0.052852 0.006389 0.001510 0.000000 0.001742 
0.509002 0.001626 0.002091 0.069230 0.001975 0.012893 0.021721 0.013474 0.061215 0.025787 0.006156 0.002323 0.000000 0.011732 0.079916 0.030549 0.022651 0.126844 0.000465 0.000348 
0.023348 0.052503 0.000000 0.000000 0.073179 0.000813 0.000581 0.177140 0.000348 0.309327 0.018121 0.000000 0.001045 0.000000 0.000000 0.000697 0.004182 0.336857 0.000000 0.001859 
0.011964 0.000000 0.010454 0.010803 0.000000 0.880242 0.000348 0.000000 0.003833 0.000000 0.000000 0.001394 0.059240 0.012777 0.003252 0.004530 0.001045 0.000116 0.000000 0.000000 
0.045069 0.000465 0.206993 0.094901 0.008828 0.047276 0.003252 0.000465 0.050064 0.002672 0.001162 0.081891 0.344872 0.005343 0.015565 0.039958 0.011035 0.001278 0.011500 0.027413 
0.034150 0.001162 0.395865 0.103380 0.000116 0.072366 0.032756 0.000697 0.022186 0.002672 0.003949 0.075967 0.000116 0.038100 0.132071 0.048786 0.021721 0.001162 0.000232 0.012545 
0.180530 0.004647 0.003485 0.000349 0.134061 0.073885 0.001046 0.218866 0.004298 0.015567 0.014173 0.010688 0.003834 0.012082 0.072955 0.004066 0.036594 0.201789 0.000116 0.006970 
0.071437 0.001975 0.080265 0.073412 0.002788 0.084447 0.009525 0.005924 0.098037 0.020792 0.004298 0.010222 0.078871 0.032524 0.133000 0.139505 0.060053 0.010454 0.063422 0.019050 
0.000232 0.000232 0.000000 0.000000 0.074457 0.000000 0.000000 0.306424 0.000000 0.433732 0.018585 0.000000 0.000000 0.000116 0.000000 0.000000 0.000116 0.166105 0.000000 0.000000 
0.126540 0.001975 0.000000 0.000000 0.001511 0.128980 0.000232 0.005694 0.004416 0.005926 0.246805 0.000000 0.000000 0.003370 0.433186 0.003602 0.016268 0.004648 0.000813 0.016035 
0.024509 0.000929 0.000000 0.000000 0.011267 0.001859 0.000000 0.175862 0.000000 0.248112 0.022883 0.000000 0.000116 0.000232 0.000000 0.000116 0.002323 0.498083 0.004530 0.009176 
0.000000 0.000000 0.970961 0.028923 0.000000 0.000000 0.000000 0.000000 0.000000 0.000000 0.000000 0.000116 0.000000 0.000000 0.000000 0.000000 0.000000 0.000000 0.000000 0.000000 
0.489836 0.118829 0.000000 0.000000 0.153560 0.016727 0.002555 0.011732 0.000000 0.003485 0.001742 0.000000 0.005924 0.000000 0.000000 0.000929 0.000232 0.191195 0.001859 0.001394 
0.000000 0.000000 0.000000 0.000000 0.000000 0.000000 0.158787 0.000000 0.000000 0.000000 0.000000 0.723313 0.000000 0.000000 0.000116 0.000232 0.000000 0.000000 0.068649 0.048902 

MOTIF files/output.4.matrix.0_54
letter-probability matrix: alength= 20 w= 30 nsites= 938 E= 0.000001
0.321238 0.001067 0.014941 0.003202 0.002134 0.457844 0.000000 0.007471 0.001067 0.001067 0.000000 0.001067 0.000000 0.005336 0.001067 0.171825 0.008538 0.002134 0.000000 0.000000 
0.012807 0.000000 0.009605 0.003202 0.000000 0.778015 0.001067 0.007471 0.002134 0.001067 0.000000 0.001067 0.000000 0.002134 0.000000 0.168623 0.009605 0.002134 0.001067 0.000000 
0.005336 0.000000 0.000000 0.000000 0.000000 0.991462 0.000000 0.000000 0.002134 0.000000 0.000000 0.000000 0.000000 0.000000 0.001067 0.000000 0.000000 0.000000 0.000000 0.000000 
0.257204 0.000000 0.205977 0.000000 0.000000 0.536820 0.000000 0.000000 0.000000 0.000000 0.000000 0.000000 0.000000 0.000000 0.000000 0.000000 0.000000 0.000000 0.000000 0.000000 
0.000000 0.001067 0.791889 0.000000 0.000000 0.001067 0.000000 0.000000 0.000000 0.000000 0.000000 0.002134 0.000000 0.000000 0.000000 0.000000 0.000000 0.001067 0.000000 0.202775 
0.000000 0.004269 0.000000 0.000000 0.003202 0.000000 0.200640 0.000000 0.000000 0.000000 0.000000 0.000000 0.000000 0.000000 0.000000 0.000000 0.002134 0.000000 0.000000 0.789755 
0.000000 0.000000 0.008538 0.000000 0.005336 0.000000 0.790822 0.000000 0.000000 0.001067 0.000000 0.171825 0.000000 0.003202 0.017076 0.002134 0.000000 0.000000 0.000000 0.000000 
0.001067 0.000000 0.593383 0.000000 0.000000 0.000000 0.000000 0.000000 0.000000 0.001067 0.000000 0.172892 0.000000 0.028815 0.021345 0.005336 0.000000 0.176094 0.000000 0.000000 
0.021345 0.000000 0.000000 0.026681 0.000000 0.011740 0.002134 0.000000 0.134472 0.000000 0.000000 0.002134 0.001067 0.610459 0.004269 0.004269 0.001067 0.180363 0.000000 0.000000 
0.077908 0.000000 0.017076 0.035219 0.000000 0.618997 0.002134 0.000000 0.148346 0.000000 0.000000 0.003202 0.027748 0.018143 0.011740 0.032017 0.005336 0.002134 0.000000 0.000000 
0.298826 0.000000 0.117396 0.056564 0.000000 0.463180 0.002134 0.000000 0.012807 0.000000 0.000000 0.003202 0.001067 0.012807 0.009605 0.013874 0.004269 0.004269 0.000000 0.000000 
0.004269 0.000000 0.037353 0.016009 0.000000 0.403415 0.211313 0.000000 0.000000 0.000000 0.000000 0.313767 0.001067 0.002134 0.000000 0.004269 0.003202 0.000000 0.000000 0.003202 
0.000000 0.000000 0.000000 0.000000 0.000000 0.000000 0.794023 0.000000 0.000000 0.000000 0.000000 0.000000 0.000000 0.000000 0.000000 0.000000 0.000000 0.000000 0.204909 0.001067 
0.000000 0.000000 0.000000 0.000000 0.000000 0.001067 0.000000 0.023479 0.000000 0.182497 0.000000 0.000000 0.000000 0.000000 0.000000 0.000000 0.000000 0.000000 0.791889 0.001067 
0.000000 0.000000 0.000000 0.000000 0.000000 0.000000 0.000000 0.765208 0.000000 0.181430 0.000000 0.000000 0.000000 0.000000 0.000000 0.000000 0.002134 0.050160 0.000000 0.001067 
0.002134 0.000000 0.752401 0.001067 0.000000 0.001067 0.000000 0.154749 0.000000 0.004269 0.000000 0.003202 0.000000 0.009605 0.000000 0.003202 0.001067 0.067236 0.000000 0.000000 
0.001067 0.000000 0.726788 0.003202 0.000000 0.025614 0.001067 0.000000 0.012807 0.000000 0.000000 0.042689 0.001067 0.009605 0.000000 0.138741 0.037353 0.000000 0.000000 0.000000 
0.003202 0.000000 0.042689 0.001067 0.002134 0.010672 0.550694 0.000000 0.050160 0.007471 0.001067 0.051227 0.060832 0.029883 0.003202 0.141942 0.037353 0.000000 0.000000 0.006403 
0.003202 0.000000 0.042689 0.000000 0.003202 0.000000 0.000000 0.780149 0.050160 0.007471 0.001067 0.022412 0.060832 0.000000 0.000000 0.014941 0.000000 0.010672 0.000000 0.003202 
0.560299 0.004269 0.000000 0.000000 0.001067 0.000000 0.000000 0.202775 0.000000 0.001067 0.000000 0.000000 0.000000 0.000000 0.000000 0.228388 0.002134 0.000000 0.000000 0.000000 
0.039488 0.009605 0.000000 0.000000 0.000000 0.000000 0.000000 0.000000 0.000000 0.000000 0.000000 0.028815 0.007471 0.000000 0.000000 0.166489 0.747065 0.000000 0.001067 0.000000 
0.000000 0.009605 0.000000 0.000000 0.000000 0.000000 0.000000 0.003202 0.000000 0.001067 0.000000 0.025614 0.781217 0.000000 0.000000 0.010672 0.168623 0.000000 0.000000 0.000000 
0.021368 0.038462 0.000000 0.000000 0.000000 0.000000 0.000000 0.005342 0.000000 0.000000 0.726496 0.000000 0.204060 0.000000 0.000000 0.003205 0.000000 0.001068 0.000000 0.000000 
0.129136 0.039488 0.000000 0.000000 0.000000 0.013874 0.011740 0.000000 0.000000 0.000000 0.144077 0.001067 0.000000 0.000000 0.000000 0.638207 0.022412 0.000000 0.000000 0.000000 
0.010672 0.000000 0.000000 0.000000 0.000000 0.027748 0.009605 0.024546 0.500534 0.003202 0.001067 0.000000 0.003202 0.025614 0.198506 0.162220 0.024546 0.008538 0.000000 0.000000 
0.000000 0.000000 0.000000 0.000000 0.010672 0.027748 0.003202 0.006403 0.075774 0.001067 0.004269 0.000000 0.000000 0.024546 0.061900 0.002134 0.002134 0.002134 0.131270 0.646745 
0.028815 0.000000 0.017076 0.138741 0.009605 0.000000 0.005336 0.000000 0.054429 0.001067 0.000000 0.000000 0.271078 0.002134 0.264674 0.010672 0.003202 0.000000 0.129136 0.064034 
0.041622 0.000000 0.249733 0.441836 0.000000 0.004269 0.000000 0.000000 0.038420 0.001067 0.000000 0.010672 0.022412 0.169691 0.009605 0.008538 0.001067 0.000000 0.000000 0.001067 
0.007471 0.000000 0.008538 0.034152 0.011740 0.000000 0.000000 0.000000 0.035219 0.000000 0.000000 0.009605 0.003202 0.097118 0.010672 0.000000 0.000000 0.000000 0.002134 0.780149 
0.000000 0.000000 0.001066 0.329424 0.009595 0.000000 0.000000 0.000000 0.068230 0.000000 0.001066 0.000000 0.000000 0.000000 0.395522 0.000000 0.000000 0.000000 0.002132 0.192964 

MOTIF files/output.4.matrix.0_55
letter-probability matrix: alength= 20 w= 30 nsites= 789 E= 0.000001
0.000000 0.000000 0.000000 0.011421 0.000000 0.969543 0.000000 0.000000 0.000000 0.000000 0.000000 0.000000 0.000000 0.000000 0.000000 0.019036 0.000000 0.000000 0.000000 0.000000 
0.000000 0.000000 0.000000 0.000000 0.000000 0.000000 0.000000 0.927665 0.000000 0.053299 0.000000 0.000000 0.000000 0.000000 0.000000 0.000000 0.019036 0.000000 0.000000 0.000000 
0.001269 0.000000 0.016497 0.000000 0.000000 0.022843 0.000000 0.000000 0.000000 0.000000 0.000000 0.947970 0.000000 0.000000 0.002538 0.008883 0.000000 0.000000 0.000000 0.000000 
0.046954 0.000000 0.000000 0.000000 0.000000 0.000000 0.019036 0.001269 0.000000 0.000000 0.000000 0.000000 0.000000 0.000000 0.000000 0.000000 0.002538 0.930203 0.000000 0.000000 
0.000000 0.000000 0.000000 0.000000 0.000000 0.000000 0.000000 0.030457 0.000000 0.959391 0.010152 0.000000 0.000000 0.000000 0.000000 0.000000 0.000000 0.000000 0.000000 0.000000 
0.000000 0.000000 0.019036 0.000000 0.000000 0.942893 0.000000 0.000000 0.021574 0.000000 0.000000 0.002538 0.000000 0.000000 0.000000 0.002538 0.011421 0.000000 0.000000 0.000000 
0.010165 0.000000 0.000000 0.000000 0.000000 0.001271 0.000000 0.000000 0.000000 0.000000 0.000000 0.000000 0.000000 0.000000 0.001271 0.280813 0.706480 0.000000 0.000000 0.000000 
0.000000 0.001271 0.000000 0.000000 0.214740 0.000000 0.000000 0.033037 0.000000 0.730623 0.000000 0.000000 0.000000 0.000000 0.000000 0.000000 0.000000 0.020330 0.000000 0.000000 
0.007624 0.144854 0.000000 0.000000 0.035578 0.000000 0.000000 0.302414 0.000000 0.057179 0.000000 0.000000 0.000000 0.000000 0.000000 0.000000 0.000000 0.452351 0.000000 0.000000 
0.000000 0.000000 0.000000 0.000000 0.000000 0.000000 0.000000 0.038071 0.000000 0.001269 0.000000 0.000000 0.000000 0.000000 0.000000 0.000000 0.000000 0.960660 0.000000 0.000000 
0.000000 0.000000 0.000000 0.960660 0.000000 0.000000 0.000000 0.000000 0.025381 0.000000 0.000000 0.000000 0.000000 0.007614 0.000000 0.000000 0.001269 0.005076 0.000000 0.000000 
0.006345 0.000000 0.000000 0.000000 0.000000 0.000000 0.000000 0.442893 0.000000 0.043147 0.000000 0.000000 0.000000 0.000000 0.000000 0.000000 0.000000 0.507614 0.000000 0.000000 
0.000000 0.000000 0.000000 0.947970 0.000000 0.001269 0.012690 0.002538 0.000000 0.000000 0.000000 0.000000 0.000000 0.000000 0.000000 0.010152 0.020305 0.005076 0.000000 0.000000 
0.880711 0.007614 0.022843 0.000000 0.000000 0.021574 0.000000 0.000000 0.000000 0.024112 0.000000 0.000000 0.000000 0.000000 0.000000 0.026650 0.016497 0.000000 0.000000 0.000000 
0.019036 0.001269 0.129442 0.413706 0.000000 0.002538 0.000000 0.002538 0.000000 0.000000 0.000000 0.003807 0.000000 0.000000 0.000000 0.281726 0.144670 0.001269 0.000000 0.000000 
0.015228 0.000000 0.515228 0.002538 0.000000 0.000000 0.000000 0.000000 0.000000 0.000000 0.000000 0.444162 0.000000 0.000000 0.002538 0.005076 0.015228 0.000000 0.000000 0.000000 
0.000000 0.000000 0.000000 0.000000 0.000000 0.984772 0.000000 0.000000 0.000000 0.000000 0.000000 0.000000 0.000000 0.000000 0.013959 0.001269 0.000000 0.000000 0.000000 0.000000 
0.001269 0.000000 0.000000 0.011421 0.000000 0.000000 0.002538 0.002538 0.005076 0.001269 0.011421 0.025381 0.002538 0.393401 0.010152 0.015228 0.487310 0.030457 0.000000 0.000000 
0.000000 0.003807 0.000000 0.002538 0.000000 0.000000 0.000000 0.069797 0.130711 0.001269 0.001269 0.000000 0.000000 0.001269 0.002538 0.002538 0.442893 0.341371 0.000000 0.000000 
0.000000 0.000000 0.000000 0.000000 0.000000 1.000000 0.000000 0.000000 0.000000 0.000000 0.000000 0.000000 0.000000 0.000000 0.000000 0.000000 0.000000 0.000000 0.000000 0.000000 
0.000000 0.002538 0.000000 0.000000 0.907360 0.000000 0.000000 0.016497 0.000000 0.010152 0.000000 0.000000 0.000000 0.000000 0.000000 0.000000 0.000000 0.026650 0.000000 0.036802 
0.901015 0.000000 0.000000 0.000000 0.000000 0.082487 0.000000 0.000000 0.000000 0.000000 0.000000 0.000000 0.000000 0.000000 0.000000 0.015228 0.000000 0.000000 0.001269 0.000000 
0.005076 0.000000 0.000000 0.011421 0.000000 0.000000 0.000000 0.030457 0.000000 0.005076 0.000000 0.000000 0.000000 0.000000 0.000000 0.000000 0.244924 0.703046 0.000000 0.000000 
0.029188 0.000000 0.000000 0.000000 0.000000 0.248731 0.000000 0.000000 0.000000 0.000000 0.000000 0.000000 0.000000 0.000000 0.000000 0.426396 0.294416 0.001269 0.000000 0.000000 
0.000000 0.000000 0.000000 0.000000 0.232234 0.000000 0.001269 0.013959 0.000000 0.006345 0.003807 0.000000 0.021574 0.005076 0.000000 0.011421 0.704315 0.000000 0.000000 0.000000 
0.431472 0.000000 0.000000 0.000000 0.000000 0.553299 0.000000 0.000000 0.000000 0.000000 0.000000 0.000000 0.012690 0.001269 0.000000 0.000000 0.001269 0.000000 0.000000 0.000000 
0.001269 0.000000 0.000000 0.001269 0.000000 0.965736 0.001269 0.000000 0.000000 0.000000 0.000000 0.000000 0.000000 0.000000 0.000000 0.000000 0.019036 0.000000 0.000000 0.011421 
0.016497 0.001269 0.011421 0.678934 0.001269 0.000000 0.000000 0.000000 0.001269 0.000000 0.000000 0.002538 0.236041 0.001269 0.000000 0.000000 0.019036 0.003807 0.002538 0.024112 
0.020279 0.000000 0.000000 0.001267 0.001267 0.000000 0.001267 0.098859 0.000000 0.025349 0.397972 0.000000 0.448669 0.000000 0.000000 0.000000 0.001267 0.002535 0.001267 0.000000 
0.401774 0.001267 0.000000 0.000000 0.000000 0.556401 0.000000 0.019011 0.000000 0.001267 0.000000 0.000000 0.000000 0.000000 0.001267 0.005070 0.000000 0.011407 0.000000 0.002535 

MOTIF files/output.4.matrix.0_56
letter-probability matrix: alength= 20 w= 30 nsites= 767 E= 0.000001
0.001304 0.000000 0.000000 0.059974 0.000000 0.000000 0.015645 0.000000 0.668840 0.001304 0.000000 0.052151 0.000000 0.159061 0.037810 0.001304 0.002608 0.000000 0.000000 0.000000 
0.000000 0.000000 0.000000 0.000000 0.000000 0.000000 1.000000 0.000000 0.000000 0.000000 0.000000 0.000000 0.000000 0.000000 0.000000 0.000000 0.000000 0.000000 0.000000 0.000000 
0.000000 0.000000 0.000000 0.000000 0.263364 0.000000 0.000000 0.002608 0.000000 0.730117 0.000000 0.000000 0.000000 0.000000 0.000000 0.000000 0.000000 0.000000 0.000000 0.003911 
0.269883 0.001304 0.019557 0.182529 0.000000 0.000000 0.000000 0.000000 0.032595 0.003911 0.000000 0.423729 0.000000 0.005215 0.009126 0.044329 0.006519 0.000000 0.001304 0.000000 
0.000000 0.000000 0.000000 0.000000 0.000000 0.000000 0.000000 0.000000 0.000000 0.001304 0.000000 0.000000 0.000000 0.001304 0.997392 0.000000 0.000000 0.000000 0.000000 0.000000 
0.000000 0.000000 0.000000 0.000000 0.998696 0.000000 0.000000 0.000000 0.000000 0.000000 0.000000 0.000000 0.000000 0.000000 0.000000 0.000000 0.000000 0.000000 0.000000 0.001304 
0.000000 0.000000 0.000000 0.000000 0.000000 0.000000 0.000000 0.483703 0.000000 0.440678 0.001304 0.000000 0.000000 0.000000 0.000000 0.000000 0.000000 0.074316 0.000000 0.000000 
0.000000 0.000000 0.000000 0.715776 0.000000 0.000000 0.000000 0.168188 0.002608 0.039113 0.000000 0.000000 0.000000 0.002608 0.002608 0.000000 0.002608 0.066493 0.000000 0.000000 
0.000000 0.000000 0.006519 0.003911 0.000000 0.984355 0.000000 0.000000 0.001304 0.000000 0.000000 0.003911 0.000000 0.000000 0.000000 0.000000 0.000000 0.000000 0.000000 0.000000 
0.275098 0.000000 0.000000 0.009126 0.000000 0.001304 0.000000 0.000000 0.427640 0.001304 0.000000 0.000000 0.000000 0.147327 0.126467 0.011734 0.000000 0.000000 0.000000 0.000000 
0.010430 0.418514 0.310300 0.000000 0.000000 0.000000 0.000000 0.000000 0.039113 0.041721 0.000000 0.011734 0.014342 0.002608 0.110821 0.036506 0.000000 0.000000 0.000000 0.003911 
0.020860 0.002608 0.000000 0.000000 0.000000 0.000000 0.000000 0.007823 0.000000 0.000000 0.000000 0.000000 0.344198 0.000000 0.000000 0.000000 0.000000 0.624511 0.000000 0.000000 
0.015645 0.001304 0.007823 0.006519 0.010430 0.005215 0.005215 0.000000 0.001304 0.000000 0.000000 0.007823 0.000000 0.000000 0.265971 0.423729 0.242503 0.005215 0.001304 0.000000 
0.006519 0.000000 0.814863 0.066493 0.000000 0.000000 0.000000 0.000000 0.001304 0.000000 0.000000 0.101695 0.000000 0.005215 0.001304 0.002608 0.000000 0.000000 0.000000 0.000000 
0.000000 0.000000 0.000000 0.000000 0.001304 0.000000 0.000000 0.636245 0.000000 0.036506 0.002608 0.000000 0.000000 0.000000 0.000000 0.000000 0.195567 0.073012 0.000000 0.054759 
0.002608 0.000000 0.000000 0.323338 0.000000 0.000000 0.000000 0.000000 0.418514 0.000000 0.000000 0.238592 0.000000 0.000000 0.001304 0.009126 0.006519 0.000000 0.000000 0.000000 
0.001304 0.001304 0.049544 0.002608 0.000000 0.000000 0.059974 0.018253 0.260756 0.522816 0.006519 0.014342 0.000000 0.006519 0.044329 0.002608 0.009126 0.000000 0.000000 0.000000 
0.003911 0.000000 0.000000 0.000000 0.001304 0.000000 0.000000 0.650587 0.000000 0.181226 0.151239 0.000000 0.000000 0.000000 0.000000 0.000000 0.010430 0.001304 0.000000 0.000000 
0.000000 0.000000 0.000000 0.000000 0.172099 0.000000 0.419817 0.000000 0.000000 0.000000 0.000000 0.000000 0.000000 0.000000 0.000000 0.005215 0.001304 0.000000 0.376793 0.024772 
0.001304 0.000000 0.796610 0.198175 0.000000 0.001304 0.000000 0.000000 0.000000 0.000000 0.000000 0.002608 0.000000 0.000000 0.000000 0.000000 0.000000 0.000000 0.000000 0.000000 
0.000000 0.000000 0.000000 0.000000 0.000000 0.000000 0.001304 0.000000 0.050847 0.016949 0.005215 0.000000 0.000000 0.919166 0.006519 0.000000 0.000000 0.000000 0.000000 0.000000 
0.000000 0.000000 0.000000 0.000000 0.000000 0.000000 0.000000 0.000000 0.000000 0.010471 0.989529 0.000000 0.000000 0.000000 0.000000 0.000000 0.000000 0.000000 0.000000 0.000000 
0.000000 0.000000 0.000000 0.000000 0.108214 0.000000 0.000000 0.003911 0.000000 0.406780 0.009126 0.000000 0.001304 0.000000 0.000000 0.000000 0.000000 0.001304 0.005215 0.464146 
0.001304 0.000000 0.000000 0.000000 0.126467 0.095176 0.016949 0.000000 0.029987 0.018253 0.000000 0.292047 0.000000 0.037810 0.273794 0.078227 0.000000 0.000000 0.001304 0.028683 
0.711864 0.000000 0.000000 0.000000 0.000000 0.076923 0.000000 0.000000 0.000000 0.000000 0.000000 0.000000 0.000000 0.000000 0.000000 0.209909 0.000000 0.001304 0.000000 0.000000 
0.000000 0.000000 0.000000 0.000000 0.000000 0.000000 0.000000 0.000000 0.000000 0.000000 0.000000 0.000000 0.000000 0.000000 0.000000 0.289439 0.710561 0.000000 0.000000 0.000000 
0.000000 0.000000 0.000000 0.000000 0.000000 0.000000 0.001307 0.007843 0.000000 0.512418 0.369935 0.000000 0.000000 0.096732 0.001307 0.000000 0.002614 0.007843 0.000000 0.000000 
0.000000 0.000000 0.000000 0.000000 0.289439 0.000000 0.002608 0.000000 0.000000 0.000000 0.000000 0.014342 0.006519 0.000000 0.000000 0.000000 0.000000 0.000000 0.000000 0.687093 
0.000000 0.000000 0.000000 0.000000 0.000000 0.000000 0.000000 0.000000 0.000000 0.000000 0.000000 0.000000 0.000000 0.000000 0.000000 0.000000 0.000000 0.000000 0.000000 1.000000 
0.045632 0.000000 0.000000 0.000000 0.000000 0.580183 0.000000 0.000000 0.000000 0.000000 0.000000 0.000000 0.000000 0.000000 0.000000 0.374185 0.000000 0.000000 0.000000 0.000000 

MOTIF files/output.4.matrix.0_58
letter-probability matrix: alength= 20 w= 30 nsites= 770 E= 0.000001
0.784416 0.000000 0.000000 0.001299 0.000000 0.000000 0.000000 0.000000 0.066234 0.001299 0.000000 0.005195 0.103896 0.001299 0.022078 0.010390 0.003896 0.000000 0.000000 0.000000 
0.005195 0.003896 0.000000 0.000000 0.000000 0.002597 0.000000 0.001299 0.002597 0.000000 0.005195 0.000000 0.000000 0.000000 0.000000 0.001299 0.246753 0.731169 0.000000 0.000000 
0.000000 0.000000 0.000000 0.000000 0.000000 0.001300 0.003901 0.000000 0.109233 0.000000 0.000000 0.000000 0.000000 0.001300 0.884265 0.000000 0.000000 0.000000 0.000000 0.000000 
0.002601 0.000000 0.778934 0.136541 0.000000 0.001300 0.001300 0.000000 0.016905 0.000000 0.000000 0.007802 0.007802 0.013004 0.001300 0.020806 0.011704 0.000000 0.000000 0.000000 
0.000000 0.001300 0.014304 0.728218 0.003901 0.000000 0.006502 0.000000 0.036411 0.001300 0.000000 0.001300 0.000000 0.003901 0.193758 0.001300 0.003901 0.001300 0.000000 0.002601 
0.000000 0.000000 0.000000 0.000000 0.000000 0.000000 0.000000 0.473342 0.000000 0.514954 0.002601 0.000000 0.000000 0.006502 0.000000 0.000000 0.000000 0.002601 0.000000 0.000000 
0.003901 0.000000 0.110533 0.031209 0.000000 0.000000 0.027308 0.003901 0.002601 0.000000 0.005202 0.071521 0.041612 0.578674 0.006502 0.027308 0.042913 0.046814 0.000000 0.000000 
0.001300 0.009103 0.000000 0.000000 0.950585 0.000000 0.000000 0.001300 0.000000 0.022107 0.001300 0.000000 0.000000 0.000000 0.000000 0.000000 0.000000 0.014304 0.000000 0.000000 
0.000000 0.000000 0.000000 0.000000 0.000000 0.000000 0.000000 0.000000 0.000000 0.000000 0.000000 0.000000 0.000000 0.000000 0.000000 0.000000 0.000000 0.000000 0.000000 1.000000 
0.723017 0.245774 0.000000 0.000000 0.000000 0.000000 0.000000 0.000000 0.000000 0.013004 0.006502 0.000000 0.000000 0.000000 0.000000 0.007802 0.001300 0.002601 0.000000 0.000000 
0.000000 0.000000 0.000000 0.000000 0.000000 0.000000 0.000000 0.000000 0.000000 0.000000 0.000000 0.000000 0.000000 0.000000 0.000000 0.000000 1.000000 0.000000 0.000000 0.000000 
0.000000 0.001300 0.006502 0.000000 0.000000 0.971391 0.000000 0.000000 0.000000 0.000000 0.000000 0.000000 0.000000 0.000000 0.000000 0.003901 0.016905 0.000000 0.000000 0.000000 
0.697009 0.007802 0.000000 0.000000 0.000000 0.003901 0.000000 0.006502 0.000000 0.000000 0.000000 0.000000 0.260078 0.000000 0.000000 0.023407 0.000000 0.001300 0.000000 0.000000 
0.013004 0.002601 0.015605 0.140442 0.000000 0.000000 0.001300 0.000000 0.007802 0.014304 0.000000 0.007802 0.000000 0.040312 0.755527 0.001300 0.000000 0.000000 0.000000 0.000000 
0.002601 0.000000 0.000000 0.000000 0.000000 0.000000 0.000000 0.000000 0.000000 0.000000 0.000000 0.000000 0.990897 0.002601 0.000000 0.003901 0.000000 0.000000 0.000000 0.000000 
0.084525 0.000000 0.755527 0.015605 0.000000 0.027308 0.000000 0.000000 0.002601 0.000000 0.001300 0.001300 0.007802 0.001300 0.002601 0.009103 0.078023 0.013004 0.000000 0.000000 
0.187256 0.001300 0.000000 0.014304 0.005202 0.000000 0.000000 0.029909 0.019506 0.661899 0.000000 0.001300 0.000000 0.000000 0.003901 0.026008 0.000000 0.041612 0.000000 0.007802 
0.976593 0.000000 0.000000 0.000000 0.000000 0.000000 0.000000 0.001300 0.000000 0.000000 0.000000 0.000000 0.000000 0.000000 0.000000 0.011704 0.006502 0.003901 0.000000 0.000000 
0.000000 0.000000 0.000000 0.003901 0.000000 0.000000 0.000000 0.000000 0.814044 0.000000 0.000000 0.000000 0.000000 0.133940 0.045514 0.001300 0.000000 0.001300 0.000000 0.000000 
0.067620 0.000000 0.036411 0.639792 0.000000 0.007802 0.000000 0.000000 0.126138 0.000000 0.000000 0.003901 0.000000 0.054616 0.020806 0.040312 0.002601 0.000000 0.000000 0.000000 
0.026110 0.000000 0.000000 0.000000 0.016971 0.000000 0.001305 0.003916 0.002611 0.087467 0.843342 0.009138 0.000000 0.006527 0.000000 0.000000 0.001305 0.001305 0.000000 0.000000 
0.000000 0.000000 0.000000 0.001300 0.000000 0.997399 0.000000 0.000000 0.000000 0.000000 0.000000 0.000000 0.000000 0.000000 0.000000 0.001300 0.000000 0.000000 0.000000 0.000000 
0.000000 0.000000 0.000000 0.000000 1.000000 0.000000 0.000000 0.000000 0.000000 0.000000 0.000000 0.000000 0.000000 0.000000 0.000000 0.000000 0.000000 0.000000 0.000000 0.000000 
0.001300 0.000000 0.000000 0.000000 0.024707 0.001300 0.001300 0.749025 0.000000 0.007802 0.007802 0.000000 0.000000 0.000000 0.000000 0.020806 0.005202 0.027308 0.153446 0.000000 
0.022107 0.000000 0.000000 0.000000 0.000000 0.977893 0.000000 0.000000 0.000000 0.000000 0.000000 0.000000 0.000000 0.000000 0.000000 0.000000 0.000000 0.000000 0.000000 0.000000 
0.176853 0.000000 0.000000 0.000000 0.000000 0.803641 0.000000 0.000000 0.000000 0.000000 0.000000 0.000000 0.000000 0.000000 0.000000 0.019506 0.000000 0.000000 0.000000 0.000000 
0.000000 0.000000 0.000000 0.000000 0.000000 0.000000 0.000000 0.000000 1.000000 0.000000 0.000000 0.000000 0.000000 0.000000 0.000000 0.000000 0.000000 0.000000 0.000000 0.000000 
0.000000 0.000000 0.000000 0.000000 0.003906 0.000000 0.000000 0.015625 0.000000 0.132812 0.592448 0.000000 0.000000 0.000000 0.000000 0.000000 0.000000 0.255208 0.000000 0.000000 
0.097529 0.000000 0.000000 0.000000 0.000000 0.000000 0.000000 0.000000 0.000000 0.000000 0.000000 0.000000 0.901170 0.000000 0.000000 0.000000 0.001300 0.000000 0.000000 0.000000 
0.005202 0.013004 0.000000 0.000000 0.000000 0.000000 0.000000 0.000000 0.000000 0.565670 0.003901 0.000000 0.000000 0.000000 0.000000 0.000000 0.405722 0.006502 0.000000 0.000000 

MOTIF files/output.4.matrix.0_64
letter-probability matrix: alength= 20 w= 30 nsites= 1013 E= 0.000001
0.000000 0.000000 0.208292 0.001974 0.000000 0.450148 0.000000 0.000000 0.000000 0.000000 0.000000 0.095755 0.000000 0.050346 0.000000 0.193485 0.000000 0.000000 0.000000 0.000000 
0.066140 0.000000 0.000000 0.000000 0.000000 0.000000 0.000000 0.199408 0.064166 0.017769 0.000000 0.000000 0.000000 0.314906 0.000000 0.001974 0.006910 0.328727 0.000000 0.000000 
0.001974 0.000000 0.002962 0.000000 0.000000 0.000000 0.000000 0.002962 0.000000 0.458045 0.085884 0.000000 0.435341 0.000000 0.000000 0.000000 0.000000 0.001974 0.002962 0.007897 
0.000000 0.005923 0.000000 0.000000 0.000000 0.000000 0.000000 0.002962 0.000000 0.002962 0.020731 0.000000 0.000000 0.000000 0.000000 0.000000 0.000000 0.967423 0.000000 0.000000 
0.000000 0.000000 0.000000 0.000000 0.000000 0.000987 0.000000 0.328727 0.000000 0.001974 0.000000 0.000000 0.000000 0.000000 0.000000 0.000000 0.000987 0.667325 0.000000 0.000000 
0.000000 0.002962 0.000000 0.000000 0.000000 0.000000 0.000000 0.000000 0.000000 0.000000 0.000000 0.000000 0.996051 0.000000 0.000000 0.000987 0.000000 0.000000 0.000000 0.000000 
0.000000 0.000000 0.000000 0.000000 0.000000 0.000000 0.999013 0.000000 0.000000 0.000000 0.000000 0.000000 0.000000 0.000000 0.000000 0.000000 0.000000 0.000000 0.000000 0.000987 
0.410661 0.000000 0.000000 0.000000 0.000000 0.588351 0.000000 0.000000 0.000000 0.000000 0.000000 0.000000 0.000000 0.000000 0.000000 0.000987 0.000000 0.000000 0.000000 0.000000 
0.000000 0.000000 0.000000 0.000000 0.000000 0.241856 0.000000 0.000000 0.000000 0.000000 0.000000 0.000000 0.000000 0.000000 0.000000 0.758144 0.000000 0.000000 0.000000 0.000000 
0.000000 0.000000 0.000000 0.000000 0.000000 0.209279 0.000000 0.000000 0.000000 0.000000 0.000987 0.000000 0.000000 0.240869 0.000000 0.548865 0.000000 0.000000 0.000000 0.000000 
0.005923 0.000987 0.000000 0.000000 0.000000 0.000000 0.000000 0.006910 0.000000 0.037512 0.202369 0.001974 0.181639 0.000000 0.000000 0.005923 0.005923 0.550839 0.000000 0.000000 
0.000000 0.000000 0.000000 0.000000 0.000987 0.000000 0.241856 0.000000 0.000000 0.000000 0.000000 0.000000 0.000000 0.000000 0.000000 0.000000 0.000000 0.000000 0.000000 0.757157 
0.000000 0.000000 0.000000 0.000000 0.000000 0.002962 0.000000 0.000000 0.000000 0.000000 0.000000 0.241856 0.000000 0.000000 0.000000 0.755183 0.000000 0.000000 0.000000 0.000000 
0.000000 0.000000 0.000000 0.000000 0.011846 0.000000 0.318855 0.000000 0.000000 0.000000 0.000000 0.000000 0.000000 0.000000 0.000000 0.000987 0.000000 0.000000 0.000000 0.668312 
0.000000 0.000000 0.000000 0.000000 0.000000 0.000000 0.991115 0.000000 0.000000 0.000000 0.000000 0.000000 0.000000 0.008885 0.000000 0.000000 0.000000 0.000000 0.000000 0.000000 
0.325765 0.000000 0.000000 0.000000 0.393880 0.000000 0.000000 0.003949 0.000000 0.237907 0.000987 0.000000 0.000000 0.000000 0.000000 0.000000 0.000000 0.010859 0.000000 0.026654 
0.008885 0.001974 0.000000 0.000000 0.000000 0.000000 0.000000 0.016782 0.000000 0.000000 0.000000 0.000000 0.000000 0.027641 0.000000 0.002962 0.227048 0.714709 0.000000 0.000000 
0.054294 0.001974 0.000000 0.000987 0.005923 0.000000 0.000000 0.475814 0.000000 0.011846 0.261599 0.000000 0.000000 0.000000 0.000000 0.000000 0.012833 0.165844 0.000000 0.008885 
0.123396 0.000987 0.000000 0.000000 0.000000 0.000000 0.000000 0.000987 0.000000 0.000000 0.000000 0.000000 0.000000 0.000000 0.000000 0.322804 0.550839 0.000000 0.000000 0.000987 
0.000000 0.000000 0.000000 0.000000 0.334650 0.000000 0.000987 0.000000 0.012833 0.000987 0.000000 0.035538 0.000000 0.187562 0.219151 0.093781 0.111550 0.001974 0.000000 0.000987 
0.029615 0.000000 0.000000 0.000987 0.007897 0.000000 0.205331 0.003949 0.000987 0.104640 0.002962 0.008885 0.103653 0.023692 0.001974 0.019743 0.472853 0.012833 0.000000 0.000000 
0.189536 0.000987 0.000000 0.000000 0.000000 0.000987 0.014808 0.000987 0.000000 0.000000 0.000000 0.787759 0.000000 0.000987 0.000000 0.003949 0.000000 0.000000 0.000000 0.000000 
0.005923 0.079961 0.000000 0.001974 0.000000 0.000000 0.000000 0.000000 0.000000 0.000000 0.000000 0.000000 0.001974 0.000000 0.000000 0.508391 0.401777 0.000000 0.000000 0.000000 
0.000987 0.000000 0.006910 0.001974 0.000000 0.000000 0.000000 0.000000 0.000000 0.000000 0.003949 0.000000 0.984205 0.000987 0.000000 0.000987 0.000000 0.000000 0.000000 0.000000 
0.000000 0.000000 0.000987 0.000000 0.742349 0.000000 0.000000 0.048371 0.000000 0.011846 0.194472 0.000000 0.000000 0.000000 0.000000 0.000000 0.000000 0.001974 0.000000 0.000000 
0.331688 0.021718 0.000000 0.000000 0.000000 0.000987 0.001974 0.000000 0.000000 0.000000 0.000000 0.002962 0.000000 0.163870 0.000000 0.458045 0.015795 0.002962 0.000000 0.000000 
0.000000 0.000000 0.000000 0.999013 0.000000 0.000000 0.000000 0.000000 0.000987 0.000000 0.000000 0.000000 0.000000 0.000000 0.000000 0.000000 0.000000 0.000000 0.000000 0.000000 
0.000000 0.010859 0.000000 0.000000 0.649556 0.000000 0.000987 0.009872 0.000000 0.001974 0.000000 0.000000 0.000000 0.000000 0.000000 0.000000 0.000987 0.000000 0.000000 0.325765 
0.000000 0.000000 0.000000 0.000000 0.241856 0.000000 0.000000 0.029615 0.000000 0.720632 0.000000 0.000000 0.000000 0.000000 0.000000 0.000000 0.000000 0.007897 0.000000 0.000000 
0.180830 0.005929 0.000000 0.000000 0.000000 0.000000 0.000000 0.001976 0.000000 0.000000 0.541502 0.017787 0.242095 0.000988 0.000000 0.001976 0.000000 0.006917 0.000000 0.000000 

MOTIF files/output.4.matrix.0_66
letter-probability matrix: alength= 20 w= 30 nsites= 757 E= 0.000001
0.000000 0.000000 0.000000 0.000000 0.977543 0.000000 0.000000 0.000000 0.000000 0.005284 0.000000 0.000000 0.000000 0.000000 0.000000 0.000000 0.000000 0.000000 0.000000 0.017173 
0.027741 0.000000 0.431968 0.000000 0.000000 0.264201 0.141347 0.000000 0.000000 0.000000 0.000000 0.029062 0.000000 0.002642 0.001321 0.023778 0.059445 0.000000 0.000000 0.018494 
0.000000 0.000000 0.142668 0.005284 0.000000 0.025099 0.000000 0.000000 0.002642 0.001321 0.000000 0.077939 0.726552 0.001321 0.001321 0.010568 0.000000 0.000000 0.000000 0.005284 
0.000000 0.000000 0.000000 0.000000 0.000000 0.000000 0.000000 0.408190 0.000000 0.409511 0.007926 0.000000 0.000000 0.165125 0.000000 0.000000 0.000000 0.009247 0.000000 0.000000 
0.000000 0.000000 0.000000 0.000000 0.265522 0.000000 0.000000 0.006605 0.000000 0.727873 0.000000 0.000000 0.000000 0.000000 0.000000 0.000000 0.000000 0.000000 0.000000 0.000000 
0.000000 0.000000 0.001321 0.007926 0.000000 0.000000 0.000000 0.097754 0.015852 0.758256 0.001321 0.005284 0.010568 0.001321 0.011889 0.003963 0.046235 0.038309 0.000000 0.000000 
0.000000 0.000000 0.412153 0.000000 0.000000 0.202114 0.001321 0.000000 0.006605 0.000000 0.000000 0.377807 0.000000 0.000000 0.000000 0.000000 0.000000 0.000000 0.000000 0.000000 
0.000000 0.000000 0.000000 0.998679 0.000000 0.000000 0.000000 0.000000 0.001321 0.000000 0.000000 0.000000 0.000000 0.000000 0.000000 0.000000 0.000000 0.000000 0.000000 0.000000 
0.001321 0.000000 0.005284 0.000000 0.000000 0.000000 0.000000 0.006605 0.000000 0.002642 0.000000 0.000000 0.963012 0.000000 0.000000 0.000000 0.001321 0.018494 0.000000 0.001321 
0.000000 0.000000 0.000000 0.000000 0.005284 0.000000 0.000000 0.216645 0.000000 0.042272 0.017173 0.000000 0.000000 0.000000 0.000000 0.000000 0.003963 0.714663 0.000000 0.000000 
0.005284 0.000000 0.000000 0.000000 0.000000 0.000000 0.000000 0.000000 0.000000 0.001321 0.000000 0.000000 0.992074 0.000000 0.001321 0.000000 0.000000 0.000000 0.000000 0.000000 
0.001321 0.005284 0.007926 0.109643 0.000000 0.000000 0.010568 0.011889 0.014531 0.007926 0.003963 0.003963 0.000000 0.029062 0.002642 0.021136 0.143989 0.620872 0.000000 0.005284 
0.001321 0.000000 0.023778 0.015852 0.000000 0.026420 0.001321 0.000000 0.161162 0.000000 0.000000 0.693527 0.000000 0.025099 0.046235 0.005284 0.000000 0.000000 0.000000 0.000000 
0.000000 0.000000 0.005284 0.000000 0.000000 0.993395 0.000000 0.000000 0.000000 0.000000 0.000000 0.000000 0.000000 0.001321 0.000000 0.000000 0.000000 0.000000 0.000000 0.000000 
0.000000 0.001321 0.000000 0.001321 0.063408 0.001321 0.002642 0.003963 0.047556 0.000000 0.000000 0.000000 0.000000 0.002642 0.706737 0.007926 0.002642 0.002642 0.001321 0.154557 
0.000000 0.000000 0.000000 0.000000 0.000000 0.005291 0.000000 0.466931 0.000000 0.310847 0.198413 0.000000 0.000000 0.000000 0.000000 0.000000 0.000000 0.017196 0.000000 0.001323 
0.002642 0.000000 0.141347 0.010568 0.000000 0.000000 0.412153 0.000000 0.178336 0.006605 0.000000 0.021136 0.006605 0.001321 0.108322 0.023778 0.085865 0.000000 0.000000 0.001321 
0.088507 0.000000 0.000000 0.000000 0.000000 0.000000 0.000000 0.023778 0.414795 0.125495 0.002642 0.000000 0.001321 0.002642 0.001321 0.006605 0.067371 0.265522 0.000000 0.000000 
0.073976 0.000000 0.021136 0.017173 0.000000 0.009247 0.000000 0.000000 0.021136 0.006605 0.001321 0.005284 0.112285 0.001321 0.001321 0.676354 0.052840 0.000000 0.000000 0.000000 
0.136063 0.002642 0.229855 0.048877 0.000000 0.000000 0.000000 0.021136 0.007926 0.000000 0.003963 0.000000 0.000000 0.031704 0.015852 0.001321 0.022457 0.478203 0.000000 0.000000 
0.023778 0.000000 0.001321 0.013210 0.005284 0.000000 0.000000 0.002642 0.027741 0.812417 0.000000 0.001321 0.000000 0.000000 0.014531 0.001321 0.096433 0.000000 0.000000 0.000000 
0.002642 0.000000 0.804491 0.000000 0.000000 0.001321 0.000000 0.000000 0.000000 0.000000 0.000000 0.007926 0.180978 0.000000 0.000000 0.000000 0.002642 0.000000 0.000000 0.000000 
0.034346 0.000000 0.000000 0.010568 0.000000 0.178336 0.000000 0.000000 0.692206 0.009247 0.000000 0.000000 0.000000 0.033025 0.042272 0.000000 0.000000 0.000000 0.000000 0.000000 
0.001321 0.000000 0.000000 0.000000 0.173052 0.000000 0.001321 0.000000 0.000000 0.001321 0.000000 0.000000 0.817701 0.000000 0.000000 0.000000 0.000000 0.000000 0.005284 0.000000 
0.000000 0.000000 0.000000 0.000000 0.000000 0.994716 0.000000 0.000000 0.000000 0.000000 0.000000 0.000000 0.000000 0.000000 0.000000 0.005284 0.000000 0.000000 0.000000 0.000000 
0.002642 0.000000 0.000000 0.000000 0.813738 0.000000 0.000000 0.000000 0.000000 0.026420 0.000000 0.000000 0.001321 0.000000 0.000000 0.000000 0.000000 0.154557 0.001321 0.000000 
0.001321 0.000000 0.000000 0.063408 0.000000 0.821664 0.000000 0.000000 0.000000 0.000000 0.000000 0.000000 0.000000 0.000000 0.091149 0.002642 0.019815 0.000000 0.000000 0.000000 
0.000000 0.000000 0.000000 0.000000 0.001321 0.000000 0.000000 0.001321 0.000000 0.402906 0.002642 0.000000 0.000000 0.000000 0.000000 0.000000 0.000000 0.591810 0.000000 0.000000 
0.000000 0.002642 0.035667 0.583884 0.000000 0.001321 0.000000 0.000000 0.011889 0.000000 0.000000 0.161162 0.000000 0.000000 0.043593 0.009247 0.145310 0.005284 0.000000 0.000000 
0.000000 0.000000 0.002642 0.001321 0.000000 0.000000 0.000000 0.052840 0.019815 0.762219 0.000000 0.000000 0.116248 0.000000 0.038309 0.000000 0.000000 0.006605 0.000000 0.000000 

MOTIF files/output.4.matrix.0_77
letter-probability matrix: alength= 20 w= 30 nsites= 5194 E= 0.000001
0.298094 0.000193 0.003274 0.030618 0.000000 0.030040 0.006162 0.012324 0.153091 0.139033 0.000578 0.000385 0.096283 0.021953 0.160023 0.011554 0.019449 0.015983 0.000000 0.000963 
0.096861 0.000193 0.081456 0.195263 0.000000 0.002311 0.010784 0.196226 0.146736 0.054304 0.000385 0.002503 0.000963 0.059503 0.092817 0.017524 0.020220 0.021567 0.000385 0.000000 
0.076642 0.000193 0.003851 0.003659 0.003274 0.001733 0.009436 0.170422 0.056807 0.341421 0.002889 0.010013 0.000385 0.003466 0.237435 0.001541 0.000963 0.073368 0.000000 0.002503 
0.326079 0.002311 0.009630 0.046803 0.002889 0.005008 0.004430 0.000000 0.065678 0.051810 0.000770 0.110169 0.000963 0.050077 0.177388 0.051425 0.046610 0.044299 0.000000 0.003659 
0.394838 0.000000 0.019453 0.065485 0.000385 0.064522 0.009438 0.001733 0.075886 0.008860 0.004045 0.081086 0.031202 0.090716 0.078775 0.027542 0.010208 0.035247 0.000578 0.000000 
0.071456 0.004237 0.002119 0.006549 0.032165 0.050655 0.133667 0.095532 0.013482 0.094183 0.029854 0.009630 0.141179 0.117681 0.006549 0.059707 0.006356 0.094376 0.000000 0.030624 
0.166988 0.015023 0.003082 0.000385 0.017142 0.077619 0.012134 0.003852 0.018683 0.075501 0.000578 0.013867 0.048729 0.028505 0.017912 0.038906 0.332242 0.047188 0.000000 0.081664 
0.033706 0.001926 0.088405 0.007126 0.000000 0.162943 0.066834 0.023498 0.005586 0.004430 0.001733 0.040447 0.258475 0.009823 0.011556 0.152542 0.114214 0.014060 0.001156 0.001541 
0.016760 0.022924 0.000000 0.000193 0.005394 0.027933 0.000385 0.315546 0.011173 0.026007 0.135041 0.006357 0.000193 0.000193 0.000963 0.001541 0.221152 0.201695 0.000000 0.006550 
0.011751 0.000000 0.000000 0.001734 0.000000 0.076864 0.001541 0.000578 0.148719 0.037372 0.073974 0.000385 0.576575 0.017530 0.033712 0.003660 0.009632 0.005779 0.000193 0.000000 
0.000000 0.000193 0.000000 0.000000 0.033513 0.000000 0.000000 0.381549 0.000000 0.131356 0.055855 0.000000 0.000000 0.000000 0.000000 0.000000 0.000578 0.392334 0.004622 0.000000 
0.776772 0.000770 0.000000 0.000000 0.000000 0.000000 0.000000 0.000000 0.000000 0.000000 0.000000 0.002504 0.000000 0.000000 0.000000 0.069145 0.150231 0.000578 0.000000 0.000000 
0.093991 0.002119 0.000000 0.000000 0.010786 0.057781 0.000000 0.001926 0.000000 0.118837 0.022342 0.000770 0.000000 0.001156 0.000000 0.067026 0.569723 0.053544 0.000000 0.000000 
0.000963 0.000000 0.000000 0.000000 0.000000 0.999037 0.000000 0.000000 0.000000 0.000000 0.000000 0.000000 0.000000 0.000000 0.000000 0.000000 0.000000 0.000000 0.000000 0.000000 
0.000000 0.000000 0.000000 1.000000 0.000000 0.000000 0.000000 0.000000 0.000000 0.000000 0.000000 0.000000 0.000000 0.000000 0.000000 0.000000 0.000000 0.000000 0.000000 0.000000 
0.005586 0.000000 0.011364 0.000000 0.000000 0.000000 0.341294 0.024461 0.000000 0.000000 0.172573 0.091872 0.000000 0.010208 0.306818 0.018490 0.008667 0.008667 0.000000 0.000000 
0.024653 0.152542 0.000193 0.133475 0.032743 0.007704 0.062211 0.010593 0.000000 0.334746 0.126733 0.001348 0.000000 0.000578 0.010401 0.000385 0.016949 0.074538 0.010208 0.000000 
0.088405 0.000963 0.000193 0.000000 0.246918 0.061633 0.103043 0.002696 0.000000 0.000385 0.005393 0.028505 0.000578 0.185863 0.000000 0.007319 0.046418 0.000385 0.000000 0.221302 
0.000193 0.000385 0.000000 0.000000 0.000000 0.007897 0.003852 0.001156 0.000000 0.000000 0.000000 0.292180 0.000000 0.000000 0.025424 0.453390 0.208205 0.007319 0.000000 0.000000 
0.011364 0.000000 0.000193 0.000578 0.030624 0.007319 0.035632 0.045647 0.029468 0.083205 0.021186 0.000963 0.002889 0.002504 0.665447 0.015408 0.003467 0.043721 0.000000 0.000385 
0.028120 0.000000 0.000000 0.008475 0.105740 0.001541 0.041988 0.093413 0.000770 0.003659 0.005200 0.012712 0.000000 0.118066 0.030431 0.005586 0.016179 0.178544 0.265216 0.084361 
0.003659 0.000000 0.309515 0.175270 0.000000 0.163521 0.000000 0.036787 0.000000 0.036402 0.112673 0.001541 0.000000 0.012519 0.000000 0.061248 0.005008 0.081664 0.000000 0.000193 
0.076079 0.023883 0.000000 0.002889 0.757126 0.000000 0.064330 0.009823 0.000000 0.004815 0.008282 0.000578 0.000000 0.013482 0.000000 0.000193 0.000000 0.028698 0.000193 0.009630 
0.009052 0.000193 0.000578 0.045262 0.000000 0.007126 0.001156 0.000963 0.607666 0.032550 0.001348 0.003467 0.000000 0.002311 0.269453 0.000000 0.000770 0.003274 0.014253 0.000578 
0.008091 0.000000 0.055673 0.046234 0.000000 0.005779 0.031015 0.001156 0.046234 0.005009 0.039684 0.076479 0.046619 0.357349 0.173184 0.022346 0.075130 0.000000 0.000193 0.009825 
0.032550 0.000000 0.000000 0.000000 0.141371 0.000000 0.000000 0.041410 0.000000 0.574923 0.021572 0.000000 0.006741 0.000193 0.000000 0.000000 0.000578 0.167758 0.000000 0.012904 
0.012327 0.000193 0.000000 0.000000 0.066834 0.000000 0.000193 0.259823 0.000000 0.575116 0.023112 0.000000 0.000000 0.000000 0.000000 0.049499 0.000000 0.012904 0.000000 0.000000 
0.105354 0.006549 0.037750 0.353814 0.000000 0.004237 0.004045 0.000770 0.016949 0.031394 0.039484 0.005778 0.001348 0.238251 0.079931 0.057781 0.013675 0.002889 0.000000 0.000000 
0.295511 0.000000 0.072433 0.087844 0.000963 0.089771 0.022346 0.000385 0.012136 0.011173 0.043537 0.048738 0.002697 0.039684 0.084569 0.040647 0.075515 0.014833 0.007513 0.049701 
0.031003 0.003466 0.034855 0.044483 0.000000 0.590218 0.005970 0.000193 0.041594 0.000000 0.000000 0.048334 0.000000 0.073753 0.104179 0.020220 0.000770 0.000770 0.000000 0.000193 

