MEME version 4

ALPHABET= ACDEFGHIKLMNPQRSTVWY

Background letter frequencies
A 0.1134 C 0.0105 D 0.0638 E 0.0702 F 0.0297 G 0.0889 H 0.0205 I 0.0614 K 0.0495 L 0.0963 
M 0.0246 N 0.036 P 0.0427 Q 0.0317 R 0.0509 S 0.0508 T 0.0505 V 0.0702 W 0.0129 
Y 0.0257 

MOTIF files/output.4.matrix.0_1
letter-probability matrix: alength= 20 w= 30 nsites= 319 E= 0.000001
0.006270 0.000000 0.000000 0.000000 0.000000 0.000000 0.006270 0.000000 0.000000 0.495298 0.003135 0.000000 0.000000 0.000000 0.000000 0.385580 0.100313 0.000000 0.000000 0.003135 
0.548589 0.081505 0.000000 0.000000 0.000000 0.000000 0.000000 0.012539 0.000000 0.003135 0.000000 0.000000 0.000000 0.000000 0.000000 0.015674 0.037618 0.300940 0.000000 0.000000 
0.062696 0.000000 0.000000 0.000000 0.545455 0.000000 0.003135 0.025078 0.000000 0.037618 0.000000 0.000000 0.000000 0.000000 0.084639 0.000000 0.087774 0.043887 0.000000 0.109718 
0.000000 0.000000 0.000000 0.000000 0.000000 0.000000 0.000000 0.000000 0.000000 0.993730 0.000000 0.000000 0.000000 0.000000 0.000000 0.000000 0.000000 0.006270 0.000000 0.000000 
0.000000 0.000000 0.000000 0.000000 0.000000 0.000000 0.000000 0.000000 0.000000 0.000000 0.000000 0.000000 1.000000 0.000000 0.000000 0.000000 0.000000 0.000000 0.000000 0.000000 
0.000000 0.000000 0.000000 0.000000 0.000000 0.000000 0.000000 0.000000 0.000000 1.000000 0.000000 0.000000 0.000000 0.000000 0.000000 0.000000 0.000000 0.000000 0.000000 0.000000 
0.890282 0.000000 0.009404 0.000000 0.000000 0.003135 0.003135 0.000000 0.012539 0.000000 0.000000 0.000000 0.015674 0.000000 0.003135 0.028213 0.031348 0.003135 0.000000 0.000000 
0.040752 0.000000 0.003135 0.000000 0.000000 0.000000 0.003135 0.000000 0.000000 0.000000 0.000000 0.144201 0.000000 0.015674 0.031348 0.009404 0.667712 0.084639 0.000000 0.000000 
0.025078 0.000000 0.000000 0.000000 0.000000 0.003135 0.000000 0.000000 0.000000 0.003135 0.000000 0.000000 0.968652 0.000000 0.000000 0.000000 0.000000 0.000000 0.000000 0.000000 
0.000000 0.000000 0.000000 0.000000 0.000000 0.000000 0.000000 0.507837 0.000000 0.000000 0.000000 0.000000 0.000000 0.000000 0.000000 0.000000 0.000000 0.492163 0.000000 0.000000 
0.000000 0.000000 0.000000 0.000000 0.000000 0.000000 0.000000 0.000000 0.000000 0.000000 0.000000 0.000000 0.000000 0.000000 0.000000 0.996865 0.003135 0.000000 0.000000 0.000000 
0.000000 0.000000 1.000000 0.000000 0.000000 0.000000 0.000000 0.000000 0.000000 0.000000 0.000000 0.000000 0.000000 0.000000 0.000000 0.000000 0.000000 0.000000 0.000000 0.000000 
1.000000 0.000000 0.000000 0.000000 0.000000 0.000000 0.000000 0.000000 0.000000 0.000000 0.000000 0.000000 0.000000 0.000000 0.000000 0.000000 0.000000 0.000000 0.000000 0.000000 
0.000000 0.000000 0.000000 0.000000 0.000000 0.000000 0.000000 0.000000 1.000000 0.000000 0.000000 0.000000 0.000000 0.000000 0.000000 0.000000 0.000000 0.000000 0.000000 0.000000 
0.000000 0.000000 0.000000 0.000000 0.000000 0.000000 0.000000 0.000000 0.000000 0.000000 0.000000 0.000000 0.000000 0.000000 0.000000 0.000000 0.000000 1.000000 0.000000 0.000000 
0.000000 0.000000 0.000000 0.000000 0.159875 0.000000 0.000000 0.000000 0.000000 0.840125 0.000000 0.000000 0.000000 0.000000 0.000000 0.000000 0.000000 0.000000 0.000000 0.000000 
0.000000 0.000000 0.000000 0.000000 0.000000 0.000000 0.000000 0.000000 0.000000 0.000000 0.000000 0.000000 0.000000 0.000000 0.000000 0.000000 1.000000 0.000000 0.000000 0.000000 
0.000000 0.000000 0.000000 0.000000 0.000000 1.000000 0.000000 0.000000 0.000000 0.000000 0.000000 0.000000 0.000000 0.000000 0.000000 0.000000 0.000000 0.000000 0.000000 0.000000 
0.000000 0.000000 0.000000 0.000000 0.000000 0.000000 0.000000 0.000000 0.000000 0.000000 0.000000 0.000000 0.000000 0.000000 1.000000 0.000000 0.000000 0.000000 0.000000 0.000000 
0.000000 0.000000 0.000000 0.000000 0.000000 0.000000 0.000000 0.000000 0.000000 0.000000 0.000000 0.000000 0.000000 1.000000 0.000000 0.000000 0.000000 0.000000 0.000000 0.000000 
0.000000 0.000000 0.000000 0.000000 0.000000 0.000000 0.000000 0.000000 0.965517 0.000000 0.000000 0.000000 0.000000 0.000000 0.034483 0.000000 0.000000 0.000000 0.000000 0.000000 
0.006270 0.000000 0.000000 0.000000 0.000000 0.000000 0.000000 0.000000 0.000000 0.000000 0.000000 0.000000 0.993730 0.000000 0.000000 0.000000 0.000000 0.000000 0.000000 0.000000 
0.000000 0.000000 0.000000 0.000000 0.000000 0.000000 0.000000 0.000000 0.000000 0.507837 0.492163 0.000000 0.000000 0.000000 0.000000 0.000000 0.000000 0.000000 0.000000 0.000000 
0.000000 0.000000 0.000000 0.000000 0.000000 0.000000 0.000000 0.000000 0.000000 0.000000 0.000000 0.000000 0.000000 0.000000 0.000000 0.000000 1.000000 0.000000 0.000000 0.000000 
0.000000 0.000000 0.000000 1.000000 0.000000 0.000000 0.000000 0.000000 0.000000 0.000000 0.000000 0.000000 0.000000 0.000000 0.000000 0.000000 0.000000 0.000000 0.000000 0.000000 
0.000000 0.000000 0.000000 0.000000 0.000000 0.000000 0.000000 0.210031 0.000000 0.000000 0.000000 0.000000 0.000000 0.000000 0.000000 0.000000 0.000000 0.789969 0.000000 0.000000 
0.852665 0.000000 0.000000 0.000000 0.000000 0.000000 0.000000 0.003135 0.000000 0.000000 0.000000 0.000000 0.000000 0.000000 0.000000 0.009404 0.003135 0.131661 0.000000 0.000000 
0.000000 0.000000 0.000000 0.000000 0.228840 0.000000 0.000000 0.636364 0.000000 0.031348 0.084639 0.000000 0.000000 0.000000 0.000000 0.000000 0.000000 0.018809 0.000000 0.000000 
0.000000 0.000000 0.000000 0.000000 0.000000 0.000000 0.000000 0.476489 0.000000 0.504702 0.000000 0.000000 0.000000 0.000000 0.000000 0.000000 0.000000 0.018809 0.000000 0.000000 
0.000000 0.000000 0.000000 0.000000 0.536050 0.000000 0.000000 0.435737 0.000000 0.003135 0.000000 0.000000 0.000000 0.000000 0.000000 0.000000 0.000000 0.025078 0.000000 0.000000 

MOTIF files/output.4.matrix.0_3
letter-probability matrix: alength= 20 w= 30 nsites= 3641 E= 0.000001
0.002473 0.000824 0.000275 0.000000 0.099176 0.000549 0.000000 0.093132 0.000000 0.640110 0.081593 0.000000 0.000000 0.000549 0.000000 0.000275 0.000000 0.057967 0.012912 0.010165 
0.360714 0.005220 0.018681 0.065659 0.008516 0.094780 0.000000 0.056868 0.044505 0.005769 0.029121 0.089835 0.000000 0.004121 0.023352 0.142033 0.031593 0.013462 0.000275 0.005495 
0.009890 0.000000 0.287637 0.114560 0.000000 0.021429 0.001374 0.000549 0.013462 0.001374 0.000000 0.015659 0.270879 0.019505 0.215934 0.012088 0.011264 0.003846 0.000000 0.000549 
0.072802 0.039286 0.002198 0.007418 0.275275 0.012637 0.006868 0.024451 0.005769 0.061538 0.006044 0.048901 0.000549 0.013462 0.065934 0.006868 0.015659 0.018681 0.000549 0.315110 
0.012637 0.010165 0.000000 0.000000 0.026374 0.000000 0.000000 0.156319 0.000000 0.674176 0.006319 0.000000 0.000000 0.000000 0.000000 0.000000 0.000000 0.101374 0.000000 0.012637 
0.009066 0.000549 0.000549 0.154945 0.000275 0.000000 0.000000 0.540110 0.014835 0.111813 0.008791 0.000275 0.000000 0.011264 0.004670 0.001374 0.011813 0.129396 0.000000 0.000275 
0.009890 0.000000 0.005220 0.002198 0.000000 0.973901 0.000275 0.000000 0.002198 0.000000 0.000000 0.002747 0.000000 0.000549 0.000824 0.002198 0.000000 0.000000 0.000000 0.000000 
0.070055 0.001648 0.000824 0.190385 0.004945 0.000275 0.012088 0.000275 0.284341 0.023352 0.022253 0.000824 0.000000 0.229945 0.119231 0.005495 0.006044 0.005220 0.007143 0.015659 
0.002473 0.088187 0.668407 0.040385 0.000000 0.000824 0.000000 0.000000 0.008516 0.008791 0.000000 0.135440 0.004945 0.000549 0.023626 0.014835 0.001099 0.000549 0.000000 0.001374 
0.124176 0.001099 0.000000 0.002198 0.000000 0.005495 0.000000 0.002473 0.000000 0.000000 0.000000 0.000000 0.724176 0.000275 0.000000 0.004396 0.003571 0.132143 0.000000 0.000000 
0.089536 0.001099 0.051634 0.012085 0.100522 0.008239 0.040374 0.000824 0.000549 0.108212 0.071409 0.078275 0.000000 0.009338 0.145839 0.176874 0.078001 0.001373 0.024718 0.001099 
0.018402 0.003296 0.427355 0.038176 0.000549 0.001923 0.017852 0.000000 0.007690 0.053282 0.001099 0.136501 0.003296 0.040648 0.242241 0.004669 0.002197 0.000000 0.000000 0.000824 
0.000000 0.000000 0.000000 0.000000 0.009338 0.000000 0.000824 0.822027 0.000000 0.013183 0.003021 0.026366 0.000000 0.000000 0.000000 0.001099 0.043669 0.032409 0.000000 0.048064 
0.037078 0.000000 0.093381 0.571821 0.000275 0.012359 0.002746 0.000000 0.088163 0.001099 0.001099 0.172205 0.000275 0.011261 0.000275 0.006317 0.001648 0.000000 0.000000 0.000000 
0.012359 0.000275 0.403461 0.012909 0.003845 0.009063 0.064268 0.003845 0.185938 0.113705 0.001373 0.012359 0.000000 0.006042 0.081022 0.003296 0.013732 0.000000 0.000000 0.072508 
0.004394 0.001648 0.000000 0.000000 0.000824 0.000000 0.159297 0.458391 0.000000 0.318044 0.036254 0.000000 0.000000 0.000000 0.000000 0.000000 0.006317 0.014831 0.000000 0.000000 
0.000000 0.000000 0.000000 0.000000 0.046416 0.000000 0.167811 0.001099 0.000000 0.000000 0.000000 0.008789 0.000000 0.000000 0.000000 0.001648 0.010711 0.001099 0.648723 0.113705 
0.004944 0.000000 0.256248 0.110135 0.000000 0.001099 0.005218 0.000000 0.000000 0.000275 0.000000 0.063719 0.000000 0.405383 0.001373 0.013732 0.134029 0.001099 0.002197 0.000549 
0.015380 0.000000 0.001648 0.016479 0.017852 0.011261 0.041747 0.020873 0.150508 0.041197 0.056578 0.001648 0.000000 0.196924 0.035155 0.003296 0.073606 0.274375 0.000000 0.041472 
0.020066 0.000825 0.000000 0.000000 0.017042 0.003848 0.000000 0.011545 0.000000 0.312259 0.617097 0.000000 0.000000 0.000000 0.000000 0.012644 0.000550 0.004123 0.000000 0.000000 
0.008789 0.019225 0.059050 0.007416 0.024444 0.001099 0.020324 0.015655 0.000000 0.156001 0.003021 0.022521 0.000275 0.009063 0.001648 0.001099 0.030486 0.029662 0.042571 0.547652 
0.005493 0.000000 0.000275 0.001099 0.026641 0.024169 0.005218 0.000000 0.086515 0.004394 0.000549 0.092557 0.000549 0.059324 0.550948 0.019775 0.000275 0.000275 0.113430 0.008514 
0.414172 0.001373 0.000275 0.001099 0.003845 0.255974 0.038176 0.013458 0.041197 0.030211 0.003296 0.002472 0.000000 0.018951 0.029937 0.090634 0.048613 0.006317 0.000000 0.000000 
0.051909 0.000549 0.000000 0.000000 0.011535 0.465257 0.000824 0.074430 0.000000 0.009613 0.037627 0.004944 0.000000 0.000549 0.010437 0.107388 0.213952 0.010986 0.000000 0.000000 
0.101401 0.002198 0.000000 0.000000 0.431437 0.000550 0.084364 0.004397 0.006046 0.118989 0.082165 0.000000 0.000000 0.021160 0.010992 0.037098 0.002473 0.004397 0.001099 0.091234 
0.068388 0.000275 0.006317 0.000000 0.077726 0.084867 0.004669 0.000000 0.000549 0.000275 0.000000 0.004669 0.001373 0.000824 0.016479 0.091733 0.001099 0.000000 0.046141 0.594617 
0.019225 0.001648 0.000000 0.035155 0.005218 0.010986 0.000000 0.006317 0.000275 0.000275 0.001923 0.013183 0.006866 0.000000 0.467454 0.001648 0.000275 0.154902 0.063719 0.210931 
0.012634 0.000275 0.000000 0.000000 0.000000 0.779731 0.000000 0.000000 0.000000 0.000275 0.000000 0.000000 0.078824 0.000275 0.041472 0.082395 0.004120 0.000000 0.000000 0.000000 
0.029113 0.001099 0.000000 0.000000 0.000000 0.564131 0.000000 0.000000 0.000000 0.000000 0.000000 0.000275 0.011810 0.000000 0.307059 0.042571 0.043944 0.000000 0.000000 0.000000 
0.166987 0.000000 0.000000 0.003845 0.000275 0.048064 0.000000 0.032958 0.184290 0.000824 0.000000 0.000549 0.363362 0.000000 0.007416 0.174403 0.000275 0.015930 0.000000 0.000824 

MOTIF files/output.4.matrix.0_4
letter-probability matrix: alength= 20 w= 30 nsites= 27996 E= 0.000001
0.179396 0.028863 0.000000 0.000000 0.000929 0.052904 0.002893 0.002429 0.000000 0.458777 0.001393 0.055012 0.000036 0.000036 0.000000 0.129099 0.077552 0.009609 0.000750 0.000321 
0.491784 0.012360 0.000000 0.000000 0.000000 0.454133 0.000000 0.000143 0.000000 0.001072 0.000929 0.000000 0.011645 0.000000 0.000000 0.007359 0.012431 0.008145 0.000000 0.000000 
0.010003 0.006502 0.000000 0.000036 0.028543 0.000036 0.000000 0.197335 0.000000 0.120673 0.003751 0.000000 0.000000 0.000000 0.000036 0.000036 0.010431 0.618655 0.000000 0.003965 
0.000464 0.000000 0.257734 0.202150 0.000071 0.000143 0.000036 0.006751 0.000000 0.004037 0.001036 0.001250 0.000071 0.010538 0.000000 0.477459 0.000071 0.038187 0.000000 0.000000 
0.081410 0.051332 0.000000 0.000429 0.001858 0.003001 0.003572 0.113882 0.000000 0.369365 0.150139 0.050404 0.000143 0.047653 0.000000 0.042581 0.047474 0.036043 0.000107 0.000607 
0.982711 0.006751 0.000000 0.000000 0.000000 0.001322 0.000000 0.000000 0.000000 0.000036 0.000000 0.000000 0.003108 0.000000 0.000000 0.005823 0.000143 0.000107 0.000000 0.000000 
0.097381 0.052477 0.000000 0.000000 0.011860 0.000429 0.000071 0.045619 0.000036 0.385989 0.026935 0.021613 0.000000 0.000000 0.000000 0.005787 0.034830 0.315615 0.000214 0.001143 
0.382318 0.073406 0.000000 0.000000 0.015467 0.000071 0.035399 0.006287 0.000000 0.181997 0.001679 0.001143 0.000036 0.000250 0.000071 0.010359 0.000929 0.003036 0.252152 0.035399 
0.000929 0.000250 0.519681 0.004786 0.000000 0.000036 0.040113 0.000321 0.266931 0.000143 0.000143 0.004322 0.000000 0.006108 0.147521 0.003250 0.000179 0.001857 0.000143 0.003286 
0.535112 0.004358 0.000000 0.000000 0.000679 0.008751 0.000321 0.092085 0.000000 0.322332 0.008680 0.000036 0.000000 0.000036 0.000286 0.001250 0.004108 0.014574 0.007072 0.000321 
0.374103 0.002322 0.002179 0.029470 0.020861 0.112627 0.009323 0.006787 0.079478 0.153670 0.018289 0.002858 0.000000 0.058010 0.009287 0.023433 0.007787 0.032077 0.036185 0.021254 
0.649664 0.011394 0.000071 0.000000 0.000000 0.305901 0.000000 0.000000 0.000000 0.000143 0.000000 0.000000 0.000000 0.000000 0.000000 0.029468 0.003286 0.000071 0.000000 0.000000 
0.166458 0.000750 0.068905 0.080157 0.000857 0.007073 0.007358 0.008787 0.343026 0.008037 0.004715 0.041722 0.000000 0.143740 0.079014 0.015146 0.009537 0.014360 0.000036 0.000321 
0.203815 0.004001 0.023789 0.119088 0.037184 0.004822 0.078440 0.031612 0.062009 0.041399 0.007037 0.003929 0.000036 0.030076 0.108158 0.120946 0.021003 0.050579 0.000893 0.051186 
0.144949 0.009823 0.000857 0.028826 0.012680 0.001250 0.021253 0.008180 0.150736 0.383019 0.009001 0.006537 0.000000 0.043006 0.040970 0.057294 0.022075 0.040863 0.001000 0.017681 
0.010109 0.001179 0.093302 0.055224 0.000214 0.550670 0.008930 0.000036 0.056867 0.000286 0.000536 0.141668 0.000000 0.044115 0.022325 0.011109 0.002750 0.000214 0.000071 0.000393 
0.038258 0.000607 0.000679 0.022040 0.000393 0.000107 0.000286 0.082232 0.085197 0.293884 0.057691 0.000572 0.000000 0.083518 0.020469 0.002143 0.013503 0.298242 0.000036 0.000143 
0.008037 0.000000 0.001857 0.012645 0.000000 0.001250 0.001072 0.000000 0.002108 0.000214 0.000000 0.024147 0.862475 0.002715 0.011073 0.059618 0.012574 0.000000 0.000000 0.000214 
0.016253 0.000893 0.000036 0.000107 0.003858 0.000036 0.000000 0.020719 0.000000 0.632743 0.004465 0.000000 0.000572 0.000036 0.000000 0.000000 0.000750 0.314282 0.005037 0.000214 
0.127429 0.030366 0.000000 0.001000 0.078558 0.000786 0.045049 0.000250 0.000357 0.000250 0.000071 0.000679 0.002465 0.000107 0.001643 0.062875 0.006288 0.011468 0.121606 0.508753 
0.115124 0.000214 0.043363 0.135841 0.000143 0.003286 0.006822 0.001286 0.139984 0.002393 0.003393 0.010466 0.000000 0.170596 0.299007 0.043506 0.017002 0.006680 0.000214 0.000679 
0.004429 0.000357 0.000321 0.000321 0.032469 0.000000 0.149771 0.016967 0.000286 0.435419 0.018788 0.000036 0.000071 0.001965 0.006037 0.003786 0.002393 0.013430 0.003036 0.310116 
0.021039 0.000071 0.000000 0.000000 0.032184 0.000000 0.000000 0.215610 0.000000 0.613931 0.014181 0.000036 0.000000 0.000036 0.000036 0.001893 0.001572 0.081586 0.016539 0.001286 
0.212538 0.001893 0.002286 0.000214 0.000107 0.736596 0.000643 0.000107 0.001215 0.000536 0.001072 0.009609 0.000000 0.004215 0.001607 0.020111 0.001393 0.005251 0.000572 0.000036 
0.020184 0.000464 0.159897 0.106027 0.001286 0.542671 0.001679 0.016683 0.003930 0.035152 0.000929 0.021327 0.030651 0.013075 0.007323 0.013396 0.009610 0.015182 0.000000 0.000536 
0.126344 0.005537 0.019575 0.013360 0.039721 0.118914 0.012859 0.022183 0.046794 0.189570 0.043615 0.013467 0.079371 0.017539 0.072406 0.032220 0.061761 0.067333 0.000357 0.017074 
0.135708 0.008145 0.023505 0.012753 0.016289 0.033722 0.009859 0.008609 0.058834 0.056048 0.005894 0.207330 0.018397 0.084304 0.051118 0.077159 0.058227 0.107737 0.001429 0.024934 
0.217598 0.000607 0.030437 0.017291 0.000750 0.196127 0.017398 0.001429 0.024543 0.010253 0.001643 0.021828 0.108710 0.111496 0.172621 0.026758 0.033831 0.004644 0.000357 0.001679 
0.018255 0.004537 0.138392 0.108706 0.005323 0.015111 0.080270 0.010288 0.086022 0.015861 0.018005 0.139606 0.013325 0.024042 0.159468 0.042654 0.085093 0.019148 0.000107 0.015790 
0.055057 0.003108 0.067241 0.100111 0.001608 0.016649 0.009289 0.051270 0.086070 0.065883 0.011076 0.012969 0.079781 0.045411 0.072564 0.096288 0.101183 0.115510 0.004716 0.004216 

MOTIF files/output.4.matrix.0_5
letter-probability matrix: alength= 20 w= 30 nsites= 13521 E= 0.000001
0.000000 0.000000 0.000000 0.000000 0.693861 0.000000 0.000000 0.005104 0.000000 0.061908 0.001331 0.000000 0.000000 0.000000 0.000148 0.000074 0.202441 0.006361 0.000000 0.028772 
0.005177 0.033577 0.000000 0.000000 0.000000 0.000222 0.000000 0.000000 0.000000 0.000000 0.000592 0.010132 0.000000 0.000000 0.000000 0.000148 0.011981 0.938170 0.000000 0.000000 
0.000148 0.000000 0.000148 0.000000 0.000074 0.000000 0.000000 0.000074 0.000000 0.000000 0.000148 0.000000 0.000370 0.000000 0.000000 0.002367 0.996672 0.000000 0.000000 0.000000 
0.000000 0.000222 0.009171 0.000000 0.000000 0.000074 0.001331 0.000000 0.000296 0.000000 0.000000 0.972487 0.000000 0.001849 0.000961 0.013387 0.000222 0.000000 0.000000 0.000000 
0.039938 0.002367 0.000370 0.018268 0.000148 0.010354 0.000592 0.015162 0.014126 0.004068 0.001479 0.000074 0.460543 0.001035 0.001997 0.026255 0.299830 0.102729 0.000074 0.000592 
0.076263 0.000074 0.051779 0.221022 0.000222 0.015608 0.001331 0.009542 0.419854 0.015460 0.000666 0.012353 0.000370 0.026037 0.029884 0.044604 0.061913 0.012871 0.000074 0.000074 
0.000000 0.000370 0.000000 0.000222 0.047925 0.000222 0.000444 0.230604 0.040086 0.043932 0.000814 0.000222 0.000000 0.002071 0.582279 0.000148 0.003328 0.001405 0.000296 0.045633 
0.000666 0.000000 0.000000 0.000000 0.020413 0.000000 0.000000 0.245100 0.000000 0.669773 0.000296 0.000000 0.000000 0.000000 0.000000 0.000074 0.003032 0.060646 0.000000 0.000000 
0.288631 0.000814 0.004438 0.099712 0.000074 0.008802 0.011095 0.001331 0.223981 0.002071 0.000814 0.007915 0.000074 0.147940 0.091057 0.084622 0.021155 0.004660 0.000222 0.000592 
0.009689 0.002293 0.052071 0.221154 0.000222 0.000444 0.001775 0.003772 0.292751 0.002589 0.033506 0.004068 0.000000 0.070710 0.197411 0.003328 0.101997 0.001257 0.000592 0.000370 
0.273648 0.000222 0.000000 0.000000 0.000592 0.714296 0.000074 0.000000 0.000000 0.000000 0.000000 0.000000 0.010058 0.000000 0.000074 0.000518 0.000074 0.000222 0.000000 0.000222 
0.011316 0.000444 0.000074 0.000814 0.001775 0.002589 0.000074 0.814067 0.000666 0.021522 0.002958 0.000370 0.000000 0.000592 0.000666 0.001627 0.001553 0.138821 0.000000 0.000074 
0.057270 0.000148 0.185276 0.475990 0.000000 0.013984 0.002738 0.006215 0.107880 0.003478 0.002738 0.028043 0.000000 0.033518 0.031003 0.036626 0.010581 0.004218 0.000000 0.000296 
0.022858 0.001036 0.021601 0.212088 0.000814 0.008063 0.002589 0.001849 0.356118 0.077896 0.063989 0.043572 0.000074 0.073754 0.053262 0.027445 0.027297 0.005104 0.000074 0.000518 
0.007766 0.000666 0.016715 0.008579 0.000444 0.491088 0.017158 0.000444 0.335774 0.001405 0.000370 0.067377 0.000000 0.009763 0.018934 0.013387 0.000222 0.009837 0.000074 0.000000 
0.351527 0.047038 0.000148 0.000000 0.000296 0.000074 0.000000 0.220398 0.000074 0.036240 0.014200 0.000148 0.000074 0.001479 0.005177 0.080541 0.046076 0.191406 0.002367 0.002736 
0.554175 0.241846 0.000296 0.000000 0.000000 0.155462 0.000000 0.003328 0.009763 0.000370 0.002884 0.000148 0.000000 0.000000 0.000000 0.014940 0.009615 0.007026 0.000000 0.000148 
0.000000 0.000000 0.007988 0.000000 0.000000 0.000000 0.000000 0.000000 0.001257 0.000000 0.000000 0.982842 0.000000 0.000000 0.000370 0.003328 0.004142 0.000000 0.000000 0.000074 
0.313290 0.147178 0.000000 0.000000 0.000148 0.016271 0.000000 0.000000 0.000000 0.000000 0.000000 0.000888 0.000000 0.000000 0.000000 0.506323 0.005769 0.009837 0.000000 0.000296 
0.021673 0.000148 0.000740 0.000000 0.000592 0.000000 0.000000 0.527702 0.000000 0.355278 0.011095 0.000000 0.000074 0.000000 0.000000 0.006287 0.002959 0.073378 0.000000 0.000074 
0.000000 0.000000 0.000000 0.000000 0.000296 0.000000 0.000000 0.016198 0.000000 0.983062 0.000000 0.000000 0.000074 0.000000 0.000000 0.000000 0.000000 0.000370 0.000000 0.000000 
0.000000 0.000148 0.000000 0.000000 0.000370 0.000000 0.000000 0.516382 0.000000 0.246062 0.000148 0.000000 0.000000 0.000000 0.000000 0.010058 0.000000 0.226758 0.000074 0.000000 
0.000000 0.000000 0.000000 0.000000 0.000000 0.000000 0.000000 0.000000 0.989794 0.000000 0.000000 0.000000 0.000000 0.000074 0.010132 0.000000 0.000000 0.000000 0.000000 0.000000 
0.002367 0.000370 0.000000 0.010059 0.093713 0.000074 0.000000 0.036760 0.000000 0.139571 0.002515 0.000000 0.073817 0.000000 0.000000 0.000000 0.000074 0.631583 0.000000 0.009098 
0.000000 0.000000 0.001035 0.000000 0.000000 0.000000 0.000444 0.000000 0.000740 0.000000 0.000000 0.996080 0.000000 0.000000 0.000000 0.001479 0.000148 0.000000 0.000000 0.000074 
0.000000 0.000000 0.000000 0.000000 0.000000 0.010058 0.000000 0.000000 0.000000 0.000000 0.000000 0.000000 0.000000 0.989868 0.000074 0.000000 0.000000 0.000000 0.000000 0.000000 
0.008580 0.000074 0.000000 0.000000 0.000148 0.000000 0.000000 0.977811 0.000000 0.000000 0.000148 0.002293 0.000000 0.000074 0.000222 0.000000 0.000222 0.010429 0.000000 0.000000 
0.000074 0.000000 0.000222 0.000000 0.000000 0.999408 0.000000 0.000000 0.000000 0.000000 0.000000 0.000000 0.000000 0.000000 0.000074 0.000148 0.000000 0.000000 0.000074 0.000000 
0.000074 0.000074 0.000000 0.000074 0.000148 0.010058 0.000000 0.000074 0.000000 0.001183 0.000000 0.000000 0.000296 0.000000 0.000000 0.420827 0.567118 0.000000 0.000000 0.000074 
0.000148 0.000000 0.000000 0.000000 0.000961 0.000000 0.000074 0.087715 0.000000 0.649286 0.001257 0.000000 0.000000 0.000000 0.000000 0.000074 0.000000 0.260484 0.000000 0.000000 

MOTIF files/output.4.matrix.0_6
letter-probability matrix: alength= 20 w= 30 nsites= 8609 E= 0.000001
0.029156 0.000232 0.008712 0.003020 0.000348 0.463236 0.009293 0.015797 0.007550 0.024625 0.000116 0.038680 0.022302 0.000232 0.019282 0.061912 0.056569 0.238936 0.000000 0.000000 
0.136137 0.000697 0.044024 0.022070 0.032989 0.352654 0.030782 0.009525 0.047392 0.026484 0.004298 0.012429 0.049948 0.042281 0.047625 0.073295 0.009641 0.028575 0.003833 0.025322 
0.192750 0.001162 0.083420 0.073893 0.008481 0.084815 0.009876 0.016498 0.077495 0.019170 0.000929 0.034623 0.044266 0.042407 0.225049 0.024631 0.041129 0.015453 0.000000 0.003950 
0.088860 0.000929 0.244279 0.086305 0.000813 0.138576 0.003485 0.001626 0.091764 0.001742 0.000116 0.093507 0.090254 0.005227 0.014171 0.103729 0.031363 0.001742 0.000581 0.000929 
0.040655 0.015333 0.004879 0.006389 0.009641 0.009990 0.001278 0.156813 0.001742 0.309908 0.026949 0.007899 0.081775 0.002439 0.008712 0.013358 0.019398 0.273086 0.007086 0.002672 
0.191311 0.000000 0.218260 0.178302 0.001045 0.023580 0.032292 0.003601 0.059008 0.008596 0.005924 0.018353 0.005924 0.072134 0.113137 0.036241 0.018701 0.012080 0.000000 0.001510 
0.124056 0.000116 0.217215 0.210594 0.000465 0.013358 0.018353 0.006505 0.118481 0.077012 0.004298 0.003485 0.000348 0.069114 0.055407 0.019514 0.042165 0.015217 0.002788 0.001510 
0.098385 0.005576 0.706122 0.042397 0.000000 0.000000 0.000000 0.008363 0.001510 0.003601 0.000813 0.082007 0.000232 0.000465 0.000000 0.001626 0.005111 0.043791 0.000000 0.000000 
0.054013 0.011848 0.000465 0.016146 0.004182 0.000581 0.000697 0.271112 0.006853 0.228714 0.009873 0.000000 0.000000 0.008828 0.027181 0.001510 0.014404 0.341503 0.001045 0.001045 
0.316529 0.000813 0.060750 0.207341 0.000000 0.007434 0.006505 0.001278 0.066326 0.003949 0.000697 0.047625 0.000929 0.024625 0.229876 0.007202 0.010222 0.007550 0.000000 0.000348 
0.017772 0.000813 0.000813 0.009176 0.016146 0.002439 0.157510 0.013126 0.022418 0.023232 0.040190 0.035428 0.002788 0.014520 0.535602 0.016146 0.049367 0.032640 0.002672 0.007202 
0.041701 0.034034 0.000000 0.000000 0.017307 0.001162 0.000000 0.186665 0.000000 0.188291 0.024277 0.000232 0.000000 0.000000 0.000465 0.000000 0.015797 0.490069 0.000000 0.000000 
0.286909 0.001742 0.018818 0.131374 0.002091 0.014868 0.011151 0.055988 0.077826 0.023928 0.000581 0.004298 0.000000 0.045766 0.205250 0.038448 0.055639 0.023232 0.000697 0.001394 
0.517830 0.000813 0.054013 0.062609 0.000929 0.008828 0.004646 0.081078 0.044953 0.046579 0.006505 0.001742 0.000000 0.058660 0.023928 0.033221 0.038680 0.014287 0.000348 0.000348 
0.122793 0.002440 0.000000 0.000000 0.000581 0.000000 0.015567 0.394981 0.000349 0.090265 0.067031 0.000000 0.000000 0.004414 0.000232 0.000000 0.004763 0.293332 0.001743 0.001510 
0.027645 0.006040 0.002555 0.000000 0.000232 0.001162 0.016843 0.007899 0.128586 0.050412 0.002207 0.003020 0.000000 0.002555 0.708096 0.006505 0.005343 0.019979 0.004066 0.006853 
0.083517 0.000232 0.106400 0.473458 0.000116 0.008363 0.002904 0.000465 0.105471 0.000929 0.000465 0.036473 0.000232 0.047625 0.070856 0.052852 0.006389 0.001510 0.000000 0.001742 
0.509002 0.001626 0.002091 0.069230 0.001975 0.012893 0.021721 0.013474 0.061215 0.025787 0.006156 0.002323 0.000000 0.011732 0.079916 0.030549 0.022651 0.126844 0.000465 0.000348 
0.023348 0.052503 0.000000 0.000000 0.073179 0.000813 0.000581 0.177140 0.000348 0.309327 0.018121 0.000000 0.001045 0.000000 0.000000 0.000697 0.004182 0.336857 0.000000 0.001859 
0.011964 0.000000 0.010454 0.010803 0.000000 0.880242 0.000348 0.000000 0.003833 0.000000 0.000000 0.001394 0.059240 0.012777 0.003252 0.004530 0.001045 0.000116 0.000000 0.000000 
0.045069 0.000465 0.206993 0.094901 0.008828 0.047276 0.003252 0.000465 0.050064 0.002672 0.001162 0.081891 0.344872 0.005343 0.015565 0.039958 0.011035 0.001278 0.011500 0.027413 
0.034150 0.001162 0.395865 0.103380 0.000116 0.072366 0.032756 0.000697 0.022186 0.002672 0.003949 0.075967 0.000116 0.038100 0.132071 0.048786 0.021721 0.001162 0.000232 0.012545 
0.180530 0.004647 0.003485 0.000349 0.134061 0.073885 0.001046 0.218866 0.004298 0.015567 0.014173 0.010688 0.003834 0.012082 0.072955 0.004066 0.036594 0.201789 0.000116 0.006970 
0.071437 0.001975 0.080265 0.073412 0.002788 0.084447 0.009525 0.005924 0.098037 0.020792 0.004298 0.010222 0.078871 0.032524 0.133000 0.139505 0.060053 0.010454 0.063422 0.019050 
0.000232 0.000232 0.000000 0.000000 0.074457 0.000000 0.000000 0.306424 0.000000 0.433732 0.018585 0.000000 0.000000 0.000116 0.000000 0.000000 0.000116 0.166105 0.000000 0.000000 
0.126540 0.001975 0.000000 0.000000 0.001511 0.128980 0.000232 0.005694 0.004416 0.005926 0.246805 0.000000 0.000000 0.003370 0.433186 0.003602 0.016268 0.004648 0.000813 0.016035 
0.024509 0.000929 0.000000 0.000000 0.011267 0.001859 0.000000 0.175862 0.000000 0.248112 0.022883 0.000000 0.000116 0.000232 0.000000 0.000116 0.002323 0.498083 0.004530 0.009176 
0.000000 0.000000 0.970961 0.028923 0.000000 0.000000 0.000000 0.000000 0.000000 0.000000 0.000000 0.000116 0.000000 0.000000 0.000000 0.000000 0.000000 0.000000 0.000000 0.000000 
0.489836 0.118829 0.000000 0.000000 0.153560 0.016727 0.002555 0.011732 0.000000 0.003485 0.001742 0.000000 0.005924 0.000000 0.000000 0.000929 0.000232 0.191195 0.001859 0.001394 
0.000000 0.000000 0.000000 0.000000 0.000000 0.000000 0.158787 0.000000 0.000000 0.000000 0.000000 0.723313 0.000000 0.000000 0.000116 0.000232 0.000000 0.000000 0.068649 0.048902 

MOTIF files/output.4.matrix.0_8
letter-probability matrix: alength= 20 w= 30 nsites= 26141 E= 0.000001
0.069936 0.000803 0.181383 0.130920 0.019091 0.038565 0.013123 0.000689 0.211761 0.002296 0.000536 0.049047 0.101538 0.074489 0.060334 0.025939 0.014194 0.002296 0.000383 0.002678 
0.043344 0.003213 0.000727 0.001454 0.171729 0.015647 0.016373 0.012777 0.007039 0.134507 0.007613 0.013504 0.011285 0.006350 0.002831 0.010635 0.001377 0.016756 0.001377 0.521461 
0.009602 0.000459 0.081025 0.022303 0.000536 0.157919 0.011362 0.001913 0.050191 0.002219 0.000153 0.085616 0.500842 0.016335 0.045945 0.005126 0.005279 0.002946 0.000000 0.000230 
0.000956 0.002716 0.000000 0.000000 0.002869 0.000191 0.000038 0.508072 0.000000 0.170773 0.026511 0.000000 0.110826 0.000000 0.000000 0.000000 0.000268 0.176588 0.000000 0.000191 
0.079415 0.005662 0.073218 0.075743 0.031598 0.001836 0.029417 0.174209 0.028767 0.060441 0.033013 0.005509 0.001109 0.006427 0.013963 0.013274 0.019586 0.298191 0.029953 0.018668 
0.007230 0.000612 0.000000 0.000268 0.124402 0.000077 0.000727 0.002869 0.000000 0.125473 0.067595 0.000115 0.000038 0.000038 0.000038 0.489308 0.035156 0.004170 0.122681 0.019204 
0.006159 0.002946 0.000000 0.000000 0.017635 0.000000 0.000000 0.743965 0.000000 0.098428 0.007230 0.000000 0.000000 0.000000 0.000000 0.000230 0.000153 0.101641 0.007689 0.013924 
0.000000 0.000000 0.000038 0.999770 0.000000 0.000000 0.000000 0.000000 0.000191 0.000000 0.000000 0.000000 0.000000 0.000000 0.000000 0.000000 0.000000 0.000000 0.000000 0.000000 
0.000000 0.000000 0.527906 0.192686 0.000000 0.000038 0.000000 0.000000 0.000000 0.000000 0.000000 0.000038 0.000000 0.279293 0.000000 0.000000 0.000000 0.000038 0.000000 0.000000 
0.032133 0.020925 0.000038 0.000000 0.000344 0.285949 0.000000 0.001377 0.000000 0.003787 0.000077 0.000000 0.646226 0.000038 0.000000 0.001454 0.000421 0.006924 0.000268 0.000038 
0.000842 0.023718 0.000000 0.000000 0.149005 0.011094 0.001262 0.059640 0.000115 0.391813 0.130872 0.000153 0.000000 0.004629 0.000000 0.000077 0.068745 0.152257 0.000000 0.005777 
0.178775 0.002525 0.287425 0.005279 0.011056 0.015609 0.036153 0.018096 0.032442 0.059260 0.001033 0.011592 0.152799 0.011171 0.022380 0.139370 0.001569 0.007575 0.000344 0.005547 
0.195823 0.004284 0.004935 0.403542 0.000803 0.003252 0.003252 0.011476 0.019777 0.000995 0.001339 0.000421 0.137064 0.130102 0.034161 0.028920 0.003366 0.012739 0.000842 0.002907 
0.015493 0.000421 0.411094 0.154438 0.000956 0.086687 0.027621 0.004361 0.016373 0.013083 0.000344 0.104591 0.001530 0.043458 0.009296 0.071691 0.009411 0.000689 0.010252 0.018210 
0.014040 0.003826 0.732555 0.022112 0.001109 0.005279 0.024331 0.000000 0.010520 0.002372 0.001645 0.089594 0.000000 0.077238 0.009487 0.002219 0.000497 0.000383 0.000000 0.002793 
0.027275 0.000268 0.083509 0.010214 0.045446 0.000650 0.010749 0.075552 0.002678 0.053403 0.006427 0.012356 0.016067 0.007574 0.027428 0.003366 0.015646 0.053479 0.496385 0.051528 
0.182309 0.000421 0.253549 0.358802 0.001530 0.021693 0.008762 0.002640 0.011325 0.046907 0.002640 0.010407 0.009527 0.017485 0.007614 0.031373 0.012320 0.010368 0.009297 0.001033 
0.215600 0.001913 0.033205 0.022493 0.000727 0.558395 0.013236 0.006809 0.004361 0.021040 0.004208 0.019854 0.000612 0.005126 0.003749 0.038254 0.016334 0.016908 0.000459 0.016717 
0.002640 0.000153 0.000000 0.000000 0.077097 0.000077 0.090833 0.014501 0.000038 0.213384 0.070439 0.002181 0.000000 0.022842 0.003941 0.001339 0.003558 0.001110 0.420225 0.075643 
0.298864 0.000803 0.004438 0.046061 0.000459 0.013926 0.002908 0.015991 0.279047 0.009756 0.000612 0.008149 0.024867 0.044187 0.094304 0.061288 0.042657 0.050958 0.000421 0.000306 
0.118075 0.000344 0.035927 0.116468 0.021235 0.017179 0.040174 0.025826 0.139157 0.092287 0.014654 0.052189 0.000497 0.042394 0.099288 0.044919 0.039103 0.020240 0.012856 0.067187 
0.004017 0.000842 0.000000 0.000000 0.124063 0.000191 0.001186 0.158263 0.000344 0.554552 0.032976 0.000191 0.000230 0.032211 0.000306 0.000268 0.000612 0.085463 0.000344 0.003940 
0.092422 0.024062 0.005776 0.006962 0.008645 0.002372 0.004361 0.030068 0.053211 0.013045 0.003443 0.031598 0.012012 0.014384 0.094832 0.054397 0.514976 0.021155 0.000000 0.012280 
0.174395 0.002487 0.127219 0.170301 0.002066 0.025291 0.063284 0.001224 0.119069 0.006084 0.001110 0.026439 0.007767 0.081956 0.095845 0.074151 0.015572 0.003673 0.000421 0.001645 
0.113364 0.002104 0.007193 0.070743 0.008188 0.032521 0.039982 0.013467 0.147148 0.049661 0.011325 0.048437 0.074416 0.063129 0.191453 0.059073 0.031220 0.028159 0.000191 0.008226 
0.047206 0.008760 0.001033 0.000612 0.029685 0.012471 0.013886 0.170804 0.000268 0.315022 0.009411 0.004705 0.000803 0.009066 0.001760 0.074442 0.135917 0.144027 0.000191 0.019930 
0.047289 0.000650 0.069595 0.014539 0.000497 0.449019 0.020584 0.009029 0.023186 0.006925 0.001722 0.025978 0.213031 0.014845 0.012511 0.048514 0.028045 0.010675 0.001033 0.002334 
0.038025 0.007574 0.164875 0.029264 0.012127 0.042386 0.014154 0.199304 0.077618 0.066294 0.006465 0.042500 0.045522 0.010558 0.018247 0.038025 0.099843 0.083432 0.000344 0.003443 
0.034926 0.078880 0.012853 0.004476 0.004399 0.023832 0.003864 0.020313 0.253242 0.008492 0.003099 0.005891 0.254122 0.119965 0.104395 0.009908 0.020198 0.031751 0.000038 0.005356 
0.088103 0.034430 0.000383 0.000956 0.004438 0.014728 0.001530 0.367789 0.026970 0.073833 0.036190 0.002066 0.007498 0.009985 0.005126 0.001071 0.018707 0.302372 0.000000 0.003826 

MOTIF files/output.4.matrix.0_11
letter-probability matrix: alength= 20 w= 30 nsites= 432 E= 0.000001
0.002315 0.000000 0.023148 0.000000 0.000000 0.817130 0.069444 0.000000 0.011574 0.000000 0.000000 0.057870 0.000000 0.016204 0.000000 0.002315 0.000000 0.000000 0.000000 0.000000 
0.000000 0.000000 0.000000 0.000000 0.004630 0.000000 0.000000 0.159722 0.013889 0.370370 0.030093 0.000000 0.000000 0.000000 0.351852 0.000000 0.000000 0.069444 0.000000 0.000000 
0.004630 0.000000 0.030093 0.023148 0.000000 0.055556 0.000000 0.000000 0.354167 0.006944 0.125000 0.000000 0.226852 0.087963 0.000000 0.034722 0.037037 0.013889 0.000000 0.000000 
0.030093 0.000000 0.000000 0.000000 0.000000 0.000000 0.000000 0.074074 0.000000 0.699074 0.023148 0.000000 0.002315 0.000000 0.000000 0.000000 0.000000 0.171296 0.000000 0.000000 
0.731481 0.219907 0.002315 0.000000 0.000000 0.006944 0.000000 0.000000 0.000000 0.000000 0.000000 0.013889 0.000000 0.000000 0.000000 0.025463 0.000000 0.000000 0.000000 0.000000 
0.002315 0.000000 0.000000 0.000000 0.000000 0.000000 0.000000 0.000000 0.000000 0.000000 0.000000 0.002315 0.754630 0.000000 0.000000 0.233796 0.006944 0.000000 0.000000 0.000000 
0.000000 0.000000 0.000000 0.000000 0.000000 0.000000 0.983796 0.000000 0.000000 0.000000 0.000000 0.009259 0.000000 0.000000 0.000000 0.000000 0.006944 0.000000 0.000000 0.000000 
0.000000 0.000000 0.000000 0.000000 0.738426 0.219907 0.000000 0.002315 0.000000 0.023148 0.000000 0.000000 0.000000 0.016204 0.000000 0.000000 0.000000 0.000000 0.000000 0.000000 
0.733796 0.000000 0.000000 0.000000 0.025463 0.000000 0.000000 0.000000 0.000000 0.016204 0.219907 0.000000 0.000000 0.000000 0.000000 0.002315 0.002315 0.000000 0.000000 0.000000 
0.000000 0.000000 0.000000 0.000000 0.000000 0.000000 0.030093 0.000000 0.000000 0.016204 0.738426 0.000000 0.000000 0.215278 0.000000 0.000000 0.000000 0.000000 0.000000 0.000000 
0.000000 0.000000 0.000000 1.000000 0.000000 0.000000 0.000000 0.000000 0.000000 0.000000 0.000000 0.000000 0.000000 0.000000 0.000000 0.000000 0.000000 0.000000 0.000000 0.000000 
0.000000 0.000000 0.000000 0.000000 0.020833 0.000000 0.000000 0.233796 0.000000 0.407407 0.000000 0.000000 0.000000 0.000000 0.000000 0.000000 0.000000 0.337963 0.000000 0.000000 
0.000000 0.000000 0.000000 0.000000 0.000000 0.000000 0.958333 0.000000 0.000000 0.000000 0.000000 0.000000 0.000000 0.000000 0.000000 0.025463 0.000000 0.000000 0.000000 0.016204 
0.025463 0.002315 0.000000 0.000000 0.000000 0.000000 0.000000 0.048611 0.000000 0.537037 0.000000 0.000000 0.000000 0.000000 0.000000 0.000000 0.000000 0.386574 0.000000 0.000000 
0.000000 0.000000 0.016204 0.000000 0.000000 0.000000 0.761574 0.000000 0.000000 0.000000 0.000000 0.000000 0.000000 0.002315 0.000000 0.219907 0.000000 0.000000 0.000000 0.000000 
0.000000 0.000000 0.000000 0.000000 0.000000 0.000000 0.000000 0.000000 0.000000 1.000000 0.000000 0.000000 0.000000 0.000000 0.000000 0.000000 0.000000 0.000000 0.000000 0.000000 
0.596288 0.000000 0.000000 0.000000 0.000000 0.002320 0.000000 0.002320 0.000000 0.039443 0.034803 0.000000 0.000000 0.000000 0.000000 0.153132 0.000000 0.171694 0.000000 0.000000 
0.888631 0.000000 0.000000 0.000000 0.000000 0.004640 0.000000 0.000000 0.016241 0.000000 0.000000 0.000000 0.000000 0.000000 0.000000 0.090487 0.000000 0.000000 0.000000 0.000000 
0.658933 0.027842 0.000000 0.013921 0.000000 0.102088 0.002320 0.004640 0.000000 0.000000 0.000000 0.000000 0.000000 0.002320 0.000000 0.081206 0.099768 0.006961 0.000000 0.000000 
0.000000 0.025463 0.000000 0.000000 0.006944 0.000000 0.025463 0.004630 0.000000 0.004630 0.004630 0.000000 0.000000 0.206019 0.004630 0.004630 0.020833 0.000000 0.000000 0.692130 
0.034722 0.000000 0.000000 0.009259 0.000000 0.006944 0.000000 0.004630 0.009259 0.002315 0.000000 0.000000 0.759259 0.006944 0.002315 0.060185 0.099537 0.004630 0.000000 0.000000 
0.000000 0.000000 0.002315 0.004630 0.000000 0.000000 0.030093 0.111111 0.000000 0.310185 0.000000 0.199074 0.000000 0.032407 0.210648 0.006944 0.083333 0.000000 0.000000 0.009259 
0.206019 0.002315 0.000000 0.738426 0.013889 0.009259 0.000000 0.000000 0.000000 0.000000 0.000000 0.000000 0.002315 0.000000 0.000000 0.013889 0.002315 0.011574 0.000000 0.000000 
0.000000 0.000000 0.002315 0.000000 0.000000 0.219907 0.023148 0.000000 0.000000 0.000000 0.000000 0.000000 0.733796 0.000000 0.000000 0.002315 0.002315 0.000000 0.000000 0.016204 
0.000000 0.002315 0.000000 0.000000 0.006944 0.000000 0.002315 0.000000 0.000000 0.018519 0.004630 0.000000 0.000000 0.002315 0.000000 0.000000 0.000000 0.000000 0.935185 0.027778 
0.000000 0.000000 0.000000 0.016204 0.000000 0.000000 0.000000 0.018519 0.000000 0.493056 0.011574 0.000000 0.000000 0.000000 0.000000 0.000000 0.000000 0.460648 0.000000 0.000000 
0.000000 0.000000 0.016204 0.981481 0.000000 0.000000 0.000000 0.000000 0.000000 0.000000 0.000000 0.000000 0.000000 0.002315 0.000000 0.000000 0.000000 0.000000 0.000000 0.000000 
0.087963 0.000000 0.000000 0.000000 0.000000 0.000000 0.738426 0.006944 0.002315 0.002315 0.002315 0.000000 0.016204 0.000000 0.023148 0.000000 0.000000 0.115741 0.002315 0.002315 
0.000000 0.000000 0.000000 0.000000 0.754630 0.000000 0.219907 0.000000 0.000000 0.023148 0.002315 0.000000 0.000000 0.000000 0.000000 0.000000 0.000000 0.000000 0.000000 0.000000 
0.000000 0.000000 0.254630 0.525463 0.000000 0.000000 0.000000 0.000000 0.000000 0.000000 0.000000 0.000000 0.000000 0.000000 0.000000 0.219907 0.000000 0.000000 0.000000 0.000000 

MOTIF files/output.4.matrix.0_12
letter-probability matrix: alength= 20 w= 30 nsites= 8108 E= 0.000001
0.038974 0.000987 0.159225 0.109521 0.006537 0.007770 0.024420 0.038234 0.003207 0.055747 0.006043 0.008633 0.055007 0.026024 0.287494 0.010607 0.011717 0.136285 0.000000 0.013567 
0.016034 0.000123 0.030217 0.005427 0.000617 0.000493 0.004070 0.221756 0.071411 0.456709 0.004563 0.006290 0.005057 0.002590 0.018624 0.014184 0.017637 0.109645 0.000247 0.014307 
0.021337 0.002837 0.075234 0.008387 0.067958 0.002220 0.003207 0.028984 0.025407 0.180192 0.000247 0.111741 0.007030 0.001973 0.004933 0.003577 0.369142 0.085471 0.000000 0.000123 
0.043414 0.002837 0.008510 0.025530 0.002837 0.034534 0.008510 0.004440 0.351135 0.020227 0.000617 0.046374 0.124075 0.041071 0.095091 0.030957 0.102368 0.054021 0.000000 0.003453 
0.065491 0.000370 0.073508 0.451529 0.002467 0.074124 0.028244 0.000863 0.007893 0.001357 0.000370 0.109398 0.007770 0.047114 0.016897 0.042427 0.049334 0.020104 0.000000 0.000740 
0.054021 0.000000 0.065984 0.038111 0.002220 0.026270 0.000987 0.010607 0.020104 0.002220 0.001480 0.001357 0.552047 0.023680 0.059694 0.013197 0.004440 0.123458 0.000123 0.000000 
0.009375 0.000123 0.010115 0.001604 0.270137 0.000740 0.007524 0.034291 0.000247 0.495868 0.008264 0.001110 0.091526 0.000370 0.000123 0.002837 0.008758 0.020106 0.009868 0.027014 
0.052171 0.004317 0.059694 0.236433 0.001110 0.004687 0.013814 0.007277 0.057474 0.019240 0.001357 0.018994 0.030464 0.158115 0.145042 0.043537 0.064998 0.078194 0.000863 0.002220 
0.004194 0.005304 0.003330 0.000493 0.116073 0.000493 0.003454 0.451215 0.000123 0.046256 0.041446 0.000370 0.019119 0.001357 0.005551 0.000987 0.012335 0.041939 0.001850 0.244110 
0.065861 0.001110 0.046497 0.199803 0.000123 0.007523 0.017020 0.023680 0.206833 0.000493 0.000493 0.009497 0.001850 0.041441 0.146892 0.041687 0.033917 0.155032 0.000000 0.000247 
0.011963 0.000000 0.438086 0.037987 0.000247 0.249013 0.005920 0.000000 0.015910 0.000123 0.000123 0.199926 0.000493 0.019857 0.007400 0.011717 0.000863 0.000000 0.000000 0.000370 
0.003207 0.000000 0.001110 0.000000 0.151227 0.821512 0.003701 0.000000 0.000370 0.000000 0.000000 0.001727 0.000493 0.000000 0.000370 0.009128 0.000247 0.000000 0.000000 0.006908 
0.049710 0.039595 0.005057 0.094363 0.091896 0.011965 0.072160 0.003207 0.152831 0.060812 0.072653 0.003577 0.000000 0.067966 0.097940 0.042679 0.019736 0.010361 0.001234 0.102257 
0.019487 0.006043 0.000000 0.000000 0.040947 0.000493 0.000000 0.226443 0.000000 0.231130 0.072398 0.000123 0.000000 0.000000 0.000123 0.000000 0.000370 0.400345 0.000000 0.002097 
0.220400 0.002713 0.039714 0.074988 0.004563 0.007400 0.110138 0.016650 0.125185 0.023187 0.003577 0.008140 0.015417 0.139985 0.053281 0.033054 0.064134 0.027380 0.018747 0.011347 
0.045511 0.003453 0.000000 0.000000 0.000247 0.000370 0.000000 0.156759 0.000617 0.141712 0.002837 0.002220 0.064751 0.000000 0.015910 0.000000 0.001603 0.564011 0.000000 0.000000 
0.001727 0.000370 0.001603 0.000000 0.002343 0.024050 0.000247 0.001110 0.000370 0.072891 0.003577 0.002713 0.785520 0.000247 0.009373 0.067341 0.025407 0.000000 0.001110 0.000000 
0.048101 0.000617 0.275777 0.121732 0.000740 0.006043 0.004317 0.000863 0.064011 0.002467 0.012210 0.043907 0.020104 0.114332 0.050814 0.048471 0.181302 0.003823 0.000000 0.000370 
0.247903 0.000000 0.004070 0.027504 0.000000 0.256290 0.000247 0.001850 0.196349 0.010607 0.000740 0.001850 0.000123 0.011347 0.113468 0.009497 0.109891 0.007893 0.000000 0.000370 
0.023804 0.000123 0.002713 0.000370 0.000000 0.005180 0.018130 0.003330 0.002467 0.005550 0.000000 0.002467 0.911445 0.001850 0.000493 0.008757 0.003823 0.006290 0.000000 0.003207 
0.000123 0.000000 0.000000 0.000000 0.000000 0.999383 0.000000 0.000000 0.000000 0.000000 0.000000 0.000000 0.000000 0.000000 0.000123 0.000370 0.000000 0.000000 0.000000 0.000000 
0.000123 0.000000 0.000000 0.000000 0.023310 0.000123 0.011717 0.028614 0.000000 0.917982 0.002713 0.000247 0.000000 0.000000 0.000000 0.000617 0.005550 0.008387 0.000617 0.000000 
0.000247 0.000000 0.000000 0.000000 0.000000 0.999507 0.000000 0.000000 0.000000 0.000000 0.000000 0.000000 0.000000 0.000000 0.000000 0.000247 0.000000 0.000000 0.000000 0.000000 
0.011593 0.001357 0.000000 0.000000 0.027504 0.000247 0.000000 0.311791 0.000000 0.091638 0.005427 0.000000 0.000000 0.000247 0.000123 0.000000 0.000493 0.545387 0.000000 0.004193 
0.042304 0.000493 0.085471 0.630242 0.000000 0.002467 0.003823 0.003330 0.005673 0.001357 0.001233 0.003700 0.000000 0.014430 0.023187 0.031820 0.134928 0.015417 0.000000 0.000123 
0.001727 0.000000 0.000000 0.000000 0.023187 0.006043 0.000000 0.302047 0.000000 0.521954 0.006290 0.000000 0.036384 0.000000 0.000000 0.000000 0.000123 0.102121 0.000123 0.000000 
0.002837 0.000740 0.810557 0.004687 0.000370 0.000247 0.002097 0.002837 0.003577 0.002590 0.000000 0.110878 0.000000 0.000123 0.004440 0.044524 0.002590 0.006783 0.000000 0.000123 
0.009130 0.000000 0.016410 0.412461 0.005429 0.002714 0.013572 0.002468 0.005799 0.026033 0.204812 0.000247 0.044787 0.010857 0.094756 0.005305 0.007403 0.003578 0.127082 0.007156 
0.122718 0.000123 0.446843 0.281327 0.000000 0.013074 0.002960 0.002960 0.019117 0.001850 0.000000 0.008017 0.003947 0.055007 0.012580 0.012210 0.010483 0.006413 0.000000 0.000370 
0.166502 0.007770 0.002220 0.025284 0.015910 0.003207 0.010113 0.004933 0.186359 0.047484 0.016527 0.003700 0.000247 0.243710 0.176616 0.005797 0.007153 0.029230 0.001357 0.045881 

MOTIF files/output.4.matrix.0_62
letter-probability matrix: alength= 20 w= 30 nsites= 4759 E= 0.000001
0.001261 0.002311 0.000000 0.000000 0.000000 0.900609 0.000000 0.000000 0.000000 0.004833 0.000000 0.000841 0.000000 0.000000 0.000000 0.065140 0.022063 0.000841 0.000000 0.002101 
0.000000 0.000000 0.000000 0.903761 0.000000 0.096239 0.000000 0.000000 0.000000 0.000000 0.000000 0.000000 0.000000 0.000000 0.000000 0.000000 0.000000 0.000000 0.000000 0.000000 
0.006094 0.000000 0.000000 0.096239 0.000000 0.000000 0.304055 0.000210 0.000000 0.000000 0.188275 0.054213 0.000000 0.011137 0.307628 0.020172 0.011557 0.000420 0.000000 0.000000 
0.028788 0.166422 0.000000 0.144988 0.000841 0.008405 0.069132 0.011137 0.000000 0.278000 0.137634 0.001471 0.000000 0.000630 0.039084 0.000420 0.018071 0.081740 0.013238 0.000000 
0.094978 0.000630 0.000210 0.000630 0.200883 0.000210 0.178609 0.004623 0.000000 0.029628 0.005884 0.001261 0.000630 0.202774 0.000210 0.003572 0.051061 0.000630 0.000000 0.223576 
0.000630 0.000841 0.000210 0.000000 0.007985 0.077537 0.001891 0.001471 0.000000 0.000000 0.000000 0.316663 0.000000 0.000000 0.028157 0.390418 0.146249 0.007985 0.000000 0.019962 
0.012187 0.000000 0.000630 0.001471 0.033410 0.008405 0.001261 0.020382 0.032150 0.022904 0.000210 0.002522 0.005253 0.002732 0.698466 0.042446 0.072284 0.042866 0.000000 0.000420 
0.029838 0.000000 0.000210 0.010506 0.115570 0.001681 0.040765 0.102753 0.002732 0.069973 0.005673 0.013868 0.000000 0.001471 0.060097 0.004623 0.012818 0.195209 0.240387 0.091826 
0.004833 0.000000 0.220635 0.189746 0.000000 0.177979 0.000630 0.040134 0.000000 0.039714 0.122925 0.001261 0.000000 0.081740 0.001471 0.001471 0.010506 0.089094 0.017441 0.000420 
0.009246 0.004623 0.020382 0.010927 0.734818 0.001051 0.069973 0.010717 0.000000 0.005463 0.010927 0.001261 0.000000 0.014499 0.000000 0.067031 0.000841 0.027527 0.000210 0.010506 
0.011767 0.000000 0.000210 0.048960 0.094558 0.007775 0.001471 0.000420 0.626392 0.024795 0.001681 0.002522 0.000000 0.001891 0.152763 0.000000 0.000630 0.005884 0.015549 0.002732 
0.005885 0.000210 0.040984 0.042875 0.001051 0.005885 0.032367 0.000841 0.055906 0.016604 0.043085 0.022488 0.036990 0.382303 0.266078 0.022488 0.012190 0.000841 0.000210 0.010719 
0.032360 0.000000 0.002522 0.004623 0.153604 0.000210 0.000000 0.046859 0.001261 0.461652 0.023744 0.000000 0.018281 0.001051 0.000841 0.001681 0.069132 0.166211 0.000000 0.015970 
0.007985 0.000210 0.000000 0.000000 0.072074 0.000000 0.000000 0.213910 0.000000 0.648456 0.026056 0.000000 0.002101 0.000000 0.000000 0.000000 0.000000 0.029208 0.000000 0.000000 
0.125236 0.007144 0.036772 0.304055 0.000841 0.000630 0.004413 0.001051 0.018281 0.060517 0.044127 0.006094 0.000000 0.231141 0.026686 0.116621 0.012608 0.003782 0.000000 0.000000 
0.311055 0.000000 0.081337 0.157209 0.001051 0.101513 0.013661 0.001681 0.014922 0.012190 0.047499 0.027953 0.003573 0.047289 0.094788 0.039092 0.018495 0.016604 0.008197 0.001892 
0.047489 0.003782 0.039084 0.048750 0.000000 0.491910 0.006514 0.000000 0.045388 0.000420 0.000000 0.054843 0.000000 0.050221 0.115150 0.028998 0.067241 0.000000 0.000000 0.000210 
0.465644 0.062618 0.005673 0.000420 0.005673 0.236394 0.001471 0.001471 0.013238 0.006514 0.006934 0.041605 0.000000 0.000000 0.001471 0.043497 0.005043 0.011767 0.000420 0.090145 
0.057785 0.052952 0.000000 0.000000 0.002101 0.000000 0.000000 0.339147 0.000000 0.145829 0.004203 0.000000 0.000210 0.000000 0.000000 0.032780 0.007354 0.357638 0.000000 0.000000 
0.082370 0.000000 0.771801 0.001471 0.000000 0.023534 0.000210 0.000000 0.001261 0.000210 0.000000 0.002522 0.000000 0.014289 0.004203 0.092667 0.005463 0.000000 0.000000 0.000000 
0.001051 0.000000 0.000000 0.000000 0.105484 0.000000 0.000000 0.541290 0.000000 0.048540 0.010086 0.000000 0.000000 0.000000 0.000000 0.000000 0.000000 0.250893 0.000000 0.042656 
0.031099 0.080059 0.000000 0.000000 0.000841 0.000000 0.000000 0.333684 0.000000 0.233452 0.076697 0.000000 0.000420 0.000000 0.000000 0.000000 0.000000 0.243749 0.000000 0.000000 
0.027737 0.000000 0.000000 0.000000 0.000000 0.000000 0.000000 0.000000 0.000000 0.000210 0.018701 0.001681 0.000000 0.951460 0.000000 0.000000 0.000210 0.000000 0.000000 0.000000 
0.004833 0.000000 0.000000 0.000000 0.002732 0.000000 0.000000 0.220845 0.000000 0.049380 0.001261 0.000000 0.653289 0.000420 0.000000 0.000000 0.002101 0.016390 0.000000 0.048750 
0.000000 0.000000 0.999790 0.000000 0.000000 0.000000 0.000000 0.000000 0.000000 0.000000 0.000000 0.000000 0.000000 0.000000 0.000000 0.000210 0.000000 0.000000 0.000000 0.000000 
0.345661 0.000630 0.000000 0.000000 0.000000 0.002101 0.000000 0.069342 0.000000 0.222105 0.012398 0.001681 0.020382 0.000000 0.000000 0.081109 0.053373 0.191217 0.000000 0.000000 
0.130334 0.211478 0.000000 0.000000 0.000000 0.117301 0.000000 0.000210 0.000000 0.000631 0.044356 0.053605 0.095228 0.000000 0.000000 0.316796 0.017238 0.010931 0.000000 0.001892 
0.001261 0.000000 0.000000 0.000000 0.000000 0.010717 0.321916 0.000000 0.023744 0.008195 0.000630 0.025215 0.000000 0.000000 0.425299 0.000420 0.000000 0.018912 0.163690 0.000000 
0.272957 0.177138 0.000000 0.000000 0.000420 0.000420 0.000000 0.026476 0.000000 0.140366 0.049170 0.000210 0.000000 0.000000 0.000000 0.004833 0.010086 0.317924 0.000000 0.000000 
0.063682 0.001051 0.000000 0.000000 0.000000 0.934426 0.000000 0.000000 0.000000 0.000000 0.000000 0.000000 0.000000 0.000000 0.000210 0.000631 0.000000 0.000000 0.000000 0.000000 

