MEME version 4

ALPHABET= ACDEFGHIKLMNPQRSTVWY

Background letter frequencies
A 0.1134 C 0.0105 D 0.0638 E 0.0702 F 0.0297 G 0.0889 H 0.0205 I 0.0614 K 0.0495 L 0.0963 
M 0.0246 N 0.036 P 0.0427 Q 0.0317 R 0.0509 S 0.0508 T 0.0505 V 0.0702 W 0.0129 
Y 0.0257 

MOTIF files/output.4.matrix.0_4
letter-probability matrix: alength= 20 w= 30 nsites= 27996 E= 0.000001
0.179396 0.028863 0.000000 0.000000 0.000929 0.052904 0.002893 0.002429 0.000000 0.458777 0.001393 0.055012 0.000036 0.000036 0.000000 0.129099 0.077552 0.009609 0.000750 0.000321 
0.491784 0.012360 0.000000 0.000000 0.000000 0.454133 0.000000 0.000143 0.000000 0.001072 0.000929 0.000000 0.011645 0.000000 0.000000 0.007359 0.012431 0.008145 0.000000 0.000000 
0.010003 0.006502 0.000000 0.000036 0.028543 0.000036 0.000000 0.197335 0.000000 0.120673 0.003751 0.000000 0.000000 0.000000 0.000036 0.000036 0.010431 0.618655 0.000000 0.003965 
0.000464 0.000000 0.257734 0.202150 0.000071 0.000143 0.000036 0.006751 0.000000 0.004037 0.001036 0.001250 0.000071 0.010538 0.000000 0.477459 0.000071 0.038187 0.000000 0.000000 
0.081410 0.051332 0.000000 0.000429 0.001858 0.003001 0.003572 0.113882 0.000000 0.369365 0.150139 0.050404 0.000143 0.047653 0.000000 0.042581 0.047474 0.036043 0.000107 0.000607 
0.982711 0.006751 0.000000 0.000000 0.000000 0.001322 0.000000 0.000000 0.000000 0.000036 0.000000 0.000000 0.003108 0.000000 0.000000 0.005823 0.000143 0.000107 0.000000 0.000000 
0.097381 0.052477 0.000000 0.000000 0.011860 0.000429 0.000071 0.045619 0.000036 0.385989 0.026935 0.021613 0.000000 0.000000 0.000000 0.005787 0.034830 0.315615 0.000214 0.001143 
0.382318 0.073406 0.000000 0.000000 0.015467 0.000071 0.035399 0.006287 0.000000 0.181997 0.001679 0.001143 0.000036 0.000250 0.000071 0.010359 0.000929 0.003036 0.252152 0.035399 
0.000929 0.000250 0.519681 0.004786 0.000000 0.000036 0.040113 0.000321 0.266931 0.000143 0.000143 0.004322 0.000000 0.006108 0.147521 0.003250 0.000179 0.001857 0.000143 0.003286 
0.535112 0.004358 0.000000 0.000000 0.000679 0.008751 0.000321 0.092085 0.000000 0.322332 0.008680 0.000036 0.000000 0.000036 0.000286 0.001250 0.004108 0.014574 0.007072 0.000321 
0.374103 0.002322 0.002179 0.029470 0.020861 0.112627 0.009323 0.006787 0.079478 0.153670 0.018289 0.002858 0.000000 0.058010 0.009287 0.023433 0.007787 0.032077 0.036185 0.021254 
0.649664 0.011394 0.000071 0.000000 0.000000 0.305901 0.000000 0.000000 0.000000 0.000143 0.000000 0.000000 0.000000 0.000000 0.000000 0.029468 0.003286 0.000071 0.000000 0.000000 
0.166458 0.000750 0.068905 0.080157 0.000857 0.007073 0.007358 0.008787 0.343026 0.008037 0.004715 0.041722 0.000000 0.143740 0.079014 0.015146 0.009537 0.014360 0.000036 0.000321 
0.203815 0.004001 0.023789 0.119088 0.037184 0.004822 0.078440 0.031612 0.062009 0.041399 0.007037 0.003929 0.000036 0.030076 0.108158 0.120946 0.021003 0.050579 0.000893 0.051186 
0.144949 0.009823 0.000857 0.028826 0.012680 0.001250 0.021253 0.008180 0.150736 0.383019 0.009001 0.006537 0.000000 0.043006 0.040970 0.057294 0.022075 0.040863 0.001000 0.017681 
0.010109 0.001179 0.093302 0.055224 0.000214 0.550670 0.008930 0.000036 0.056867 0.000286 0.000536 0.141668 0.000000 0.044115 0.022325 0.011109 0.002750 0.000214 0.000071 0.000393 
0.038258 0.000607 0.000679 0.022040 0.000393 0.000107 0.000286 0.082232 0.085197 0.293884 0.057691 0.000572 0.000000 0.083518 0.020469 0.002143 0.013503 0.298242 0.000036 0.000143 
0.008037 0.000000 0.001857 0.012645 0.000000 0.001250 0.001072 0.000000 0.002108 0.000214 0.000000 0.024147 0.862475 0.002715 0.011073 0.059618 0.012574 0.000000 0.000000 0.000214 
0.016253 0.000893 0.000036 0.000107 0.003858 0.000036 0.000000 0.020719 0.000000 0.632743 0.004465 0.000000 0.000572 0.000036 0.000000 0.000000 0.000750 0.314282 0.005037 0.000214 
0.127429 0.030366 0.000000 0.001000 0.078558 0.000786 0.045049 0.000250 0.000357 0.000250 0.000071 0.000679 0.002465 0.000107 0.001643 0.062875 0.006288 0.011468 0.121606 0.508753 
0.115124 0.000214 0.043363 0.135841 0.000143 0.003286 0.006822 0.001286 0.139984 0.002393 0.003393 0.010466 0.000000 0.170596 0.299007 0.043506 0.017002 0.006680 0.000214 0.000679 
0.004429 0.000357 0.000321 0.000321 0.032469 0.000000 0.149771 0.016967 0.000286 0.435419 0.018788 0.000036 0.000071 0.001965 0.006037 0.003786 0.002393 0.013430 0.003036 0.310116 
0.021039 0.000071 0.000000 0.000000 0.032184 0.000000 0.000000 0.215610 0.000000 0.613931 0.014181 0.000036 0.000000 0.000036 0.000036 0.001893 0.001572 0.081586 0.016539 0.001286 
0.212538 0.001893 0.002286 0.000214 0.000107 0.736596 0.000643 0.000107 0.001215 0.000536 0.001072 0.009609 0.000000 0.004215 0.001607 0.020111 0.001393 0.005251 0.000572 0.000036 
0.020184 0.000464 0.159897 0.106027 0.001286 0.542671 0.001679 0.016683 0.003930 0.035152 0.000929 0.021327 0.030651 0.013075 0.007323 0.013396 0.009610 0.015182 0.000000 0.000536 
0.126344 0.005537 0.019575 0.013360 0.039721 0.118914 0.012859 0.022183 0.046794 0.189570 0.043615 0.013467 0.079371 0.017539 0.072406 0.032220 0.061761 0.067333 0.000357 0.017074 
0.135708 0.008145 0.023505 0.012753 0.016289 0.033722 0.009859 0.008609 0.058834 0.056048 0.005894 0.207330 0.018397 0.084304 0.051118 0.077159 0.058227 0.107737 0.001429 0.024934 
0.217598 0.000607 0.030437 0.017291 0.000750 0.196127 0.017398 0.001429 0.024543 0.010253 0.001643 0.021828 0.108710 0.111496 0.172621 0.026758 0.033831 0.004644 0.000357 0.001679 
0.018255 0.004537 0.138392 0.108706 0.005323 0.015111 0.080270 0.010288 0.086022 0.015861 0.018005 0.139606 0.013325 0.024042 0.159468 0.042654 0.085093 0.019148 0.000107 0.015790 
0.055057 0.003108 0.067241 0.100111 0.001608 0.016649 0.009289 0.051270 0.086070 0.065883 0.011076 0.012969 0.079781 0.045411 0.072564 0.096288 0.101183 0.115510 0.004716 0.004216 

MOTIF files/output.4.matrix.0_6
letter-probability matrix: alength= 20 w= 30 nsites= 8609 E= 0.000001
0.029156 0.000232 0.008712 0.003020 0.000348 0.463236 0.009293 0.015797 0.007550 0.024625 0.000116 0.038680 0.022302 0.000232 0.019282 0.061912 0.056569 0.238936 0.000000 0.000000 
0.136137 0.000697 0.044024 0.022070 0.032989 0.352654 0.030782 0.009525 0.047392 0.026484 0.004298 0.012429 0.049948 0.042281 0.047625 0.073295 0.009641 0.028575 0.003833 0.025322 
0.192750 0.001162 0.083420 0.073893 0.008481 0.084815 0.009876 0.016498 0.077495 0.019170 0.000929 0.034623 0.044266 0.042407 0.225049 0.024631 0.041129 0.015453 0.000000 0.003950 
0.088860 0.000929 0.244279 0.086305 0.000813 0.138576 0.003485 0.001626 0.091764 0.001742 0.000116 0.093507 0.090254 0.005227 0.014171 0.103729 0.031363 0.001742 0.000581 0.000929 
0.040655 0.015333 0.004879 0.006389 0.009641 0.009990 0.001278 0.156813 0.001742 0.309908 0.026949 0.007899 0.081775 0.002439 0.008712 0.013358 0.019398 0.273086 0.007086 0.002672 
0.191311 0.000000 0.218260 0.178302 0.001045 0.023580 0.032292 0.003601 0.059008 0.008596 0.005924 0.018353 0.005924 0.072134 0.113137 0.036241 0.018701 0.012080 0.000000 0.001510 
0.124056 0.000116 0.217215 0.210594 0.000465 0.013358 0.018353 0.006505 0.118481 0.077012 0.004298 0.003485 0.000348 0.069114 0.055407 0.019514 0.042165 0.015217 0.002788 0.001510 
0.098385 0.005576 0.706122 0.042397 0.000000 0.000000 0.000000 0.008363 0.001510 0.003601 0.000813 0.082007 0.000232 0.000465 0.000000 0.001626 0.005111 0.043791 0.000000 0.000000 
0.054013 0.011848 0.000465 0.016146 0.004182 0.000581 0.000697 0.271112 0.006853 0.228714 0.009873 0.000000 0.000000 0.008828 0.027181 0.001510 0.014404 0.341503 0.001045 0.001045 
0.316529 0.000813 0.060750 0.207341 0.000000 0.007434 0.006505 0.001278 0.066326 0.003949 0.000697 0.047625 0.000929 0.024625 0.229876 0.007202 0.010222 0.007550 0.000000 0.000348 
0.017772 0.000813 0.000813 0.009176 0.016146 0.002439 0.157510 0.013126 0.022418 0.023232 0.040190 0.035428 0.002788 0.014520 0.535602 0.016146 0.049367 0.032640 0.002672 0.007202 
0.041701 0.034034 0.000000 0.000000 0.017307 0.001162 0.000000 0.186665 0.000000 0.188291 0.024277 0.000232 0.000000 0.000000 0.000465 0.000000 0.015797 0.490069 0.000000 0.000000 
0.286909 0.001742 0.018818 0.131374 0.002091 0.014868 0.011151 0.055988 0.077826 0.023928 0.000581 0.004298 0.000000 0.045766 0.205250 0.038448 0.055639 0.023232 0.000697 0.001394 
0.517830 0.000813 0.054013 0.062609 0.000929 0.008828 0.004646 0.081078 0.044953 0.046579 0.006505 0.001742 0.000000 0.058660 0.023928 0.033221 0.038680 0.014287 0.000348 0.000348 
0.122793 0.002440 0.000000 0.000000 0.000581 0.000000 0.015567 0.394981 0.000349 0.090265 0.067031 0.000000 0.000000 0.004414 0.000232 0.000000 0.004763 0.293332 0.001743 0.001510 
0.027645 0.006040 0.002555 0.000000 0.000232 0.001162 0.016843 0.007899 0.128586 0.050412 0.002207 0.003020 0.000000 0.002555 0.708096 0.006505 0.005343 0.019979 0.004066 0.006853 
0.083517 0.000232 0.106400 0.473458 0.000116 0.008363 0.002904 0.000465 0.105471 0.000929 0.000465 0.036473 0.000232 0.047625 0.070856 0.052852 0.006389 0.001510 0.000000 0.001742 
0.509002 0.001626 0.002091 0.069230 0.001975 0.012893 0.021721 0.013474 0.061215 0.025787 0.006156 0.002323 0.000000 0.011732 0.079916 0.030549 0.022651 0.126844 0.000465 0.000348 
0.023348 0.052503 0.000000 0.000000 0.073179 0.000813 0.000581 0.177140 0.000348 0.309327 0.018121 0.000000 0.001045 0.000000 0.000000 0.000697 0.004182 0.336857 0.000000 0.001859 
0.011964 0.000000 0.010454 0.010803 0.000000 0.880242 0.000348 0.000000 0.003833 0.000000 0.000000 0.001394 0.059240 0.012777 0.003252 0.004530 0.001045 0.000116 0.000000 0.000000 
0.045069 0.000465 0.206993 0.094901 0.008828 0.047276 0.003252 0.000465 0.050064 0.002672 0.001162 0.081891 0.344872 0.005343 0.015565 0.039958 0.011035 0.001278 0.011500 0.027413 
0.034150 0.001162 0.395865 0.103380 0.000116 0.072366 0.032756 0.000697 0.022186 0.002672 0.003949 0.075967 0.000116 0.038100 0.132071 0.048786 0.021721 0.001162 0.000232 0.012545 
0.180530 0.004647 0.003485 0.000349 0.134061 0.073885 0.001046 0.218866 0.004298 0.015567 0.014173 0.010688 0.003834 0.012082 0.072955 0.004066 0.036594 0.201789 0.000116 0.006970 
0.071437 0.001975 0.080265 0.073412 0.002788 0.084447 0.009525 0.005924 0.098037 0.020792 0.004298 0.010222 0.078871 0.032524 0.133000 0.139505 0.060053 0.010454 0.063422 0.019050 
0.000232 0.000232 0.000000 0.000000 0.074457 0.000000 0.000000 0.306424 0.000000 0.433732 0.018585 0.000000 0.000000 0.000116 0.000000 0.000000 0.000116 0.166105 0.000000 0.000000 
0.126540 0.001975 0.000000 0.000000 0.001511 0.128980 0.000232 0.005694 0.004416 0.005926 0.246805 0.000000 0.000000 0.003370 0.433186 0.003602 0.016268 0.004648 0.000813 0.016035 
0.024509 0.000929 0.000000 0.000000 0.011267 0.001859 0.000000 0.175862 0.000000 0.248112 0.022883 0.000000 0.000116 0.000232 0.000000 0.000116 0.002323 0.498083 0.004530 0.009176 
0.000000 0.000000 0.970961 0.028923 0.000000 0.000000 0.000000 0.000000 0.000000 0.000000 0.000000 0.000116 0.000000 0.000000 0.000000 0.000000 0.000000 0.000000 0.000000 0.000000 
0.489836 0.118829 0.000000 0.000000 0.153560 0.016727 0.002555 0.011732 0.000000 0.003485 0.001742 0.000000 0.005924 0.000000 0.000000 0.000929 0.000232 0.191195 0.001859 0.001394 
0.000000 0.000000 0.000000 0.000000 0.000000 0.000000 0.158787 0.000000 0.000000 0.000000 0.000000 0.723313 0.000000 0.000000 0.000116 0.000232 0.000000 0.000000 0.068649 0.048902 

MOTIF files/output.4.matrix.0_12
letter-probability matrix: alength= 20 w= 30 nsites= 8108 E= 0.000001
0.038974 0.000987 0.159225 0.109521 0.006537 0.007770 0.024420 0.038234 0.003207 0.055747 0.006043 0.008633 0.055007 0.026024 0.287494 0.010607 0.011717 0.136285 0.000000 0.013567 
0.016034 0.000123 0.030217 0.005427 0.000617 0.000493 0.004070 0.221756 0.071411 0.456709 0.004563 0.006290 0.005057 0.002590 0.018624 0.014184 0.017637 0.109645 0.000247 0.014307 
0.021337 0.002837 0.075234 0.008387 0.067958 0.002220 0.003207 0.028984 0.025407 0.180192 0.000247 0.111741 0.007030 0.001973 0.004933 0.003577 0.369142 0.085471 0.000000 0.000123 
0.043414 0.002837 0.008510 0.025530 0.002837 0.034534 0.008510 0.004440 0.351135 0.020227 0.000617 0.046374 0.124075 0.041071 0.095091 0.030957 0.102368 0.054021 0.000000 0.003453 
0.065491 0.000370 0.073508 0.451529 0.002467 0.074124 0.028244 0.000863 0.007893 0.001357 0.000370 0.109398 0.007770 0.047114 0.016897 0.042427 0.049334 0.020104 0.000000 0.000740 
0.054021 0.000000 0.065984 0.038111 0.002220 0.026270 0.000987 0.010607 0.020104 0.002220 0.001480 0.001357 0.552047 0.023680 0.059694 0.013197 0.004440 0.123458 0.000123 0.000000 
0.009375 0.000123 0.010115 0.001604 0.270137 0.000740 0.007524 0.034291 0.000247 0.495868 0.008264 0.001110 0.091526 0.000370 0.000123 0.002837 0.008758 0.020106 0.009868 0.027014 
0.052171 0.004317 0.059694 0.236433 0.001110 0.004687 0.013814 0.007277 0.057474 0.019240 0.001357 0.018994 0.030464 0.158115 0.145042 0.043537 0.064998 0.078194 0.000863 0.002220 
0.004194 0.005304 0.003330 0.000493 0.116073 0.000493 0.003454 0.451215 0.000123 0.046256 0.041446 0.000370 0.019119 0.001357 0.005551 0.000987 0.012335 0.041939 0.001850 0.244110 
0.065861 0.001110 0.046497 0.199803 0.000123 0.007523 0.017020 0.023680 0.206833 0.000493 0.000493 0.009497 0.001850 0.041441 0.146892 0.041687 0.033917 0.155032 0.000000 0.000247 
0.011963 0.000000 0.438086 0.037987 0.000247 0.249013 0.005920 0.000000 0.015910 0.000123 0.000123 0.199926 0.000493 0.019857 0.007400 0.011717 0.000863 0.000000 0.000000 0.000370 
0.003207 0.000000 0.001110 0.000000 0.151227 0.821512 0.003701 0.000000 0.000370 0.000000 0.000000 0.001727 0.000493 0.000000 0.000370 0.009128 0.000247 0.000000 0.000000 0.006908 
0.049710 0.039595 0.005057 0.094363 0.091896 0.011965 0.072160 0.003207 0.152831 0.060812 0.072653 0.003577 0.000000 0.067966 0.097940 0.042679 0.019736 0.010361 0.001234 0.102257 
0.019487 0.006043 0.000000 0.000000 0.040947 0.000493 0.000000 0.226443 0.000000 0.231130 0.072398 0.000123 0.000000 0.000000 0.000123 0.000000 0.000370 0.400345 0.000000 0.002097 
0.220400 0.002713 0.039714 0.074988 0.004563 0.007400 0.110138 0.016650 0.125185 0.023187 0.003577 0.008140 0.015417 0.139985 0.053281 0.033054 0.064134 0.027380 0.018747 0.011347 
0.045511 0.003453 0.000000 0.000000 0.000247 0.000370 0.000000 0.156759 0.000617 0.141712 0.002837 0.002220 0.064751 0.000000 0.015910 0.000000 0.001603 0.564011 0.000000 0.000000 
0.001727 0.000370 0.001603 0.000000 0.002343 0.024050 0.000247 0.001110 0.000370 0.072891 0.003577 0.002713 0.785520 0.000247 0.009373 0.067341 0.025407 0.000000 0.001110 0.000000 
0.048101 0.000617 0.275777 0.121732 0.000740 0.006043 0.004317 0.000863 0.064011 0.002467 0.012210 0.043907 0.020104 0.114332 0.050814 0.048471 0.181302 0.003823 0.000000 0.000370 
0.247903 0.000000 0.004070 0.027504 0.000000 0.256290 0.000247 0.001850 0.196349 0.010607 0.000740 0.001850 0.000123 0.011347 0.113468 0.009497 0.109891 0.007893 0.000000 0.000370 
0.023804 0.000123 0.002713 0.000370 0.000000 0.005180 0.018130 0.003330 0.002467 0.005550 0.000000 0.002467 0.911445 0.001850 0.000493 0.008757 0.003823 0.006290 0.000000 0.003207 
0.000123 0.000000 0.000000 0.000000 0.000000 0.999383 0.000000 0.000000 0.000000 0.000000 0.000000 0.000000 0.000000 0.000000 0.000123 0.000370 0.000000 0.000000 0.000000 0.000000 
0.000123 0.000000 0.000000 0.000000 0.023310 0.000123 0.011717 0.028614 0.000000 0.917982 0.002713 0.000247 0.000000 0.000000 0.000000 0.000617 0.005550 0.008387 0.000617 0.000000 
0.000247 0.000000 0.000000 0.000000 0.000000 0.999507 0.000000 0.000000 0.000000 0.000000 0.000000 0.000000 0.000000 0.000000 0.000000 0.000247 0.000000 0.000000 0.000000 0.000000 
0.011593 0.001357 0.000000 0.000000 0.027504 0.000247 0.000000 0.311791 0.000000 0.091638 0.005427 0.000000 0.000000 0.000247 0.000123 0.000000 0.000493 0.545387 0.000000 0.004193 
0.042304 0.000493 0.085471 0.630242 0.000000 0.002467 0.003823 0.003330 0.005673 0.001357 0.001233 0.003700 0.000000 0.014430 0.023187 0.031820 0.134928 0.015417 0.000000 0.000123 
0.001727 0.000000 0.000000 0.000000 0.023187 0.006043 0.000000 0.302047 0.000000 0.521954 0.006290 0.000000 0.036384 0.000000 0.000000 0.000000 0.000123 0.102121 0.000123 0.000000 
0.002837 0.000740 0.810557 0.004687 0.000370 0.000247 0.002097 0.002837 0.003577 0.002590 0.000000 0.110878 0.000000 0.000123 0.004440 0.044524 0.002590 0.006783 0.000000 0.000123 
0.009130 0.000000 0.016410 0.412461 0.005429 0.002714 0.013572 0.002468 0.005799 0.026033 0.204812 0.000247 0.044787 0.010857 0.094756 0.005305 0.007403 0.003578 0.127082 0.007156 
0.122718 0.000123 0.446843 0.281327 0.000000 0.013074 0.002960 0.002960 0.019117 0.001850 0.000000 0.008017 0.003947 0.055007 0.012580 0.012210 0.010483 0.006413 0.000000 0.000370 
0.166502 0.007770 0.002220 0.025284 0.015910 0.003207 0.010113 0.004933 0.186359 0.047484 0.016527 0.003700 0.000247 0.243710 0.176616 0.005797 0.007153 0.029230 0.001357 0.045881 

MOTIF files/output.4.matrix.0_13
letter-probability matrix: alength= 20 w= 30 nsites= 2624 E= 0.000001
0.034680 0.000000 0.030107 0.036966 0.003049 0.026677 0.003430 0.046494 0.463796 0.018674 0.145960 0.036204 0.010671 0.019817 0.060976 0.012195 0.030107 0.011433 0.000000 0.008765 
0.041159 0.000000 0.003049 0.005335 0.013338 0.009146 0.001524 0.637576 0.030869 0.014863 0.035061 0.006098 0.053735 0.004954 0.019436 0.033155 0.019817 0.070503 0.000000 0.000381 
0.042683 0.003049 0.014101 0.049162 0.008003 0.001143 0.011433 0.049162 0.100229 0.056021 0.033918 0.004192 0.020960 0.061738 0.150915 0.020579 0.314405 0.056784 0.000000 0.001524 
0.141006 0.000000 0.182927 0.081555 0.000381 0.041159 0.011814 0.010290 0.142149 0.001524 0.002668 0.034299 0.001524 0.051067 0.094131 0.092607 0.078506 0.024771 0.000381 0.007241 
0.096418 0.006860 0.000000 0.000000 0.025534 0.000762 0.000000 0.368140 0.000000 0.219131 0.011433 0.000000 0.000381 0.000000 0.000000 0.000381 0.020960 0.246951 0.001524 0.001524 
0.030107 0.001143 0.055640 0.208841 0.003049 0.004192 0.088034 0.011052 0.177591 0.003049 0.000762 0.013720 0.000000 0.053735 0.141387 0.090320 0.102515 0.012576 0.000000 0.002287 
0.091463 0.009527 0.000000 0.000000 0.084223 0.014482 0.000381 0.105564 0.000000 0.242759 0.005335 0.021341 0.001143 0.000000 0.001905 0.005335 0.144817 0.254192 0.004954 0.012576 
0.058308 0.010290 0.009909 0.084985 0.104421 0.108613 0.071265 0.013338 0.045732 0.009909 0.006860 0.059832 0.000000 0.039634 0.155488 0.048018 0.038872 0.009146 0.006098 0.119284 
0.130716 0.002668 0.003811 0.059070 0.001524 0.008765 0.039634 0.107088 0.041540 0.038110 0.072790 0.008384 0.119665 0.023628 0.223704 0.018293 0.030869 0.063262 0.000381 0.006098 
0.019436 0.001524 0.017149 0.171113 0.009909 0.004954 0.012576 0.181784 0.026677 0.187500 0.015244 0.019055 0.000381 0.025152 0.089177 0.019436 0.034299 0.114710 0.000381 0.049543 
0.099848 0.005716 0.046494 0.096037 0.005716 0.004192 0.047256 0.003049 0.046875 0.002668 0.000381 0.054116 0.021723 0.027058 0.286204 0.182165 0.054497 0.008765 0.000000 0.007241 
0.021341 0.000000 0.000000 0.001524 0.130716 0.000762 0.022104 0.123857 0.000000 0.240854 0.044588 0.000000 0.000000 0.000000 0.003049 0.010290 0.014101 0.293445 0.076220 0.017149 
0.017530 0.000381 0.008384 0.027820 0.000000 0.001143 0.000762 0.000000 0.104040 0.002668 0.000762 0.027820 0.742759 0.024009 0.026677 0.010671 0.004573 0.000000 0.000000 0.000000 
0.000000 0.000000 0.000000 0.000000 0.006860 0.000000 0.000381 0.124238 0.000000 0.837652 0.009527 0.000000 0.000000 0.000000 0.000000 0.000000 0.000000 0.005335 0.000000 0.016006 
0.165396 0.000381 0.014863 0.034299 0.001524 0.000762 0.133765 0.076220 0.268674 0.021723 0.000762 0.013338 0.000000 0.006860 0.138338 0.024771 0.040396 0.057165 0.000000 0.000762 
0.076601 0.000000 0.042302 0.085366 0.013720 0.130335 0.045732 0.020960 0.133765 0.001905 0.001143 0.029726 0.000762 0.028201 0.069360 0.028582 0.232470 0.048018 0.000000 0.011052 
0.052993 0.000000 0.000000 0.004956 0.000762 0.002287 0.000762 0.001525 0.000381 0.001525 0.000000 0.003050 0.748380 0.000000 0.009912 0.042699 0.090355 0.040412 0.000000 0.000000 
0.000000 0.000000 0.000000 0.000000 0.950838 0.000000 0.000000 0.006098 0.000000 0.008003 0.000000 0.000000 0.000000 0.000000 0.000000 0.000000 0.000000 0.008384 0.009527 0.017149 
0.038491 0.000000 0.000381 0.040777 0.000000 0.011814 0.019436 0.068216 0.318598 0.000000 0.000000 0.001905 0.000000 0.003811 0.075076 0.007622 0.261052 0.152820 0.000000 0.000000 
0.018674 0.000000 0.000000 0.000000 0.000000 0.000000 0.000000 0.467988 0.000000 0.009909 0.000000 0.000762 0.000381 0.000000 0.000000 0.020960 0.431784 0.049543 0.000000 0.000000 
0.601753 0.000000 0.000000 0.000000 0.000381 0.000000 0.001143 0.000000 0.000762 0.000000 0.000000 0.004573 0.000762 0.000000 0.000000 0.375762 0.014863 0.000000 0.000000 0.000000 
0.006479 0.000381 0.000000 0.000000 0.033918 0.038872 0.005716 0.004573 0.006098 0.351753 0.009527 0.004573 0.000762 0.003811 0.243140 0.052210 0.047256 0.054878 0.000381 0.135671 
0.028201 0.000000 0.004954 0.014863 0.001524 0.438643 0.049162 0.000000 0.001905 0.000000 0.019055 0.008003 0.000000 0.002668 0.342988 0.054116 0.001905 0.001905 0.000000 0.030107 
0.098704 0.000000 0.000000 0.036585 0.000000 0.001143 0.002287 0.010290 0.007622 0.003049 0.000381 0.000762 0.004573 0.014482 0.120427 0.226372 0.418445 0.053735 0.000000 0.001143 
0.025915 0.001143 0.000762 0.005716 0.043826 0.000000 0.006098 0.044970 0.149009 0.078887 0.009146 0.000000 0.000762 0.041159 0.095655 0.017912 0.047637 0.322790 0.001524 0.107088 
0.010671 0.000381 0.137576 0.120046 0.002668 0.009146 0.027820 0.004192 0.008384 0.003430 0.001143 0.062500 0.011433 0.032012 0.016387 0.117378 0.378811 0.007241 0.000000 0.048780 
0.102515 0.009146 0.095655 0.280107 0.010671 0.001143 0.052591 0.007622 0.047256 0.003811 0.003811 0.027058 0.000000 0.026296 0.033155 0.106326 0.143674 0.030869 0.000381 0.017912 
0.362424 0.001524 0.000000 0.000381 0.001905 0.001905 0.000000 0.158918 0.032393 0.021341 0.094512 0.000000 0.000000 0.005335 0.075076 0.021341 0.059070 0.159299 0.001143 0.003430 
0.044588 0.001143 0.115091 0.421113 0.000000 0.009909 0.012195 0.009527 0.017912 0.003049 0.001905 0.030869 0.135290 0.022485 0.067073 0.032012 0.024390 0.048780 0.000000 0.002668 
0.045732 0.004192 0.139863 0.001524 0.023247 0.027820 0.018674 0.009527 0.000000 0.014482 0.000762 0.132622 0.000000 0.001524 0.000762 0.282393 0.074695 0.218369 0.000000 0.003811 

MOTIF files/output.4.matrix.0_38
letter-probability matrix: alength= 20 w= 30 nsites= 28320 E= 0.000001
0.026059 0.000141 0.300247 0.034887 0.000071 0.013453 0.017055 0.000000 0.019562 0.000035 0.000000 0.468397 0.003460 0.031568 0.028355 0.042338 0.011794 0.002507 0.000035 0.000035 
0.231443 0.071474 0.000000 0.000035 0.022777 0.039198 0.001624 0.121725 0.007592 0.039410 0.058620 0.000459 0.000000 0.000000 0.001660 0.243167 0.007451 0.118829 0.000318 0.034219 
0.037255 0.013737 0.000000 0.000000 0.047991 0.000035 0.000000 0.432516 0.000000 0.234762 0.018857 0.000000 0.000177 0.000000 0.000000 0.003002 0.001483 0.201992 0.000318 0.007875 
0.052226 0.000106 0.000000 0.000000 0.000141 0.003531 0.000035 0.040362 0.000071 0.467389 0.003213 0.169568 0.000035 0.165048 0.000000 0.006921 0.000636 0.090716 0.000000 0.000000 
0.001342 0.000918 0.000000 0.000000 0.001907 0.000000 0.000000 0.497528 0.000000 0.218236 0.003143 0.000000 0.109895 0.000071 0.000035 0.000000 0.000388 0.158027 0.000035 0.008475 
0.000000 0.000000 0.167761 0.000000 0.000000 0.000000 0.000000 0.000000 0.831992 0.000000 0.000000 0.000000 0.000000 0.000035 0.000212 0.000000 0.000000 0.000000 0.000000 0.000000 
0.067481 0.003037 0.000000 0.000000 0.045835 0.000388 0.000000 0.076698 0.000000 0.267347 0.003637 0.000318 0.136763 0.000177 0.000000 0.013807 0.016950 0.363219 0.000000 0.004343 
0.085105 0.037644 0.079243 0.013137 0.006321 0.026344 0.000494 0.000318 0.000035 0.001836 0.076665 0.481107 0.024543 0.011265 0.000000 0.083304 0.065541 0.006604 0.000000 0.000494 
0.003143 0.000177 0.005367 0.000106 0.001730 0.001801 0.054343 0.000494 0.197281 0.078284 0.000353 0.005120 0.032768 0.495268 0.089689 0.000106 0.000177 0.006285 0.027472 0.000035 
0.076274 0.081288 0.000035 0.000035 0.001342 0.000706 0.012995 0.484269 0.000035 0.082171 0.010276 0.012818 0.000000 0.000353 0.000177 0.047000 0.103393 0.086832 0.000000 0.000000 
0.013065 0.000000 0.000177 0.000000 0.000000 0.978883 0.000000 0.000000 0.000000 0.000000 0.000000 0.000000 0.000000 0.000000 0.000141 0.001801 0.005897 0.000000 0.000035 0.000000 
0.000777 0.000459 0.000177 0.000000 0.000071 0.467655 0.000071 0.000141 0.000000 0.000494 0.000000 0.000318 0.000247 0.000000 0.000000 0.259004 0.270551 0.000000 0.000000 0.000035 
0.001130 0.000247 0.000000 0.000000 0.016172 0.000000 0.000706 0.200812 0.000000 0.524117 0.023976 0.000000 0.023552 0.000106 0.000141 0.000035 0.000035 0.205932 0.000282 0.002754 
0.023093 0.001236 0.022775 0.017938 0.009958 0.003213 0.015113 0.009887 0.008898 0.014160 0.001871 0.055932 0.001377 0.017444 0.064689 0.154696 0.551130 0.002719 0.001660 0.022210 
0.052295 0.000071 0.007203 0.712253 0.003460 0.037465 0.004025 0.000636 0.038100 0.000177 0.000989 0.022387 0.031638 0.017549 0.047775 0.007592 0.013842 0.001518 0.000035 0.000989 
0.252322 0.060988 0.000000 0.000106 0.010594 0.015538 0.000035 0.011053 0.000000 0.039234 0.014832 0.020165 0.000000 0.000000 0.000000 0.117209 0.369778 0.083060 0.003955 0.001130 
0.016244 0.009640 0.003955 0.014549 0.074085 0.001165 0.007098 0.156185 0.024754 0.469367 0.026343 0.002860 0.000141 0.032699 0.085949 0.003602 0.003708 0.041598 0.012465 0.013595 
0.187549 0.000600 0.165054 0.217529 0.000283 0.002331 0.003284 0.003673 0.148987 0.017763 0.001624 0.023907 0.000424 0.092026 0.098241 0.015573 0.014408 0.006003 0.000035 0.000706 
0.426851 0.002472 0.000071 0.000247 0.004096 0.000212 0.000671 0.192168 0.000000 0.119566 0.040114 0.001483 0.000035 0.023765 0.000282 0.007733 0.064197 0.090999 0.024612 0.000424 
0.265431 0.042373 0.001412 0.002331 0.001836 0.008333 0.037641 0.288806 0.006780 0.054096 0.023093 0.022034 0.000035 0.002754 0.018997 0.015819 0.003814 0.201095 0.000459 0.002860 
0.168591 0.000283 0.095102 0.194406 0.000424 0.018434 0.020765 0.001872 0.132888 0.087297 0.002401 0.040047 0.000000 0.067062 0.063460 0.042589 0.054490 0.002966 0.000177 0.006745 
0.062465 0.000671 0.024506 0.054308 0.004944 0.000424 0.002507 0.089936 0.013877 0.297352 0.307945 0.000812 0.000177 0.037500 0.020304 0.002684 0.034746 0.030579 0.002436 0.011829 
0.885240 0.037182 0.000000 0.000177 0.000106 0.007980 0.000000 0.007839 0.000071 0.014725 0.000777 0.000000 0.000000 0.000000 0.000035 0.035099 0.006427 0.004343 0.000000 0.000000 
0.074438 0.000530 0.030510 0.153148 0.009393 0.035065 0.133621 0.002472 0.251845 0.010135 0.004520 0.017338 0.000106 0.139800 0.095307 0.009640 0.017585 0.003743 0.000035 0.010770 
0.260381 0.001271 0.048588 0.085699 0.002260 0.010205 0.019809 0.007521 0.161123 0.041737 0.012959 0.020798 0.000530 0.040855 0.168362 0.083192 0.026130 0.007874 0.000035 0.000671 
0.349813 0.009817 0.007804 0.006427 0.045695 0.005085 0.076771 0.001801 0.008864 0.081644 0.005968 0.150964 0.024225 0.039833 0.039657 0.033830 0.001589 0.004449 0.003743 0.102020 
0.027896 0.006003 0.082100 0.004873 0.002331 0.733924 0.007239 0.000035 0.014619 0.000424 0.000459 0.055828 0.000106 0.008440 0.019068 0.018433 0.001201 0.010947 0.000000 0.006074 
0.008017 0.000600 0.000000 0.000035 0.094685 0.000706 0.000318 0.119725 0.006746 0.109412 0.041250 0.000071 0.000071 0.012538 0.006004 0.000459 0.005086 0.173300 0.131379 0.289599 
0.087400 0.000459 0.028568 0.051310 0.000424 0.185183 0.002331 0.005403 0.088954 0.021470 0.007592 0.010382 0.089484 0.030263 0.056007 0.043682 0.261777 0.028392 0.000494 0.000424 
0.228979 0.093937 0.000177 0.000035 0.004803 0.000388 0.002790 0.060741 0.000141 0.135572 0.005297 0.008652 0.008016 0.001589 0.004026 0.080870 0.097468 0.245047 0.018964 0.002507 

MOTIF files/output.4.matrix.0_43
letter-probability matrix: alength= 20 w= 30 nsites= 11852 E= 0.000001
0.006919 0.000506 0.033496 0.083783 0.000422 0.814040 0.002869 0.006581 0.001941 0.001181 0.000253 0.012656 0.003122 0.004472 0.004556 0.013669 0.005316 0.004134 0.000000 0.000084 
0.037550 0.011391 0.009873 0.012151 0.030546 0.005569 0.165724 0.161168 0.040840 0.047338 0.016623 0.089528 0.062526 0.019830 0.131719 0.012066 0.018648 0.115180 0.001434 0.010294 
0.061002 0.016622 0.010209 0.142761 0.007341 0.003544 0.007762 0.107830 0.085133 0.015862 0.003966 0.001266 0.001012 0.023625 0.032484 0.029447 0.300118 0.140567 0.000759 0.008691 
0.032990 0.000084 0.000000 0.000000 0.000000 0.962285 0.000000 0.000000 0.000000 0.000000 0.000000 0.000000 0.000000 0.000000 0.000000 0.004472 0.000000 0.000169 0.000000 0.000000 
0.005232 0.002785 0.000084 0.000591 0.026918 0.000506 0.014598 0.135769 0.010379 0.063623 0.004050 0.000084 0.000169 0.023036 0.063961 0.001772 0.032234 0.243439 0.266391 0.104379 
0.000000 0.000000 0.000000 0.000000 0.000000 0.999409 0.000000 0.000000 0.000000 0.000000 0.000000 0.000000 0.000000 0.000000 0.000000 0.000591 0.000000 0.000000 0.000000 0.000000 
0.020250 0.000000 0.001856 0.970047 0.000000 0.000000 0.000000 0.000000 0.000000 0.000000 0.000000 0.000675 0.000000 0.000000 0.000000 0.004894 0.002278 0.000000 0.000000 0.000000 
0.316065 0.215238 0.000000 0.000000 0.060918 0.053577 0.000000 0.174907 0.000000 0.000337 0.000675 0.000084 0.000000 0.000253 0.000000 0.019997 0.008775 0.145123 0.004050 0.000000 
0.177101 0.025059 0.000000 0.000169 0.000084 0.042018 0.003037 0.001181 0.000000 0.002531 0.001012 0.001856 0.285184 0.000169 0.001772 0.122848 0.233885 0.102092 0.000000 0.000000 
0.062352 0.000000 0.000000 0.001266 0.000000 0.241984 0.000000 0.018562 0.000000 0.009872 0.015272 0.000000 0.496288 0.002616 0.000000 0.015187 0.128586 0.008016 0.000000 0.000000 
0.003966 0.000169 0.020334 0.000337 0.099393 0.239622 0.000253 0.125127 0.000000 0.204438 0.001856 0.014934 0.017128 0.000000 0.000506 0.023962 0.071718 0.015440 0.000506 0.160310 
0.094583 0.000000 0.028181 0.235319 0.009281 0.136433 0.007762 0.006666 0.012150 0.021093 0.001603 0.001603 0.321887 0.007931 0.027759 0.023793 0.008944 0.034087 0.016115 0.004809 
0.032821 0.000337 0.030881 0.080999 0.013415 0.264934 0.038981 0.005991 0.097030 0.008100 0.004556 0.009703 0.025059 0.008269 0.185623 0.019069 0.011897 0.111036 0.008522 0.042778 
0.003037 0.000000 0.000253 0.001097 0.135083 0.006159 0.003544 0.309231 0.000000 0.174063 0.007425 0.000000 0.010462 0.000506 0.000000 0.001434 0.008353 0.056531 0.011897 0.270925 
0.056868 0.001603 0.040668 0.007762 0.000844 0.230847 0.005062 0.001012 0.004641 0.015103 0.000000 0.036534 0.001350 0.015019 0.146979 0.219541 0.136770 0.003966 0.004472 0.070958 
0.042612 0.023711 0.039068 0.212472 0.004388 0.118724 0.013754 0.020927 0.057548 0.035609 0.001603 0.010801 0.027930 0.179900 0.040756 0.017467 0.008944 0.020420 0.009788 0.113577 
0.057796 0.002109 0.124114 0.218697 0.000675 0.107914 0.002109 0.000759 0.001772 0.002784 0.000591 0.007341 0.018815 0.005231 0.010125 0.142086 0.289909 0.006919 0.000000 0.000253 
0.039065 0.000759 0.095596 0.122595 0.010800 0.011053 0.005062 0.041765 0.002953 0.260884 0.009956 0.019997 0.031725 0.015019 0.005569 0.084880 0.163517 0.065559 0.000253 0.012994 
0.126814 0.006328 0.054506 0.337496 0.006750 0.007003 0.021178 0.013922 0.010209 0.120908 0.014597 0.015694 0.010800 0.030375 0.027759 0.043959 0.034171 0.072477 0.043453 0.001603 
0.110867 0.003544 0.224266 0.150439 0.000759 0.050118 0.001603 0.001603 0.010800 0.008522 0.001434 0.006919 0.052396 0.014344 0.017634 0.303577 0.030796 0.008944 0.000253 0.001181 
0.255843 0.016454 0.057042 0.085731 0.001688 0.032655 0.010716 0.008522 0.001013 0.014514 0.022361 0.006497 0.124125 0.038056 0.015779 0.086237 0.029027 0.191292 0.000253 0.002194 
0.177776 0.014259 0.015103 0.133564 0.009197 0.016959 0.002362 0.188154 0.024300 0.038896 0.086399 0.001519 0.000253 0.011137 0.078974 0.011222 0.051890 0.027506 0.071212 0.039318 
0.205957 0.000591 0.030965 0.110024 0.018394 0.054843 0.003544 0.032315 0.020672 0.096946 0.008691 0.006328 0.133311 0.088677 0.024553 0.116352 0.017972 0.015187 0.005906 0.008775 
0.160564 0.003375 0.027168 0.067752 0.021093 0.015356 0.018225 0.097030 0.008522 0.179126 0.059062 0.005316 0.003375 0.156598 0.035437 0.055940 0.023878 0.046912 0.000844 0.014428 
0.168256 0.011560 0.003038 0.018648 0.012488 0.002025 0.001688 0.162771 0.125812 0.102017 0.005485 0.001519 0.000169 0.047507 0.005485 0.032909 0.025905 0.270188 0.000928 0.001603 
0.169676 0.013837 0.006412 0.084121 0.001519 0.032653 0.007594 0.089943 0.017634 0.227725 0.057206 0.006497 0.005400 0.014681 0.013415 0.042440 0.037546 0.171195 0.000253 0.000253 
0.105721 0.005062 0.015694 0.045224 0.004219 0.252278 0.021431 0.052565 0.060412 0.110867 0.007678 0.083361 0.004303 0.060496 0.043537 0.063449 0.038812 0.022865 0.000675 0.001350 
0.121087 0.001941 0.027339 0.118724 0.004135 0.021602 0.035524 0.140326 0.074002 0.077209 0.021264 0.013079 0.001688 0.150283 0.024808 0.030040 0.026158 0.085647 0.019745 0.005400 
0.110952 0.014006 0.107492 0.083868 0.020587 0.020334 0.015187 0.019069 0.018562 0.045562 0.010969 0.007762 0.079143 0.054506 0.057037 0.063618 0.096439 0.090786 0.078215 0.005906 
0.131646 0.052405 0.019409 0.035021 0.006751 0.022278 0.026582 0.144473 0.013671 0.174346 0.013418 0.007932 0.078228 0.012068 0.022447 0.030970 0.075443 0.131139 0.001181 0.000591 

MOTIF files/output.4.matrix.0_51
letter-probability matrix: alength= 20 w= 30 nsites= 1756 E= 0.000001
0.009112 0.000569 0.000000 0.000000 0.001708 0.036446 0.000000 0.395786 0.000000 0.037585 0.029613 0.000000 0.000000 0.000000 0.000000 0.000000 0.006264 0.465262 0.017654 0.000000 
0.000000 0.027920 0.000000 0.000000 0.000000 0.968661 0.000000 0.000000 0.000000 0.000000 0.000000 0.000000 0.000000 0.000000 0.000000 0.003419 0.000000 0.000000 0.000000 0.000000 
0.022222 0.382906 0.000000 0.000000 0.000000 0.107123 0.000000 0.000000 0.000000 0.000000 0.028490 0.001140 0.000000 0.000000 0.000000 0.440456 0.017664 0.000000 0.000000 0.000000 
0.026796 0.000000 0.000000 0.000000 0.015964 0.000000 0.000000 0.005131 0.000000 0.002281 0.914481 0.023945 0.000000 0.000000 0.000000 0.005701 0.000570 0.005131 0.000000 0.000000 
0.020513 0.000000 0.027350 0.027350 0.000000 0.018234 0.000000 0.255271 0.000000 0.210256 0.200000 0.000000 0.000000 0.000000 0.000000 0.017094 0.001140 0.222792 0.000000 0.000000 
0.000000 0.000000 0.000000 0.998291 0.000000 0.001709 0.000000 0.000000 0.000000 0.000000 0.000000 0.000000 0.000000 0.000000 0.000000 0.000000 0.000000 0.000000 0.000000 0.000000 
0.053561 0.008547 0.000000 0.000000 0.000000 0.044444 0.000000 0.000000 0.000000 0.000570 0.000000 0.000000 0.039316 0.000000 0.000000 0.606838 0.246724 0.000000 0.000000 0.000000 
0.033048 0.000570 0.000000 0.003419 0.002279 0.011966 0.023362 0.022792 0.190313 0.002279 0.002849 0.034188 0.042735 0.006268 0.186325 0.376068 0.031909 0.016524 0.000000 0.013105 
0.019373 0.000000 0.000000 0.017664 0.002849 0.005128 0.000570 0.284330 0.000000 0.404558 0.000000 0.000000 0.001709 0.001140 0.000000 0.001709 0.007977 0.250142 0.001140 0.001709 
0.249573 0.000570 0.000570 0.000000 0.000000 0.379487 0.000000 0.000000 0.000000 0.000570 0.000000 0.000000 0.000000 0.000000 0.000000 0.366382 0.001709 0.000000 0.000000 0.001140 
0.003989 0.000570 0.000000 0.000000 0.004558 0.000570 0.000000 0.294587 0.000000 0.067806 0.096866 0.000000 0.000000 0.001140 0.000000 0.130484 0.030199 0.369231 0.000000 0.000000 
0.260399 0.003419 0.000000 0.000000 0.000000 0.102564 0.006838 0.000000 0.000000 0.018803 0.003419 0.066097 0.000000 0.000000 0.002279 0.270655 0.250142 0.015385 0.000000 0.000000 
0.844356 0.002281 0.000000 0.000000 0.081528 0.003421 0.000570 0.000000 0.000000 0.002281 0.003991 0.000000 0.017104 0.025086 0.000000 0.003991 0.009122 0.005701 0.000000 0.000570 
0.567275 0.001710 0.000570 0.000000 0.005701 0.172748 0.000000 0.019954 0.012543 0.000000 0.000000 0.011973 0.000000 0.000000 0.000000 0.096921 0.014823 0.095211 0.000000 0.000570 
0.523375 0.013683 0.000000 0.000000 0.109464 0.063854 0.000000 0.022805 0.000000 0.060433 0.002851 0.000000 0.000000 0.000000 0.000000 0.003421 0.007412 0.176739 0.000000 0.015964 
0.069555 0.003991 0.000570 0.006271 0.000000 0.000000 0.823261 0.000000 0.000000 0.001140 0.000000 0.006842 0.000000 0.011403 0.000000 0.071266 0.001710 0.002281 0.000000 0.001710 
0.017674 0.000000 0.000000 0.000000 0.297605 0.000000 0.000000 0.008552 0.000000 0.497149 0.001710 0.000000 0.000000 0.001140 0.000000 0.000000 0.007982 0.168187 0.000000 0.000000 
0.895097 0.003421 0.000570 0.000000 0.000000 0.006271 0.000000 0.014823 0.000000 0.000000 0.000000 0.000000 0.000000 0.000000 0.000000 0.018244 0.005701 0.045610 0.000000 0.010262 
0.519954 0.053592 0.001140 0.000000 0.123147 0.016534 0.000000 0.008552 0.005701 0.095211 0.025086 0.005131 0.000000 0.001140 0.006842 0.025086 0.009122 0.089510 0.000000 0.014253 
0.498290 0.006271 0.000000 0.000570 0.000000 0.178449 0.000000 0.000000 0.000000 0.002851 0.000570 0.000000 0.000000 0.000000 0.001140 0.283922 0.010832 0.017104 0.000000 0.000000 
0.016534 0.022805 0.000000 0.016534 0.011973 0.000000 0.180730 0.018244 0.368301 0.093501 0.010832 0.025086 0.000000 0.076397 0.056442 0.033067 0.036488 0.014823 0.000000 0.018244 
0.087799 0.000000 0.029647 0.015964 0.000000 0.168757 0.001140 0.002281 0.254276 0.001140 0.000000 0.008552 0.257697 0.039909 0.061574 0.063854 0.006842 0.000570 0.000000 0.000000 
0.068985 0.073546 0.084379 0.003991 0.001140 0.030787 0.005701 0.175029 0.003421 0.001710 0.000000 0.450399 0.010832 0.013683 0.001710 0.011403 0.023945 0.033637 0.005701 0.000000 
0.014253 0.000570 0.012543 0.000570 0.141391 0.004561 0.000000 0.500570 0.000000 0.005131 0.018244 0.000000 0.000570 0.002281 0.000000 0.042189 0.050171 0.206956 0.000000 0.000000 
0.027366 0.002851 0.034778 0.024515 0.002851 0.005131 0.109464 0.108324 0.091790 0.009692 0.001710 0.005701 0.001710 0.021095 0.051881 0.050171 0.403649 0.037058 0.001710 0.008552 
0.015393 0.001140 0.005701 0.010832 0.183010 0.000000 0.008552 0.006271 0.074116 0.015964 0.013683 0.000000 0.002281 0.001140 0.172748 0.136830 0.087229 0.024515 0.005701 0.234892 
0.107184 0.017674 0.025086 0.000000 0.205815 0.024515 0.033067 0.133409 0.044470 0.051311 0.010832 0.014253 0.003421 0.001140 0.003421 0.016534 0.029647 0.216078 0.000000 0.062144 
0.035348 0.000000 0.732041 0.135120 0.000000 0.005701 0.000000 0.012543 0.000570 0.022235 0.000000 0.000000 0.003991 0.000000 0.000000 0.009692 0.003991 0.038769 0.000000 0.000000 
0.007982 0.007412 0.107754 0.009692 0.127708 0.001710 0.001140 0.009122 0.000570 0.704675 0.014253 0.000570 0.000000 0.000570 0.000000 0.000000 0.000570 0.006271 0.000000 0.000000 
0.003421 0.000000 0.734322 0.000000 0.001710 0.006271 0.000000 0.000000 0.000000 0.106043 0.000000 0.000000 0.010832 0.000000 0.000000 0.002851 0.124857 0.009692 0.000000 0.000000 

MOTIF files/output.4.matrix.0_73
letter-probability matrix: alength= 20 w= 30 nsites= 8375 E= 0.000001
0.146269 0.012776 0.001433 0.010627 0.019940 0.143522 0.027940 0.085731 0.011582 0.016597 0.049194 0.005612 0.062209 0.113075 0.028537 0.141134 0.003701 0.024119 0.010746 0.085254 
0.020060 0.000000 0.000716 0.000000 0.000358 0.212657 0.000358 0.021731 0.000358 0.092537 0.000597 0.000000 0.000478 0.001194 0.005493 0.011940 0.364179 0.045134 0.186985 0.035224 
0.005254 0.000478 0.022567 0.008239 0.038090 0.015642 0.001672 0.315343 0.000000 0.072478 0.001672 0.000955 0.000478 0.000000 0.000119 0.001910 0.008239 0.304000 0.168478 0.034388 
0.020179 0.001313 0.001433 0.000478 0.002030 0.273791 0.000358 0.017791 0.000597 0.221134 0.002746 0.000716 0.057433 0.000478 0.000119 0.221134 0.009194 0.084179 0.083104 0.001791 
0.022448 0.004299 0.015284 0.002627 0.001313 0.389851 0.033313 0.243821 0.001194 0.054328 0.088955 0.013851 0.000239 0.016478 0.000597 0.003701 0.002388 0.104358 0.000000 0.000955 
0.038930 0.001552 0.310963 0.013016 0.018032 0.247910 0.004299 0.001075 0.032959 0.005732 0.004896 0.064963 0.006329 0.015166 0.001552 0.007882 0.043946 0.021256 0.000000 0.159541 
0.030567 0.000358 0.160478 0.091463 0.000119 0.034985 0.002507 0.001313 0.007761 0.003224 0.000597 0.017552 0.085373 0.002388 0.178507 0.191045 0.184478 0.001075 0.000000 0.006209 
0.028899 0.000000 0.146047 0.044304 0.026869 0.004299 0.012419 0.042751 0.017913 0.077741 0.001194 0.005732 0.505254 0.011225 0.005254 0.004657 0.017316 0.039527 0.000119 0.008479 
0.154985 0.000000 0.236418 0.325731 0.008478 0.030925 0.004657 0.004179 0.013970 0.011701 0.003224 0.021970 0.019701 0.034746 0.006567 0.095642 0.014090 0.012537 0.000000 0.000478 
0.093373 0.001313 0.159045 0.181134 0.035224 0.007284 0.008836 0.020776 0.207284 0.014687 0.007761 0.022328 0.000239 0.140060 0.029493 0.004776 0.030567 0.025672 0.000000 0.010149 
0.043946 0.000000 0.000000 0.000955 0.000000 0.000000 0.000000 0.033914 0.000000 0.203965 0.449367 0.004060 0.000358 0.000717 0.004060 0.001911 0.057679 0.199069 0.000000 0.000000 
0.418269 0.001552 0.000716 0.032716 0.004537 0.032358 0.002507 0.067701 0.065075 0.092896 0.006687 0.001433 0.001075 0.012896 0.123940 0.008716 0.020776 0.094448 0.000000 0.011701 
0.183284 0.001672 0.077254 0.139582 0.005373 0.020776 0.007284 0.004299 0.106627 0.013373 0.002269 0.078209 0.000239 0.078567 0.189731 0.047881 0.021015 0.014209 0.000836 0.007522 
0.124537 0.000836 0.081910 0.120000 0.000955 0.053851 0.005970 0.009791 0.027582 0.188418 0.004896 0.068299 0.000000 0.141731 0.045731 0.105791 0.008119 0.011104 0.000239 0.000239 
0.588657 0.061970 0.000000 0.001194 0.000239 0.004657 0.000000 0.140776 0.000119 0.040716 0.047642 0.000000 0.000000 0.000000 0.007284 0.021970 0.027104 0.057672 0.000000 0.000000 
0.130507 0.002030 0.025313 0.110209 0.000358 0.008716 0.008239 0.016358 0.188179 0.043104 0.001672 0.005970 0.000239 0.115224 0.210507 0.069254 0.028060 0.034746 0.000597 0.000716 
0.171821 0.002149 0.072716 0.270925 0.004060 0.038806 0.002507 0.021493 0.084179 0.018985 0.008000 0.024836 0.000000 0.075224 0.044179 0.071761 0.078687 0.008836 0.000119 0.000716 
0.264597 0.003582 0.000239 0.001194 0.012060 0.011104 0.029731 0.019463 0.110567 0.187224 0.022090 0.000955 0.000000 0.016119 0.060537 0.048597 0.018149 0.038687 0.001672 0.153433 
0.048364 0.003463 0.004418 0.010031 0.010031 0.002388 0.002508 0.121089 0.032959 0.184261 0.028302 0.000239 0.000000 0.014449 0.093623 0.006926 0.008956 0.333294 0.077502 0.017196 
0.242627 0.000000 0.158328 0.245254 0.000478 0.028776 0.007164 0.000716 0.074507 0.003582 0.000955 0.040836 0.000239 0.106746 0.021970 0.053254 0.010507 0.004060 0.000000 0.000000 
0.198806 0.001433 0.081910 0.098985 0.000239 0.010507 0.014925 0.039642 0.103761 0.027104 0.006448 0.038209 0.000000 0.160119 0.161194 0.034866 0.010149 0.002627 0.000119 0.008955 
0.000000 0.000000 0.000836 0.000358 0.000000 0.992357 0.000119 0.000000 0.001433 0.000000 0.000000 0.002866 0.000000 0.000000 0.001075 0.000955 0.000000 0.000000 0.000000 0.000000 
0.147343 0.002388 0.000000 0.000119 0.568478 0.000119 0.009910 0.043940 0.000000 0.015761 0.001910 0.000000 0.000239 0.000358 0.000239 0.000478 0.000836 0.005134 0.025433 0.177313 
0.008358 0.000955 0.115940 0.032358 0.000836 0.061373 0.028418 0.003821 0.150567 0.012657 0.000597 0.068896 0.012060 0.080119 0.142090 0.052896 0.223642 0.003940 0.000000 0.000478 
0.166328 0.106985 0.002269 0.001791 0.002149 0.044896 0.085493 0.028776 0.007403 0.154985 0.006448 0.001791 0.000000 0.048239 0.040955 0.048955 0.157493 0.078567 0.000119 0.016358 
0.001911 0.008479 0.000000 0.000000 0.149152 0.000000 0.000000 0.266420 0.000000 0.368760 0.004299 0.000000 0.000000 0.000119 0.000000 0.000717 0.001075 0.199069 0.000000 0.000000 
0.000000 0.000000 0.000000 0.000000 0.000000 0.000000 0.000000 0.000000 0.983998 0.000000 0.000000 0.000000 0.000000 0.016002 0.000000 0.000000 0.000000 0.000000 0.000000 0.000000 
0.000478 0.003821 0.000000 0.000000 0.015285 0.000239 0.000000 0.207786 0.010509 0.337831 0.218295 0.000000 0.000000 0.015524 0.000000 0.000000 0.003941 0.185933 0.000000 0.000358 
0.000000 0.000000 0.000358 0.000000 0.000000 0.000358 0.000000 0.000000 0.812060 0.000119 0.000000 0.186985 0.000000 0.000000 0.000000 0.000119 0.000000 0.000000 0.000000 0.000000 
0.083343 0.000358 0.000119 0.000000 0.000239 0.136119 0.000000 0.169672 0.000000 0.190209 0.003343 0.000000 0.001194 0.000000 0.000119 0.000000 0.007284 0.408000 0.000000 0.000000 

MOTIF files/output.4.matrix.0_144
letter-probability matrix: alength= 20 w= 30 nsites= 9104 E= 0.000001
0.351933 0.080404 0.011204 0.009337 0.014170 0.009227 0.005822 0.032403 0.051955 0.018344 0.003844 0.000879 0.151801 0.031964 0.079306 0.074473 0.008128 0.054372 0.002417 0.008018 
0.085567 0.001648 0.128076 0.271309 0.001428 0.095123 0.067553 0.012522 0.045475 0.042069 0.001208 0.029987 0.031195 0.032733 0.037786 0.017245 0.021199 0.002856 0.023946 0.051076 
0.031195 0.002087 0.364565 0.025593 0.004284 0.004613 0.054921 0.000330 0.005053 0.007799 0.004504 0.231656 0.000879 0.160808 0.008128 0.033282 0.046573 0.006151 0.000000 0.007579 
0.088093 0.000659 0.008897 0.027570 0.061621 0.013950 0.023177 0.166410 0.006920 0.140817 0.007250 0.035369 0.043937 0.019991 0.076670 0.011863 0.037786 0.086885 0.084359 0.057777 
0.156525 0.000549 0.196837 0.402021 0.000879 0.029767 0.017904 0.004613 0.019332 0.019003 0.004284 0.010764 0.018673 0.028010 0.019662 0.036687 0.013071 0.017904 0.000110 0.003405 
0.235940 0.003076 0.092377 0.118959 0.001098 0.328757 0.008018 0.001977 0.007359 0.047781 0.015158 0.007579 0.001648 0.012851 0.012192 0.021639 0.009446 0.026142 0.000769 0.047232 
0.018014 0.001318 0.000110 0.004284 0.034380 0.000110 0.068102 0.047671 0.000659 0.443761 0.184315 0.006591 0.000220 0.065466 0.003735 0.002307 0.007140 0.006151 0.010435 0.095233 
0.443981 0.001318 0.013950 0.021090 0.000439 0.025813 0.004174 0.015707 0.159820 0.013620 0.002526 0.000989 0.066784 0.024934 0.125879 0.016696 0.008897 0.052065 0.000659 0.000659 
0.097759 0.000439 0.059644 0.198264 0.032293 0.005602 0.025703 0.005272 0.057228 0.055031 0.002526 0.003405 0.000549 0.069640 0.245057 0.016147 0.025593 0.007799 0.029438 0.062610 
0.015048 0.000000 0.000000 0.000000 0.005931 0.000000 0.000000 0.151362 0.000000 0.558875 0.001977 0.000000 0.000220 0.000000 0.014170 0.000000 0.001318 0.248462 0.000000 0.002636 
0.225176 0.068761 0.001318 0.000659 0.008897 0.008897 0.006591 0.004613 0.069750 0.003625 0.011314 0.053383 0.002526 0.024275 0.173989 0.083480 0.189807 0.044706 0.000220 0.018014 
0.198264 0.001208 0.085237 0.113137 0.012961 0.019332 0.021419 0.003515 0.078976 0.014938 0.004504 0.052504 0.019112 0.130492 0.163335 0.063489 0.009886 0.003625 0.001098 0.002966 
0.085896 0.004504 0.012742 0.037456 0.021859 0.038554 0.109842 0.014170 0.074692 0.067553 0.030097 0.047342 0.001538 0.122803 0.212434 0.060633 0.015158 0.013950 0.000659 0.028120 
0.026582 0.018124 0.000000 0.000220 0.076670 0.028339 0.015598 0.043168 0.000439 0.065026 0.006481 0.010325 0.004504 0.009007 0.006810 0.201230 0.296683 0.144222 0.000330 0.046243 
0.041191 0.001538 0.181019 0.038774 0.002197 0.052614 0.053932 0.031415 0.019112 0.008238 0.001648 0.046683 0.254284 0.036907 0.021419 0.114895 0.066235 0.022737 0.000110 0.005053 
0.047342 0.016916 0.000000 0.000000 0.017794 0.015927 0.000000 0.213972 0.006700 0.157953 0.021090 0.003735 0.012302 0.000989 0.000769 0.001977 0.260215 0.213752 0.000220 0.008348 
0.092267 0.000000 0.003405 0.000000 0.000000 0.000000 0.000000 0.000549 0.007469 0.012302 0.001757 0.001977 0.832601 0.000879 0.023067 0.009446 0.010874 0.003405 0.000000 0.000000 
0.000000 0.000000 0.000000 0.000000 0.000000 0.000000 0.000000 0.659820 0.000000 0.146419 0.037456 0.000000 0.000000 0.000000 0.000000 0.000000 0.004174 0.152131 0.000000 0.000000 
0.514006 0.044161 0.000000 0.000439 0.030210 0.002087 0.000000 0.039438 0.000000 0.043942 0.270241 0.000000 0.000000 0.001208 0.000000 0.025266 0.009008 0.018346 0.000000 0.001648 
0.524165 0.000989 0.000000 0.000000 0.007140 0.034051 0.000000 0.026582 0.000000 0.211665 0.014938 0.000000 0.000000 0.000549 0.000000 0.002856 0.126867 0.050198 0.000000 0.000000 
0.000000 0.000000 0.667838 0.000000 0.000000 0.332162 0.000000 0.000000 0.000000 0.000000 0.000000 0.000000 0.000000 0.000000 0.000000 0.000000 0.000000 0.000000 0.000000 0.000000 
0.000000 0.000000 0.000000 1.000000 0.000000 0.000000 0.000000 0.000000 0.000000 0.000000 0.000000 0.000000 0.000000 0.000000 0.000000 0.000000 0.000000 0.000000 0.000000 0.000000 
0.104789 0.001318 0.020540 0.076230 0.000549 0.030646 0.027900 0.020321 0.011424 0.004284 0.035369 0.057996 0.000110 0.000110 0.175527 0.409051 0.011204 0.012632 0.000000 0.000000 
0.042399 0.073924 0.000000 0.026582 0.021309 0.000110 0.000439 0.165202 0.000000 0.404767 0.074253 0.000769 0.000000 0.000330 0.006041 0.002087 0.000769 0.174209 0.006591 0.000220 
0.048880 0.009337 0.003185 0.041410 0.266696 0.001867 0.088093 0.091938 0.022847 0.006700 0.007799 0.021309 0.002197 0.045475 0.103691 0.012412 0.079306 0.026582 0.010655 0.109622 
0.004064 0.014938 0.030316 0.001977 0.002197 0.200681 0.005272 0.005163 0.031195 0.005382 0.000220 0.034051 0.000330 0.003405 0.086775 0.400044 0.160808 0.012851 0.000000 0.000330 
0.149385 0.008238 0.003844 0.017904 0.031305 0.008568 0.032074 0.052175 0.019552 0.101604 0.016586 0.002197 0.158721 0.001318 0.200351 0.049868 0.009666 0.126977 0.000330 0.009337 
0.084249 0.000879 0.054811 0.160808 0.081393 0.016916 0.054921 0.007469 0.036687 0.015378 0.006481 0.045255 0.007250 0.072166 0.069310 0.062280 0.032074 0.017904 0.127197 0.046573 
0.011533 0.000879 0.615004 0.150813 0.000110 0.049209 0.004613 0.002087 0.001648 0.001977 0.001318 0.010545 0.003735 0.049319 0.004174 0.073155 0.016366 0.002966 0.000000 0.000549 
0.311182 0.016916 0.001428 0.006810 0.201889 0.019112 0.037127 0.053822 0.003844 0.069859 0.033062 0.001538 0.093585 0.008678 0.009227 0.008128 0.007799 0.102922 0.003185 0.009886 

MOTIF files/output.4.matrix.0_207
letter-probability matrix: alength= 20 w= 30 nsites= 1540 E= 0.000001
0.098116 0.005198 0.000000 0.080572 0.000000 0.114360 0.000000 0.000000 0.000000 0.000000 0.035737 0.000000 0.000000 0.636127 0.000000 0.000000 0.029890 0.000000 0.000000 0.000000 
0.249351 0.000649 0.000000 0.000000 0.000649 0.682468 0.000000 0.001299 0.002597 0.013636 0.001948 0.001299 0.000000 0.000000 0.003896 0.004545 0.001299 0.036364 0.000000 0.000000 
0.000000 0.003247 0.000000 0.000000 0.017532 0.000000 0.000000 0.000000 0.000000 0.026623 0.001299 0.000000 0.000000 0.000000 0.000000 0.000000 0.000000 0.000000 0.825325 0.125974 
0.004545 0.002597 0.193506 0.021429 0.000000 0.005195 0.008442 0.003896 0.077273 0.002597 0.001299 0.123377 0.002597 0.024026 0.017532 0.159740 0.350649 0.000649 0.000000 0.000649 
0.177922 0.005195 0.000000 0.005844 0.002597 0.001299 0.003247 0.009740 0.002597 0.033117 0.000000 0.000000 0.416234 0.005844 0.020130 0.025974 0.033766 0.214935 0.000000 0.041558 
0.037013 0.000000 0.174026 0.113636 0.001299 0.007143 0.003247 0.002597 0.538961 0.001948 0.000000 0.026623 0.008442 0.020779 0.035065 0.014935 0.005195 0.002597 0.006494 0.000000 
0.029221 0.000000 0.052597 0.478571 0.000000 0.009091 0.009740 0.000000 0.000000 0.000000 0.000000 0.000000 0.000000 0.263636 0.007143 0.010390 0.138961 0.000649 0.000000 0.000000 
0.925974 0.001299 0.000000 0.000000 0.000649 0.001299 0.000000 0.000000 0.000000 0.000000 0.007792 0.000000 0.000000 0.000000 0.000000 0.012338 0.050649 0.000000 0.000000 0.000000 
0.014935 0.000000 0.007143 0.011039 0.000000 0.000649 0.002597 0.190909 0.038961 0.082468 0.013636 0.001299 0.000000 0.000000 0.025325 0.000649 0.001948 0.608442 0.000000 0.000000 
0.085714 0.000000 0.012987 0.109740 0.002597 0.005844 0.031818 0.011039 0.090909 0.018182 0.003896 0.006494 0.003247 0.081169 0.253896 0.124026 0.094805 0.019481 0.002597 0.041558 
0.306494 0.001948 0.000000 0.000649 0.087013 0.001948 0.037013 0.197403 0.001948 0.081169 0.002597 0.018182 0.000000 0.001299 0.032468 0.024675 0.049351 0.132468 0.022727 0.000649 
0.028571 0.001299 0.002597 0.000649 0.000649 0.001299 0.000000 0.542208 0.000000 0.288312 0.067532 0.000000 0.000000 0.000000 0.000000 0.007792 0.002597 0.056494 0.000000 0.000000 
0.043506 0.000649 0.074026 0.079870 0.000000 0.040260 0.033766 0.003896 0.094805 0.000000 0.001299 0.070130 0.035065 0.092857 0.338961 0.012987 0.068831 0.005195 0.000000 0.003896 
0.124675 0.000000 0.006494 0.248701 0.001948 0.030519 0.012338 0.011039 0.188312 0.027273 0.007792 0.003247 0.000000 0.084416 0.097403 0.027922 0.087662 0.030519 0.001299 0.008442 
0.017532 0.025325 0.000000 0.000000 0.042208 0.000000 0.000000 0.066234 0.000000 0.437662 0.348052 0.000000 0.000000 0.000000 0.000000 0.000000 0.000000 0.031818 0.025974 0.005195 
0.050000 0.003247 0.193506 0.498052 0.000649 0.001948 0.055195 0.000000 0.024026 0.004545 0.000000 0.043506 0.000000 0.055195 0.007143 0.005844 0.009740 0.003247 0.001299 0.042857 
0.074675 0.000000 0.290260 0.146753 0.000000 0.000649 0.014935 0.000000 0.097403 0.003896 0.000000 0.134416 0.000000 0.041558 0.164286 0.013636 0.012338 0.005195 0.000000 0.000000 
0.383117 0.000649 0.016234 0.048052 0.009740 0.023377 0.007143 0.006494 0.081169 0.092208 0.103247 0.010390 0.000000 0.026623 0.135714 0.030519 0.004545 0.006494 0.001299 0.012987 
0.194805 0.000000 0.043506 0.014286 0.000649 0.475325 0.011688 0.003247 0.022727 0.005844 0.000000 0.161039 0.004545 0.031169 0.006494 0.022078 0.001299 0.001299 0.000000 0.000000 
0.017532 0.001299 0.007792 0.018831 0.023377 0.165584 0.003247 0.111688 0.000649 0.459091 0.000649 0.001948 0.005844 0.004545 0.001299 0.001948 0.004545 0.166883 0.001299 0.001948 
0.040909 0.000000 0.155195 0.019481 0.000649 0.280519 0.000649 0.009740 0.022727 0.015584 0.001948 0.210390 0.068831 0.006494 0.036364 0.016234 0.069481 0.043506 0.000000 0.001299 
0.001299 0.000000 0.000000 0.000000 0.001299 0.000000 0.000000 0.463636 0.000000 0.338961 0.015584 0.000000 0.101299 0.000000 0.000000 0.000000 0.001299 0.076623 0.000000 0.000000 
0.038312 0.000000 0.079221 0.716883 0.000649 0.004545 0.001948 0.020779 0.000000 0.003247 0.000000 0.000649 0.014286 0.029870 0.000000 0.012987 0.009091 0.067532 0.000000 0.000000 
0.002597 0.000000 0.000000 0.000000 0.235065 0.000000 0.000000 0.020130 0.000000 0.500000 0.001948 0.000000 0.000000 0.000000 0.000000 0.002597 0.000649 0.031169 0.000000 0.205844 
0.050649 0.003247 0.000000 0.000000 0.107143 0.000000 0.000000 0.233766 0.000000 0.100649 0.000649 0.000000 0.000000 0.000000 0.000000 0.000000 0.000000 0.488961 0.000000 0.014935 
0.000000 0.000000 0.000000 1.000000 0.000000 0.000000 0.000000 0.000000 0.000000 0.000000 0.000000 0.000000 0.000000 0.000000 0.000000 0.000000 0.000000 0.000000 0.000000 0.000000 
0.000000 0.000000 0.000000 0.000000 0.000000 0.000000 0.000000 0.000000 0.000000 0.000000 0.000000 0.000000 0.000000 1.000000 0.000000 0.000000 0.000000 0.000000 0.000000 0.000000 
0.000000 0.000000 0.000000 0.000000 0.000000 0.000000 0.000000 0.000000 0.000000 0.000000 0.000000 0.000000 1.000000 0.000000 0.000000 0.000000 0.000000 0.000000 0.000000 0.000000 
0.000000 0.183766 0.000000 0.000000 0.000000 0.000000 0.000000 0.009740 0.000000 0.041558 0.000000 0.000000 0.000000 0.000000 0.000000 0.000000 0.011688 0.753247 0.000000 0.000000 
0.148052 0.001948 0.003247 0.000000 0.000649 0.009091 0.262338 0.009091 0.225974 0.014935 0.003247 0.020130 0.175974 0.002597 0.079221 0.025325 0.000649 0.013636 0.001948 0.001948 

