MEME version 4

ALPHABET= ACDEFGHIKLMNPQRSTVWY

Background letter frequencies
A 0.1134 C 0.0105 D 0.0638 E 0.0702 F 0.0297 G 0.0889 H 0.0205 I 0.0614 K 0.0495 L 0.0963 
M 0.0246 N 0.036 P 0.0427 Q 0.0317 R 0.0509 S 0.0508 T 0.0505 V 0.0702 W 0.0129 
Y 0.0257 

MOTIF files/output.4.matrix.0_4
letter-probability matrix: alength= 20 w= 30 nsites= 27996 E= 0.000001
0.179396 0.028863 0.000000 0.000000 0.000929 0.052904 0.002893 0.002429 0.000000 0.458777 0.001393 0.055012 0.000036 0.000036 0.000000 0.129099 0.077552 0.009609 0.000750 0.000321 
0.491784 0.012360 0.000000 0.000000 0.000000 0.454133 0.000000 0.000143 0.000000 0.001072 0.000929 0.000000 0.011645 0.000000 0.000000 0.007359 0.012431 0.008145 0.000000 0.000000 
0.010003 0.006502 0.000000 0.000036 0.028543 0.000036 0.000000 0.197335 0.000000 0.120673 0.003751 0.000000 0.000000 0.000000 0.000036 0.000036 0.010431 0.618655 0.000000 0.003965 
0.000464 0.000000 0.257734 0.202150 0.000071 0.000143 0.000036 0.006751 0.000000 0.004037 0.001036 0.001250 0.000071 0.010538 0.000000 0.477459 0.000071 0.038187 0.000000 0.000000 
0.081410 0.051332 0.000000 0.000429 0.001858 0.003001 0.003572 0.113882 0.000000 0.369365 0.150139 0.050404 0.000143 0.047653 0.000000 0.042581 0.047474 0.036043 0.000107 0.000607 
0.982711 0.006751 0.000000 0.000000 0.000000 0.001322 0.000000 0.000000 0.000000 0.000036 0.000000 0.000000 0.003108 0.000000 0.000000 0.005823 0.000143 0.000107 0.000000 0.000000 
0.097381 0.052477 0.000000 0.000000 0.011860 0.000429 0.000071 0.045619 0.000036 0.385989 0.026935 0.021613 0.000000 0.000000 0.000000 0.005787 0.034830 0.315615 0.000214 0.001143 
0.382318 0.073406 0.000000 0.000000 0.015467 0.000071 0.035399 0.006287 0.000000 0.181997 0.001679 0.001143 0.000036 0.000250 0.000071 0.010359 0.000929 0.003036 0.252152 0.035399 
0.000929 0.000250 0.519681 0.004786 0.000000 0.000036 0.040113 0.000321 0.266931 0.000143 0.000143 0.004322 0.000000 0.006108 0.147521 0.003250 0.000179 0.001857 0.000143 0.003286 
0.535112 0.004358 0.000000 0.000000 0.000679 0.008751 0.000321 0.092085 0.000000 0.322332 0.008680 0.000036 0.000000 0.000036 0.000286 0.001250 0.004108 0.014574 0.007072 0.000321 
0.374103 0.002322 0.002179 0.029470 0.020861 0.112627 0.009323 0.006787 0.079478 0.153670 0.018289 0.002858 0.000000 0.058010 0.009287 0.023433 0.007787 0.032077 0.036185 0.021254 
0.649664 0.011394 0.000071 0.000000 0.000000 0.305901 0.000000 0.000000 0.000000 0.000143 0.000000 0.000000 0.000000 0.000000 0.000000 0.029468 0.003286 0.000071 0.000000 0.000000 
0.166458 0.000750 0.068905 0.080157 0.000857 0.007073 0.007358 0.008787 0.343026 0.008037 0.004715 0.041722 0.000000 0.143740 0.079014 0.015146 0.009537 0.014360 0.000036 0.000321 
0.203815 0.004001 0.023789 0.119088 0.037184 0.004822 0.078440 0.031612 0.062009 0.041399 0.007037 0.003929 0.000036 0.030076 0.108158 0.120946 0.021003 0.050579 0.000893 0.051186 
0.144949 0.009823 0.000857 0.028826 0.012680 0.001250 0.021253 0.008180 0.150736 0.383019 0.009001 0.006537 0.000000 0.043006 0.040970 0.057294 0.022075 0.040863 0.001000 0.017681 
0.010109 0.001179 0.093302 0.055224 0.000214 0.550670 0.008930 0.000036 0.056867 0.000286 0.000536 0.141668 0.000000 0.044115 0.022325 0.011109 0.002750 0.000214 0.000071 0.000393 
0.038258 0.000607 0.000679 0.022040 0.000393 0.000107 0.000286 0.082232 0.085197 0.293884 0.057691 0.000572 0.000000 0.083518 0.020469 0.002143 0.013503 0.298242 0.000036 0.000143 
0.008037 0.000000 0.001857 0.012645 0.000000 0.001250 0.001072 0.000000 0.002108 0.000214 0.000000 0.024147 0.862475 0.002715 0.011073 0.059618 0.012574 0.000000 0.000000 0.000214 
0.016253 0.000893 0.000036 0.000107 0.003858 0.000036 0.000000 0.020719 0.000000 0.632743 0.004465 0.000000 0.000572 0.000036 0.000000 0.000000 0.000750 0.314282 0.005037 0.000214 
0.127429 0.030366 0.000000 0.001000 0.078558 0.000786 0.045049 0.000250 0.000357 0.000250 0.000071 0.000679 0.002465 0.000107 0.001643 0.062875 0.006288 0.011468 0.121606 0.508753 
0.115124 0.000214 0.043363 0.135841 0.000143 0.003286 0.006822 0.001286 0.139984 0.002393 0.003393 0.010466 0.000000 0.170596 0.299007 0.043506 0.017002 0.006680 0.000214 0.000679 
0.004429 0.000357 0.000321 0.000321 0.032469 0.000000 0.149771 0.016967 0.000286 0.435419 0.018788 0.000036 0.000071 0.001965 0.006037 0.003786 0.002393 0.013430 0.003036 0.310116 
0.021039 0.000071 0.000000 0.000000 0.032184 0.000000 0.000000 0.215610 0.000000 0.613931 0.014181 0.000036 0.000000 0.000036 0.000036 0.001893 0.001572 0.081586 0.016539 0.001286 
0.212538 0.001893 0.002286 0.000214 0.000107 0.736596 0.000643 0.000107 0.001215 0.000536 0.001072 0.009609 0.000000 0.004215 0.001607 0.020111 0.001393 0.005251 0.000572 0.000036 
0.020184 0.000464 0.159897 0.106027 0.001286 0.542671 0.001679 0.016683 0.003930 0.035152 0.000929 0.021327 0.030651 0.013075 0.007323 0.013396 0.009610 0.015182 0.000000 0.000536 
0.126344 0.005537 0.019575 0.013360 0.039721 0.118914 0.012859 0.022183 0.046794 0.189570 0.043615 0.013467 0.079371 0.017539 0.072406 0.032220 0.061761 0.067333 0.000357 0.017074 
0.135708 0.008145 0.023505 0.012753 0.016289 0.033722 0.009859 0.008609 0.058834 0.056048 0.005894 0.207330 0.018397 0.084304 0.051118 0.077159 0.058227 0.107737 0.001429 0.024934 
0.217598 0.000607 0.030437 0.017291 0.000750 0.196127 0.017398 0.001429 0.024543 0.010253 0.001643 0.021828 0.108710 0.111496 0.172621 0.026758 0.033831 0.004644 0.000357 0.001679 
0.018255 0.004537 0.138392 0.108706 0.005323 0.015111 0.080270 0.010288 0.086022 0.015861 0.018005 0.139606 0.013325 0.024042 0.159468 0.042654 0.085093 0.019148 0.000107 0.015790 
0.055057 0.003108 0.067241 0.100111 0.001608 0.016649 0.009289 0.051270 0.086070 0.065883 0.011076 0.012969 0.079781 0.045411 0.072564 0.096288 0.101183 0.115510 0.004716 0.004216 

MOTIF files/output.4.matrix.0_6
letter-probability matrix: alength= 20 w= 30 nsites= 8609 E= 0.000001
0.029156 0.000232 0.008712 0.003020 0.000348 0.463236 0.009293 0.015797 0.007550 0.024625 0.000116 0.038680 0.022302 0.000232 0.019282 0.061912 0.056569 0.238936 0.000000 0.000000 
0.136137 0.000697 0.044024 0.022070 0.032989 0.352654 0.030782 0.009525 0.047392 0.026484 0.004298 0.012429 0.049948 0.042281 0.047625 0.073295 0.009641 0.028575 0.003833 0.025322 
0.192750 0.001162 0.083420 0.073893 0.008481 0.084815 0.009876 0.016498 0.077495 0.019170 0.000929 0.034623 0.044266 0.042407 0.225049 0.024631 0.041129 0.015453 0.000000 0.003950 
0.088860 0.000929 0.244279 0.086305 0.000813 0.138576 0.003485 0.001626 0.091764 0.001742 0.000116 0.093507 0.090254 0.005227 0.014171 0.103729 0.031363 0.001742 0.000581 0.000929 
0.040655 0.015333 0.004879 0.006389 0.009641 0.009990 0.001278 0.156813 0.001742 0.309908 0.026949 0.007899 0.081775 0.002439 0.008712 0.013358 0.019398 0.273086 0.007086 0.002672 
0.191311 0.000000 0.218260 0.178302 0.001045 0.023580 0.032292 0.003601 0.059008 0.008596 0.005924 0.018353 0.005924 0.072134 0.113137 0.036241 0.018701 0.012080 0.000000 0.001510 
0.124056 0.000116 0.217215 0.210594 0.000465 0.013358 0.018353 0.006505 0.118481 0.077012 0.004298 0.003485 0.000348 0.069114 0.055407 0.019514 0.042165 0.015217 0.002788 0.001510 
0.098385 0.005576 0.706122 0.042397 0.000000 0.000000 0.000000 0.008363 0.001510 0.003601 0.000813 0.082007 0.000232 0.000465 0.000000 0.001626 0.005111 0.043791 0.000000 0.000000 
0.054013 0.011848 0.000465 0.016146 0.004182 0.000581 0.000697 0.271112 0.006853 0.228714 0.009873 0.000000 0.000000 0.008828 0.027181 0.001510 0.014404 0.341503 0.001045 0.001045 
0.316529 0.000813 0.060750 0.207341 0.000000 0.007434 0.006505 0.001278 0.066326 0.003949 0.000697 0.047625 0.000929 0.024625 0.229876 0.007202 0.010222 0.007550 0.000000 0.000348 
0.017772 0.000813 0.000813 0.009176 0.016146 0.002439 0.157510 0.013126 0.022418 0.023232 0.040190 0.035428 0.002788 0.014520 0.535602 0.016146 0.049367 0.032640 0.002672 0.007202 
0.041701 0.034034 0.000000 0.000000 0.017307 0.001162 0.000000 0.186665 0.000000 0.188291 0.024277 0.000232 0.000000 0.000000 0.000465 0.000000 0.015797 0.490069 0.000000 0.000000 
0.286909 0.001742 0.018818 0.131374 0.002091 0.014868 0.011151 0.055988 0.077826 0.023928 0.000581 0.004298 0.000000 0.045766 0.205250 0.038448 0.055639 0.023232 0.000697 0.001394 
0.517830 0.000813 0.054013 0.062609 0.000929 0.008828 0.004646 0.081078 0.044953 0.046579 0.006505 0.001742 0.000000 0.058660 0.023928 0.033221 0.038680 0.014287 0.000348 0.000348 
0.122793 0.002440 0.000000 0.000000 0.000581 0.000000 0.015567 0.394981 0.000349 0.090265 0.067031 0.000000 0.000000 0.004414 0.000232 0.000000 0.004763 0.293332 0.001743 0.001510 
0.027645 0.006040 0.002555 0.000000 0.000232 0.001162 0.016843 0.007899 0.128586 0.050412 0.002207 0.003020 0.000000 0.002555 0.708096 0.006505 0.005343 0.019979 0.004066 0.006853 
0.083517 0.000232 0.106400 0.473458 0.000116 0.008363 0.002904 0.000465 0.105471 0.000929 0.000465 0.036473 0.000232 0.047625 0.070856 0.052852 0.006389 0.001510 0.000000 0.001742 
0.509002 0.001626 0.002091 0.069230 0.001975 0.012893 0.021721 0.013474 0.061215 0.025787 0.006156 0.002323 0.000000 0.011732 0.079916 0.030549 0.022651 0.126844 0.000465 0.000348 
0.023348 0.052503 0.000000 0.000000 0.073179 0.000813 0.000581 0.177140 0.000348 0.309327 0.018121 0.000000 0.001045 0.000000 0.000000 0.000697 0.004182 0.336857 0.000000 0.001859 
0.011964 0.000000 0.010454 0.010803 0.000000 0.880242 0.000348 0.000000 0.003833 0.000000 0.000000 0.001394 0.059240 0.012777 0.003252 0.004530 0.001045 0.000116 0.000000 0.000000 
0.045069 0.000465 0.206993 0.094901 0.008828 0.047276 0.003252 0.000465 0.050064 0.002672 0.001162 0.081891 0.344872 0.005343 0.015565 0.039958 0.011035 0.001278 0.011500 0.027413 
0.034150 0.001162 0.395865 0.103380 0.000116 0.072366 0.032756 0.000697 0.022186 0.002672 0.003949 0.075967 0.000116 0.038100 0.132071 0.048786 0.021721 0.001162 0.000232 0.012545 
0.180530 0.004647 0.003485 0.000349 0.134061 0.073885 0.001046 0.218866 0.004298 0.015567 0.014173 0.010688 0.003834 0.012082 0.072955 0.004066 0.036594 0.201789 0.000116 0.006970 
0.071437 0.001975 0.080265 0.073412 0.002788 0.084447 0.009525 0.005924 0.098037 0.020792 0.004298 0.010222 0.078871 0.032524 0.133000 0.139505 0.060053 0.010454 0.063422 0.019050 
0.000232 0.000232 0.000000 0.000000 0.074457 0.000000 0.000000 0.306424 0.000000 0.433732 0.018585 0.000000 0.000000 0.000116 0.000000 0.000000 0.000116 0.166105 0.000000 0.000000 
0.126540 0.001975 0.000000 0.000000 0.001511 0.128980 0.000232 0.005694 0.004416 0.005926 0.246805 0.000000 0.000000 0.003370 0.433186 0.003602 0.016268 0.004648 0.000813 0.016035 
0.024509 0.000929 0.000000 0.000000 0.011267 0.001859 0.000000 0.175862 0.000000 0.248112 0.022883 0.000000 0.000116 0.000232 0.000000 0.000116 0.002323 0.498083 0.004530 0.009176 
0.000000 0.000000 0.970961 0.028923 0.000000 0.000000 0.000000 0.000000 0.000000 0.000000 0.000000 0.000116 0.000000 0.000000 0.000000 0.000000 0.000000 0.000000 0.000000 0.000000 
0.489836 0.118829 0.000000 0.000000 0.153560 0.016727 0.002555 0.011732 0.000000 0.003485 0.001742 0.000000 0.005924 0.000000 0.000000 0.000929 0.000232 0.191195 0.001859 0.001394 
0.000000 0.000000 0.000000 0.000000 0.000000 0.000000 0.158787 0.000000 0.000000 0.000000 0.000000 0.723313 0.000000 0.000000 0.000116 0.000232 0.000000 0.000000 0.068649 0.048902 

MOTIF files/output.4.matrix.0_12
letter-probability matrix: alength= 20 w= 30 nsites= 8108 E= 0.000001
0.038974 0.000987 0.159225 0.109521 0.006537 0.007770 0.024420 0.038234 0.003207 0.055747 0.006043 0.008633 0.055007 0.026024 0.287494 0.010607 0.011717 0.136285 0.000000 0.013567 
0.016034 0.000123 0.030217 0.005427 0.000617 0.000493 0.004070 0.221756 0.071411 0.456709 0.004563 0.006290 0.005057 0.002590 0.018624 0.014184 0.017637 0.109645 0.000247 0.014307 
0.021337 0.002837 0.075234 0.008387 0.067958 0.002220 0.003207 0.028984 0.025407 0.180192 0.000247 0.111741 0.007030 0.001973 0.004933 0.003577 0.369142 0.085471 0.000000 0.000123 
0.043414 0.002837 0.008510 0.025530 0.002837 0.034534 0.008510 0.004440 0.351135 0.020227 0.000617 0.046374 0.124075 0.041071 0.095091 0.030957 0.102368 0.054021 0.000000 0.003453 
0.065491 0.000370 0.073508 0.451529 0.002467 0.074124 0.028244 0.000863 0.007893 0.001357 0.000370 0.109398 0.007770 0.047114 0.016897 0.042427 0.049334 0.020104 0.000000 0.000740 
0.054021 0.000000 0.065984 0.038111 0.002220 0.026270 0.000987 0.010607 0.020104 0.002220 0.001480 0.001357 0.552047 0.023680 0.059694 0.013197 0.004440 0.123458 0.000123 0.000000 
0.009375 0.000123 0.010115 0.001604 0.270137 0.000740 0.007524 0.034291 0.000247 0.495868 0.008264 0.001110 0.091526 0.000370 0.000123 0.002837 0.008758 0.020106 0.009868 0.027014 
0.052171 0.004317 0.059694 0.236433 0.001110 0.004687 0.013814 0.007277 0.057474 0.019240 0.001357 0.018994 0.030464 0.158115 0.145042 0.043537 0.064998 0.078194 0.000863 0.002220 
0.004194 0.005304 0.003330 0.000493 0.116073 0.000493 0.003454 0.451215 0.000123 0.046256 0.041446 0.000370 0.019119 0.001357 0.005551 0.000987 0.012335 0.041939 0.001850 0.244110 
0.065861 0.001110 0.046497 0.199803 0.000123 0.007523 0.017020 0.023680 0.206833 0.000493 0.000493 0.009497 0.001850 0.041441 0.146892 0.041687 0.033917 0.155032 0.000000 0.000247 
0.011963 0.000000 0.438086 0.037987 0.000247 0.249013 0.005920 0.000000 0.015910 0.000123 0.000123 0.199926 0.000493 0.019857 0.007400 0.011717 0.000863 0.000000 0.000000 0.000370 
0.003207 0.000000 0.001110 0.000000 0.151227 0.821512 0.003701 0.000000 0.000370 0.000000 0.000000 0.001727 0.000493 0.000000 0.000370 0.009128 0.000247 0.000000 0.000000 0.006908 
0.049710 0.039595 0.005057 0.094363 0.091896 0.011965 0.072160 0.003207 0.152831 0.060812 0.072653 0.003577 0.000000 0.067966 0.097940 0.042679 0.019736 0.010361 0.001234 0.102257 
0.019487 0.006043 0.000000 0.000000 0.040947 0.000493 0.000000 0.226443 0.000000 0.231130 0.072398 0.000123 0.000000 0.000000 0.000123 0.000000 0.000370 0.400345 0.000000 0.002097 
0.220400 0.002713 0.039714 0.074988 0.004563 0.007400 0.110138 0.016650 0.125185 0.023187 0.003577 0.008140 0.015417 0.139985 0.053281 0.033054 0.064134 0.027380 0.018747 0.011347 
0.045511 0.003453 0.000000 0.000000 0.000247 0.000370 0.000000 0.156759 0.000617 0.141712 0.002837 0.002220 0.064751 0.000000 0.015910 0.000000 0.001603 0.564011 0.000000 0.000000 
0.001727 0.000370 0.001603 0.000000 0.002343 0.024050 0.000247 0.001110 0.000370 0.072891 0.003577 0.002713 0.785520 0.000247 0.009373 0.067341 0.025407 0.000000 0.001110 0.000000 
0.048101 0.000617 0.275777 0.121732 0.000740 0.006043 0.004317 0.000863 0.064011 0.002467 0.012210 0.043907 0.020104 0.114332 0.050814 0.048471 0.181302 0.003823 0.000000 0.000370 
0.247903 0.000000 0.004070 0.027504 0.000000 0.256290 0.000247 0.001850 0.196349 0.010607 0.000740 0.001850 0.000123 0.011347 0.113468 0.009497 0.109891 0.007893 0.000000 0.000370 
0.023804 0.000123 0.002713 0.000370 0.000000 0.005180 0.018130 0.003330 0.002467 0.005550 0.000000 0.002467 0.911445 0.001850 0.000493 0.008757 0.003823 0.006290 0.000000 0.003207 
0.000123 0.000000 0.000000 0.000000 0.000000 0.999383 0.000000 0.000000 0.000000 0.000000 0.000000 0.000000 0.000000 0.000000 0.000123 0.000370 0.000000 0.000000 0.000000 0.000000 
0.000123 0.000000 0.000000 0.000000 0.023310 0.000123 0.011717 0.028614 0.000000 0.917982 0.002713 0.000247 0.000000 0.000000 0.000000 0.000617 0.005550 0.008387 0.000617 0.000000 
0.000247 0.000000 0.000000 0.000000 0.000000 0.999507 0.000000 0.000000 0.000000 0.000000 0.000000 0.000000 0.000000 0.000000 0.000000 0.000247 0.000000 0.000000 0.000000 0.000000 
0.011593 0.001357 0.000000 0.000000 0.027504 0.000247 0.000000 0.311791 0.000000 0.091638 0.005427 0.000000 0.000000 0.000247 0.000123 0.000000 0.000493 0.545387 0.000000 0.004193 
0.042304 0.000493 0.085471 0.630242 0.000000 0.002467 0.003823 0.003330 0.005673 0.001357 0.001233 0.003700 0.000000 0.014430 0.023187 0.031820 0.134928 0.015417 0.000000 0.000123 
0.001727 0.000000 0.000000 0.000000 0.023187 0.006043 0.000000 0.302047 0.000000 0.521954 0.006290 0.000000 0.036384 0.000000 0.000000 0.000000 0.000123 0.102121 0.000123 0.000000 
0.002837 0.000740 0.810557 0.004687 0.000370 0.000247 0.002097 0.002837 0.003577 0.002590 0.000000 0.110878 0.000000 0.000123 0.004440 0.044524 0.002590 0.006783 0.000000 0.000123 
0.009130 0.000000 0.016410 0.412461 0.005429 0.002714 0.013572 0.002468 0.005799 0.026033 0.204812 0.000247 0.044787 0.010857 0.094756 0.005305 0.007403 0.003578 0.127082 0.007156 
0.122718 0.000123 0.446843 0.281327 0.000000 0.013074 0.002960 0.002960 0.019117 0.001850 0.000000 0.008017 0.003947 0.055007 0.012580 0.012210 0.010483 0.006413 0.000000 0.000370 
0.166502 0.007770 0.002220 0.025284 0.015910 0.003207 0.010113 0.004933 0.186359 0.047484 0.016527 0.003700 0.000247 0.243710 0.176616 0.005797 0.007153 0.029230 0.001357 0.045881 

MOTIF files/output.4.matrix.0_24
letter-probability matrix: alength= 20 w= 30 nsites= 1954 E= 0.000001
0.009729 0.000000 0.000000 0.000000 0.007680 0.000000 0.000000 0.000000 0.000000 0.024066 0.603175 0.318484 0.000000 0.000000 0.000000 0.034818 0.002048 0.000000 0.000000 0.000000 
0.000000 0.000513 0.000000 0.000000 0.000000 0.000000 0.000000 0.035879 0.000000 0.645310 0.000000 0.000000 0.000000 0.000000 0.000000 0.216812 0.101486 0.000000 0.000000 0.000000 
0.000000 0.000000 0.010764 0.670425 0.000000 0.000000 0.318298 0.000000 0.000000 0.000000 0.000000 0.000000 0.000000 0.000513 0.000000 0.000000 0.000000 0.000000 0.000000 0.000000 
0.013839 0.000000 0.000000 0.000000 0.000000 0.587391 0.000000 0.000000 0.000000 0.317273 0.001025 0.000000 0.000513 0.000000 0.000000 0.048693 0.028703 0.002563 0.000000 0.000000 
0.166581 0.000000 0.000513 0.000000 0.000000 0.457201 0.000513 0.000000 0.000000 0.000000 0.000000 0.000000 0.175295 0.001538 0.000000 0.166069 0.032291 0.000000 0.000000 0.000000 
0.036392 0.000000 0.000000 0.000000 0.031779 0.000000 0.000000 0.616607 0.000000 0.038442 0.000000 0.000000 0.000513 0.000000 0.000000 0.000000 0.000000 0.275756 0.000000 0.000513 
0.003588 0.000000 0.000000 0.000000 0.000000 0.645823 0.000000 0.000000 0.000000 0.000000 0.000000 0.000000 0.000000 0.000000 0.000000 0.342901 0.007688 0.000000 0.000000 0.000000 
0.007688 0.000000 0.000000 0.000000 0.002050 0.000000 0.000000 0.000000 0.000000 0.314710 0.002050 0.002050 0.000000 0.000000 0.000000 0.129677 0.541773 0.000000 0.000000 0.000000 
0.378780 0.000000 0.000000 0.000000 0.000000 0.001538 0.000000 0.220912 0.000000 0.174270 0.149154 0.000000 0.000000 0.000000 0.000000 0.009739 0.003075 0.062532 0.000000 0.000000 
0.981548 0.000000 0.000000 0.000000 0.000000 0.002563 0.000000 0.007688 0.000000 0.000000 0.000513 0.000000 0.000000 0.000000 0.000000 0.000000 0.001025 0.006663 0.000000 0.000000 
0.121476 0.008713 0.000000 0.000000 0.000000 0.006663 0.008201 0.000000 0.000000 0.000000 0.319323 0.005638 0.000000 0.000000 0.000000 0.523321 0.005126 0.000000 0.000000 0.001538 
0.626858 0.000513 0.000000 0.000000 0.000000 0.000000 0.000000 0.016914 0.000000 0.074833 0.005638 0.001538 0.000000 0.000000 0.000000 0.011276 0.196822 0.065607 0.000000 0.000000 
0.002563 0.000000 0.000000 0.000000 0.000000 0.000000 0.832394 0.000000 0.000000 0.000513 0.000000 0.000000 0.000000 0.161456 0.000000 0.003075 0.000000 0.000000 0.000000 0.000000 
0.291133 0.002050 0.000000 0.000000 0.033316 0.035879 0.000000 0.002563 0.000000 0.280369 0.000513 0.000000 0.000000 0.000000 0.000000 0.000000 0.004613 0.349564 0.000000 0.000000 
0.332650 0.023065 0.000000 0.000000 0.575602 0.012301 0.000000 0.000000 0.000000 0.001538 0.010764 0.000000 0.000000 0.000000 0.000000 0.000000 0.000000 0.002563 0.018452 0.023065 
0.544336 0.047155 0.000000 0.000000 0.000000 0.013839 0.000000 0.017940 0.000000 0.074321 0.000000 0.000000 0.000000 0.000000 0.000000 0.231164 0.002050 0.069195 0.000000 0.000000 
0.208098 0.006151 0.000000 0.000000 0.000000 0.017427 0.000000 0.000000 0.000000 0.000000 0.000000 0.000000 0.000000 0.000000 0.000000 0.118913 0.643772 0.005638 0.000000 0.000000 
0.004100 0.001538 0.000000 0.020502 0.284982 0.000000 0.000513 0.044080 0.000000 0.312148 0.002050 0.000513 0.000000 0.000513 0.000000 0.003075 0.105587 0.216812 0.001025 0.002563 
0.066632 0.000000 0.072271 0.128652 0.000000 0.058432 0.002563 0.000000 0.027166 0.000513 0.000000 0.081497 0.458739 0.004100 0.055869 0.038954 0.003588 0.001025 0.000000 0.000000 
0.043055 0.000513 0.060994 0.071758 0.000000 0.050231 0.024090 0.003588 0.076884 0.010251 0.000000 0.291133 0.004613 0.093285 0.082522 0.062532 0.119938 0.003588 0.000000 0.001025 
0.001025 0.000000 0.000000 0.000000 0.004100 0.000000 0.000000 0.034341 0.000000 0.904664 0.023578 0.000000 0.000000 0.011276 0.002563 0.000000 0.003588 0.013839 0.001025 0.000000 
0.305484 0.000000 0.128139 0.062532 0.000000 0.010251 0.086110 0.000000 0.037417 0.001025 0.000000 0.016402 0.026653 0.081497 0.014864 0.064070 0.165044 0.000513 0.000000 0.000000 
0.015889 0.000000 0.000000 0.000513 0.159918 0.000000 0.093798 0.000000 0.000000 0.006663 0.000513 0.000513 0.000000 0.001025 0.000513 0.000513 0.000513 0.000000 0.437724 0.281907 
0.299334 0.000000 0.078934 0.001025 0.000000 0.532547 0.058432 0.000000 0.000000 0.000000 0.000000 0.009739 0.000513 0.002050 0.000000 0.015377 0.001538 0.000513 0.000000 0.000000 
0.002050 0.352640 0.000000 0.000000 0.000000 0.005638 0.000000 0.000000 0.000000 0.009226 0.000000 0.000000 0.000000 0.000000 0.000000 0.058432 0.570477 0.001538 0.000000 0.000000 
0.000000 0.000000 0.318811 0.676576 0.000000 0.000000 0.000000 0.000000 0.000000 0.000000 0.000000 0.000000 0.000000 0.004613 0.000000 0.000000 0.000000 0.000000 0.000000 0.000000 
0.000000 0.000000 0.000000 0.000000 0.016402 0.000000 0.006151 0.002563 0.000000 0.627371 0.021527 0.000000 0.000000 0.002563 0.000000 0.074833 0.246540 0.002050 0.000000 0.000000 
0.000000 0.000000 0.000000 0.000000 0.652486 0.000000 0.318811 0.016914 0.000000 0.008201 0.000000 0.000000 0.000000 0.000000 0.000000 0.000000 0.000000 0.003588 0.000000 0.000000 
0.003588 0.000000 0.000000 0.000000 0.003075 0.678114 0.000000 0.000000 0.000000 0.001025 0.000000 0.000000 0.000000 0.000000 0.004100 0.001538 0.005126 0.000000 0.074833 0.228601 
0.000000 0.000000 0.000000 0.000000 0.000000 0.001537 0.000000 0.000000 0.000000 0.000000 0.000000 0.000000 0.996926 0.000000 0.000000 0.001025 0.000512 0.000000 0.000000 0.000000 

MOTIF files/output.4.matrix.0_38
letter-probability matrix: alength= 20 w= 30 nsites= 28320 E= 0.000001
0.026059 0.000141 0.300247 0.034887 0.000071 0.013453 0.017055 0.000000 0.019562 0.000035 0.000000 0.468397 0.003460 0.031568 0.028355 0.042338 0.011794 0.002507 0.000035 0.000035 
0.231443 0.071474 0.000000 0.000035 0.022777 0.039198 0.001624 0.121725 0.007592 0.039410 0.058620 0.000459 0.000000 0.000000 0.001660 0.243167 0.007451 0.118829 0.000318 0.034219 
0.037255 0.013737 0.000000 0.000000 0.047991 0.000035 0.000000 0.432516 0.000000 0.234762 0.018857 0.000000 0.000177 0.000000 0.000000 0.003002 0.001483 0.201992 0.000318 0.007875 
0.052226 0.000106 0.000000 0.000000 0.000141 0.003531 0.000035 0.040362 0.000071 0.467389 0.003213 0.169568 0.000035 0.165048 0.000000 0.006921 0.000636 0.090716 0.000000 0.000000 
0.001342 0.000918 0.000000 0.000000 0.001907 0.000000 0.000000 0.497528 0.000000 0.218236 0.003143 0.000000 0.109895 0.000071 0.000035 0.000000 0.000388 0.158027 0.000035 0.008475 
0.000000 0.000000 0.167761 0.000000 0.000000 0.000000 0.000000 0.000000 0.831992 0.000000 0.000000 0.000000 0.000000 0.000035 0.000212 0.000000 0.000000 0.000000 0.000000 0.000000 
0.067481 0.003037 0.000000 0.000000 0.045835 0.000388 0.000000 0.076698 0.000000 0.267347 0.003637 0.000318 0.136763 0.000177 0.000000 0.013807 0.016950 0.363219 0.000000 0.004343 
0.085105 0.037644 0.079243 0.013137 0.006321 0.026344 0.000494 0.000318 0.000035 0.001836 0.076665 0.481107 0.024543 0.011265 0.000000 0.083304 0.065541 0.006604 0.000000 0.000494 
0.003143 0.000177 0.005367 0.000106 0.001730 0.001801 0.054343 0.000494 0.197281 0.078284 0.000353 0.005120 0.032768 0.495268 0.089689 0.000106 0.000177 0.006285 0.027472 0.000035 
0.076274 0.081288 0.000035 0.000035 0.001342 0.000706 0.012995 0.484269 0.000035 0.082171 0.010276 0.012818 0.000000 0.000353 0.000177 0.047000 0.103393 0.086832 0.000000 0.000000 
0.013065 0.000000 0.000177 0.000000 0.000000 0.978883 0.000000 0.000000 0.000000 0.000000 0.000000 0.000000 0.000000 0.000000 0.000141 0.001801 0.005897 0.000000 0.000035 0.000000 
0.000777 0.000459 0.000177 0.000000 0.000071 0.467655 0.000071 0.000141 0.000000 0.000494 0.000000 0.000318 0.000247 0.000000 0.000000 0.259004 0.270551 0.000000 0.000000 0.000035 
0.001130 0.000247 0.000000 0.000000 0.016172 0.000000 0.000706 0.200812 0.000000 0.524117 0.023976 0.000000 0.023552 0.000106 0.000141 0.000035 0.000035 0.205932 0.000282 0.002754 
0.023093 0.001236 0.022775 0.017938 0.009958 0.003213 0.015113 0.009887 0.008898 0.014160 0.001871 0.055932 0.001377 0.017444 0.064689 0.154696 0.551130 0.002719 0.001660 0.022210 
0.052295 0.000071 0.007203 0.712253 0.003460 0.037465 0.004025 0.000636 0.038100 0.000177 0.000989 0.022387 0.031638 0.017549 0.047775 0.007592 0.013842 0.001518 0.000035 0.000989 
0.252322 0.060988 0.000000 0.000106 0.010594 0.015538 0.000035 0.011053 0.000000 0.039234 0.014832 0.020165 0.000000 0.000000 0.000000 0.117209 0.369778 0.083060 0.003955 0.001130 
0.016244 0.009640 0.003955 0.014549 0.074085 0.001165 0.007098 0.156185 0.024754 0.469367 0.026343 0.002860 0.000141 0.032699 0.085949 0.003602 0.003708 0.041598 0.012465 0.013595 
0.187549 0.000600 0.165054 0.217529 0.000283 0.002331 0.003284 0.003673 0.148987 0.017763 0.001624 0.023907 0.000424 0.092026 0.098241 0.015573 0.014408 0.006003 0.000035 0.000706 
0.426851 0.002472 0.000071 0.000247 0.004096 0.000212 0.000671 0.192168 0.000000 0.119566 0.040114 0.001483 0.000035 0.023765 0.000282 0.007733 0.064197 0.090999 0.024612 0.000424 
0.265431 0.042373 0.001412 0.002331 0.001836 0.008333 0.037641 0.288806 0.006780 0.054096 0.023093 0.022034 0.000035 0.002754 0.018997 0.015819 0.003814 0.201095 0.000459 0.002860 
0.168591 0.000283 0.095102 0.194406 0.000424 0.018434 0.020765 0.001872 0.132888 0.087297 0.002401 0.040047 0.000000 0.067062 0.063460 0.042589 0.054490 0.002966 0.000177 0.006745 
0.062465 0.000671 0.024506 0.054308 0.004944 0.000424 0.002507 0.089936 0.013877 0.297352 0.307945 0.000812 0.000177 0.037500 0.020304 0.002684 0.034746 0.030579 0.002436 0.011829 
0.885240 0.037182 0.000000 0.000177 0.000106 0.007980 0.000000 0.007839 0.000071 0.014725 0.000777 0.000000 0.000000 0.000000 0.000035 0.035099 0.006427 0.004343 0.000000 0.000000 
0.074438 0.000530 0.030510 0.153148 0.009393 0.035065 0.133621 0.002472 0.251845 0.010135 0.004520 0.017338 0.000106 0.139800 0.095307 0.009640 0.017585 0.003743 0.000035 0.010770 
0.260381 0.001271 0.048588 0.085699 0.002260 0.010205 0.019809 0.007521 0.161123 0.041737 0.012959 0.020798 0.000530 0.040855 0.168362 0.083192 0.026130 0.007874 0.000035 0.000671 
0.349813 0.009817 0.007804 0.006427 0.045695 0.005085 0.076771 0.001801 0.008864 0.081644 0.005968 0.150964 0.024225 0.039833 0.039657 0.033830 0.001589 0.004449 0.003743 0.102020 
0.027896 0.006003 0.082100 0.004873 0.002331 0.733924 0.007239 0.000035 0.014619 0.000424 0.000459 0.055828 0.000106 0.008440 0.019068 0.018433 0.001201 0.010947 0.000000 0.006074 
0.008017 0.000600 0.000000 0.000035 0.094685 0.000706 0.000318 0.119725 0.006746 0.109412 0.041250 0.000071 0.000071 0.012538 0.006004 0.000459 0.005086 0.173300 0.131379 0.289599 
0.087400 0.000459 0.028568 0.051310 0.000424 0.185183 0.002331 0.005403 0.088954 0.021470 0.007592 0.010382 0.089484 0.030263 0.056007 0.043682 0.261777 0.028392 0.000494 0.000424 
0.228979 0.093937 0.000177 0.000035 0.004803 0.000388 0.002790 0.060741 0.000141 0.135572 0.005297 0.008652 0.008016 0.001589 0.004026 0.080870 0.097468 0.245047 0.018964 0.002507 

MOTIF files/output.4.matrix.0_93
letter-probability matrix: alength= 20 w= 30 nsites= 9676 E= 0.000001
0.039686 0.000620 0.098078 0.236875 0.002894 0.005167 0.047230 0.013849 0.147065 0.003927 0.002480 0.026044 0.000930 0.108619 0.089500 0.066246 0.101178 0.007958 0.000310 0.001344 
0.086399 0.010025 0.003204 0.000620 0.070587 0.011368 0.002067 0.120504 0.000000 0.195432 0.002377 0.006201 0.000723 0.003824 0.002377 0.029041 0.130426 0.271496 0.012092 0.041236 
0.026767 0.008371 0.010438 0.068830 0.079372 0.030074 0.034208 0.095184 0.033382 0.082885 0.004031 0.019430 0.002480 0.029764 0.118851 0.030488 0.050021 0.023770 0.018396 0.233258 
0.064083 0.002171 0.035452 0.122377 0.000827 0.004444 0.022842 0.111008 0.043618 0.085581 0.020258 0.003824 0.136227 0.021085 0.216227 0.026150 0.041447 0.038760 0.000413 0.003204 
0.012919 0.001654 0.025734 0.154609 0.051364 0.009921 0.015606 0.070277 0.028524 0.077511 0.004444 0.007234 0.000723 0.012919 0.075961 0.017466 0.019016 0.197189 0.057152 0.159777 
0.147272 0.012505 0.154196 0.059839 0.002480 0.004651 0.014469 0.020876 0.019119 0.030695 0.003824 0.025734 0.008785 0.105209 0.119471 0.125052 0.116990 0.025837 0.000207 0.002790 
0.012402 0.001033 0.000000 0.001860 0.069657 0.000723 0.040099 0.174866 0.016639 0.334229 0.014055 0.000207 0.000413 0.004341 0.030695 0.003617 0.004444 0.160810 0.116060 0.013849 
0.043096 0.000000 0.010955 0.026147 0.001033 0.000930 0.036069 0.000103 0.053224 0.002790 0.000413 0.023460 0.665978 0.019636 0.027491 0.008578 0.007854 0.072241 0.000000 0.000000 
0.001964 0.000000 0.000000 0.000000 0.100465 0.000000 0.000103 0.081240 0.014057 0.422326 0.140982 0.000000 0.000000 0.000000 0.000000 0.000724 0.133333 0.075762 0.000000 0.029044 
0.174556 0.000413 0.114510 0.038032 0.001033 0.001033 0.113063 0.147582 0.156883 0.015192 0.000310 0.007648 0.001344 0.010748 0.096941 0.055498 0.034725 0.030074 0.000000 0.000413 
0.111616 0.001137 0.014365 0.050227 0.017569 0.059529 0.040409 0.020256 0.055498 0.054361 0.002997 0.014572 0.001964 0.058082 0.208454 0.097664 0.158020 0.027491 0.000103 0.005684 
0.056440 0.000000 0.000310 0.004755 0.000207 0.130143 0.000413 0.000724 0.005789 0.001034 0.000103 0.001447 0.676039 0.011371 0.007753 0.023982 0.046413 0.033078 0.000000 0.000000 
0.035759 0.000000 0.000000 0.000000 0.452253 0.003617 0.140657 0.040616 0.000000 0.101488 0.065936 0.000000 0.000000 0.000000 0.000000 0.022530 0.001240 0.124122 0.006201 0.005581 
0.038859 0.000207 0.000517 0.014986 0.001137 0.067073 0.011265 0.078855 0.196982 0.001137 0.001240 0.005064 0.000413 0.031108 0.165151 0.010852 0.158537 0.216618 0.000000 0.000000 
0.009301 0.000000 0.000000 0.000000 0.031211 0.000000 0.002377 0.333402 0.000000 0.261472 0.011265 0.031005 0.000103 0.000000 0.000000 0.008785 0.241009 0.069967 0.000103 0.000000 
0.378566 0.000000 0.001033 0.002377 0.000103 0.001654 0.013229 0.000000 0.017156 0.000000 0.000000 0.003927 0.005891 0.000000 0.190988 0.375465 0.009198 0.000207 0.000000 0.000207 
0.007131 0.000827 0.059632 0.031831 0.094564 0.028421 0.028938 0.002170 0.010645 0.096838 0.081645 0.039789 0.000413 0.004341 0.322137 0.031315 0.026147 0.059115 0.000723 0.073377 
0.061906 0.001344 0.004031 0.023047 0.004857 0.402129 0.053741 0.029868 0.008061 0.000827 0.004857 0.016742 0.000000 0.039996 0.249173 0.027801 0.047540 0.006201 0.002274 0.015606 
0.046817 0.000310 0.030798 0.031108 0.010542 0.076375 0.001240 0.020050 0.030178 0.005891 0.000310 0.004134 0.003307 0.005477 0.135697 0.220236 0.296197 0.080819 0.000103 0.000413 
0.010542 0.000413 0.000207 0.008371 0.045060 0.000000 0.008991 0.087950 0.063973 0.199773 0.139004 0.000207 0.000517 0.016019 0.175486 0.009405 0.029764 0.127532 0.016432 0.060356 
0.028421 0.000310 0.069347 0.053431 0.001137 0.017259 0.038446 0.003721 0.113063 0.009095 0.005064 0.058909 0.004754 0.062216 0.036069 0.132183 0.335263 0.013952 0.000207 0.017156 
0.074824 0.028111 0.033278 0.246900 0.011162 0.018809 0.039893 0.012092 0.053535 0.004754 0.002067 0.026767 0.000310 0.059632 0.043510 0.053121 0.225713 0.058495 0.000517 0.006511 
0.224473 0.022013 0.000000 0.000207 0.001137 0.000620 0.004547 0.046093 0.043716 0.007854 0.053845 0.002790 0.000000 0.158020 0.318727 0.011058 0.034725 0.066143 0.000620 0.003411 
0.018706 0.006511 0.166184 0.293820 0.000103 0.007028 0.043510 0.007751 0.052191 0.002894 0.001344 0.017259 0.064800 0.022117 0.055291 0.040099 0.166701 0.031728 0.000000 0.001964 
0.064386 0.005374 0.043406 0.001033 0.008578 0.201013 0.017466 0.014572 0.000000 0.129289 0.010335 0.052811 0.003927 0.000517 0.003927 0.106656 0.074618 0.254651 0.000000 0.007441 
0.028731 0.002894 0.001757 0.000000 0.042373 0.000103 0.000517 0.129392 0.000000 0.206077 0.033485 0.000103 0.001344 0.000000 0.000310 0.028628 0.010438 0.430033 0.053224 0.030591 
0.014679 0.002894 0.017780 0.008786 0.060471 0.001654 0.000930 0.212839 0.004962 0.283957 0.003101 0.000207 0.000310 0.015919 0.042278 0.003308 0.043829 0.201675 0.018710 0.061712 
0.029041 0.026147 0.000000 0.000000 0.018189 0.000620 0.000000 0.146548 0.000000 0.119781 0.000723 0.000000 0.000000 0.000000 0.000000 0.000000 0.006408 0.652129 0.000000 0.000413 
0.055808 0.041546 0.018706 0.243592 0.008165 0.002480 0.039066 0.019016 0.109239 0.018603 0.005994 0.002274 0.001344 0.033588 0.249277 0.018499 0.095804 0.016019 0.000413 0.020566 
0.007028 0.003514 0.000000 0.000000 0.005374 0.077511 0.000000 0.275217 0.000000 0.401095 0.021496 0.000000 0.000000 0.000000 0.000000 0.000000 0.000827 0.204423 0.001964 0.001550 

MOTIF files/output.4.matrix.0_95
letter-probability matrix: alength= 20 w= 30 nsites= 1662 E= 0.000001
0.006020 0.077062 0.002408 0.406984 0.001204 0.000602 0.003010 0.090307 0.001806 0.000602 0.000602 0.000000 0.000602 0.006020 0.007225 0.027092 0.124022 0.243227 0.000602 0.000602 
0.000000 0.000602 0.000000 0.000000 0.000000 0.999398 0.000000 0.000000 0.000000 0.000000 0.000000 0.000000 0.000000 0.000000 0.000000 0.000000 0.000000 0.000000 0.000000 0.000000 
0.001807 0.000000 0.000000 0.000000 0.067470 0.000000 0.005422 0.363855 0.000000 0.134940 0.004217 0.000000 0.000000 0.000000 0.000000 0.000000 0.007831 0.105422 0.257831 0.051205 
0.004819 0.000000 0.000000 0.000000 0.000000 0.987952 0.000000 0.000000 0.000000 0.000000 0.000000 0.000000 0.000000 0.000000 0.000000 0.007229 0.000000 0.000000 0.000000 0.000000 
0.000000 0.000000 0.003012 0.996988 0.000000 0.000000 0.000000 0.000000 0.000000 0.000000 0.000000 0.000000 0.000000 0.000000 0.000000 0.000000 0.000000 0.000000 0.000000 0.000000 
0.588554 0.033133 0.000602 0.000000 0.000602 0.245783 0.000000 0.001205 0.000000 0.010241 0.000000 0.000000 0.000000 0.000000 0.000000 0.074096 0.001205 0.044578 0.000000 0.000000 
0.055422 0.000000 0.000000 0.009036 0.000000 0.010843 0.000000 0.003012 0.000000 0.000000 0.000000 0.000602 0.003012 0.000000 0.000000 0.039157 0.755422 0.123494 0.000000 0.000000 
0.086145 0.000602 0.000000 0.000000 0.000000 0.000000 0.000000 0.003614 0.000000 0.000000 0.002410 0.000000 0.012048 0.000000 0.000000 0.022892 0.824699 0.047590 0.000000 0.000000 
0.000000 0.000000 0.004217 0.004217 0.064458 0.003614 0.000000 0.792771 0.000000 0.036747 0.010241 0.000000 0.057229 0.000000 0.000602 0.001205 0.000000 0.015663 0.000000 0.009036 
0.059639 0.005422 0.003614 0.009036 0.000000 0.842771 0.000602 0.000602 0.001807 0.000000 0.000000 0.000602 0.013855 0.000000 0.003012 0.053012 0.004217 0.001807 0.000000 0.000000 
0.009639 0.000602 0.005422 0.040964 0.003012 0.896988 0.001807 0.000000 0.000000 0.015663 0.000000 0.000602 0.000000 0.001807 0.007831 0.006024 0.005422 0.004217 0.000000 0.000000 
0.012048 0.000000 0.000000 0.000000 0.000000 0.000000 0.000000 0.001205 0.000000 0.718675 0.040964 0.000000 0.218072 0.000000 0.000000 0.000000 0.000000 0.000602 0.000000 0.008434 
0.359639 0.000602 0.009639 0.000000 0.017470 0.057229 0.000000 0.000602 0.001205 0.009639 0.000000 0.124699 0.000000 0.001807 0.031325 0.250602 0.018675 0.006024 0.106024 0.004819 
0.000000 0.000000 0.000000 0.008434 0.001205 0.000000 0.000602 0.000000 0.000000 0.000000 0.000000 0.000000 0.000000 0.000000 0.000000 0.000000 0.000000 0.000000 0.121687 0.868072 
0.048795 0.004819 0.001205 0.000000 0.001807 0.790964 0.000000 0.000602 0.000000 0.003012 0.000000 0.030723 0.000000 0.000000 0.002410 0.056024 0.059036 0.000000 0.000602 0.000000 
0.037952 0.000000 0.059639 0.390361 0.000602 0.103614 0.000000 0.000602 0.000000 0.000000 0.000000 0.114458 0.111446 0.000000 0.000000 0.056627 0.000000 0.079518 0.000000 0.045181 
0.000602 0.000000 0.007229 0.983133 0.000000 0.001205 0.000000 0.000000 0.000000 0.000000 0.000602 0.000000 0.000000 0.003012 0.000000 0.004217 0.000000 0.000000 0.000000 0.000000 
0.000602 0.009639 0.000602 0.000000 0.007229 0.000000 0.000000 0.000000 0.000000 0.000000 0.000000 0.001205 0.000000 0.000000 0.000000 0.881928 0.083735 0.000000 0.001205 0.013855 
0.020482 0.000000 0.000602 0.000000 0.001205 0.000000 0.000602 0.012651 0.000000 0.018675 0.000000 0.005422 0.782530 0.001205 0.001807 0.000602 0.011446 0.142169 0.000000 0.000602 
0.008434 0.000000 0.095181 0.820482 0.000000 0.006627 0.003012 0.000000 0.038554 0.005422 0.001205 0.000000 0.001807 0.002410 0.000602 0.008434 0.004217 0.003012 0.000000 0.000602 
0.131928 0.000000 0.001807 0.000602 0.000000 0.178313 0.000000 0.000000 0.000000 0.000000 0.000000 0.001205 0.000000 0.000000 0.001807 0.548193 0.134940 0.001205 0.000000 0.000000 
0.079566 0.006028 0.002411 0.001206 0.000000 0.000000 0.000000 0.567209 0.000000 0.001206 0.154913 0.007836 0.000000 0.001206 0.000000 0.005425 0.003014 0.169379 0.000000 0.000603 
0.015663 0.000602 0.000000 0.005422 0.002410 0.000000 0.008434 0.019277 0.736145 0.050000 0.003012 0.000602 0.000000 0.052410 0.021687 0.043373 0.000000 0.007831 0.028313 0.004819 
0.215060 0.006024 0.004819 0.012651 0.000602 0.000602 0.077108 0.024096 0.002410 0.194578 0.001205 0.000000 0.001205 0.026506 0.009639 0.139157 0.145783 0.134940 0.000000 0.003614 
0.236747 0.000000 0.000000 0.000000 0.001205 0.000000 0.000000 0.064458 0.001205 0.018675 0.026506 0.503614 0.000000 0.000000 0.000000 0.003012 0.081325 0.063253 0.000000 0.000000 
0.000602 0.001205 0.000000 0.000000 0.001205 0.000000 0.000000 0.778916 0.000000 0.145783 0.007831 0.000000 0.000000 0.000000 0.000000 0.000602 0.002410 0.061446 0.000000 0.000000 
0.006024 0.000000 0.698193 0.106024 0.000000 0.000602 0.000602 0.000000 0.019277 0.002410 0.001807 0.013855 0.000602 0.033735 0.030120 0.003614 0.079518 0.003614 0.000000 0.000000 
0.143976 0.001807 0.054819 0.028313 0.000000 0.015060 0.084940 0.003614 0.040361 0.001807 0.000602 0.030723 0.005422 0.035542 0.106627 0.047590 0.395783 0.003012 0.000000 0.000000 
0.003012 0.000602 0.001205 0.000602 0.077711 0.000000 0.204819 0.002410 0.000000 0.007831 0.000000 0.001807 0.000000 0.003012 0.001205 0.000000 0.002410 0.004217 0.021687 0.667470 
0.000602 0.000602 0.000000 0.000000 0.444311 0.000000 0.000000 0.122216 0.000000 0.404576 0.012643 0.000000 0.000000 0.000000 0.000000 0.000000 0.000000 0.012643 0.000000 0.002408 

MOTIF files/output.4.matrix.0_144
letter-probability matrix: alength= 20 w= 30 nsites= 9104 E= 0.000001
0.351933 0.080404 0.011204 0.009337 0.014170 0.009227 0.005822 0.032403 0.051955 0.018344 0.003844 0.000879 0.151801 0.031964 0.079306 0.074473 0.008128 0.054372 0.002417 0.008018 
0.085567 0.001648 0.128076 0.271309 0.001428 0.095123 0.067553 0.012522 0.045475 0.042069 0.001208 0.029987 0.031195 0.032733 0.037786 0.017245 0.021199 0.002856 0.023946 0.051076 
0.031195 0.002087 0.364565 0.025593 0.004284 0.004613 0.054921 0.000330 0.005053 0.007799 0.004504 0.231656 0.000879 0.160808 0.008128 0.033282 0.046573 0.006151 0.000000 0.007579 
0.088093 0.000659 0.008897 0.027570 0.061621 0.013950 0.023177 0.166410 0.006920 0.140817 0.007250 0.035369 0.043937 0.019991 0.076670 0.011863 0.037786 0.086885 0.084359 0.057777 
0.156525 0.000549 0.196837 0.402021 0.000879 0.029767 0.017904 0.004613 0.019332 0.019003 0.004284 0.010764 0.018673 0.028010 0.019662 0.036687 0.013071 0.017904 0.000110 0.003405 
0.235940 0.003076 0.092377 0.118959 0.001098 0.328757 0.008018 0.001977 0.007359 0.047781 0.015158 0.007579 0.001648 0.012851 0.012192 0.021639 0.009446 0.026142 0.000769 0.047232 
0.018014 0.001318 0.000110 0.004284 0.034380 0.000110 0.068102 0.047671 0.000659 0.443761 0.184315 0.006591 0.000220 0.065466 0.003735 0.002307 0.007140 0.006151 0.010435 0.095233 
0.443981 0.001318 0.013950 0.021090 0.000439 0.025813 0.004174 0.015707 0.159820 0.013620 0.002526 0.000989 0.066784 0.024934 0.125879 0.016696 0.008897 0.052065 0.000659 0.000659 
0.097759 0.000439 0.059644 0.198264 0.032293 0.005602 0.025703 0.005272 0.057228 0.055031 0.002526 0.003405 0.000549 0.069640 0.245057 0.016147 0.025593 0.007799 0.029438 0.062610 
0.015048 0.000000 0.000000 0.000000 0.005931 0.000000 0.000000 0.151362 0.000000 0.558875 0.001977 0.000000 0.000220 0.000000 0.014170 0.000000 0.001318 0.248462 0.000000 0.002636 
0.225176 0.068761 0.001318 0.000659 0.008897 0.008897 0.006591 0.004613 0.069750 0.003625 0.011314 0.053383 0.002526 0.024275 0.173989 0.083480 0.189807 0.044706 0.000220 0.018014 
0.198264 0.001208 0.085237 0.113137 0.012961 0.019332 0.021419 0.003515 0.078976 0.014938 0.004504 0.052504 0.019112 0.130492 0.163335 0.063489 0.009886 0.003625 0.001098 0.002966 
0.085896 0.004504 0.012742 0.037456 0.021859 0.038554 0.109842 0.014170 0.074692 0.067553 0.030097 0.047342 0.001538 0.122803 0.212434 0.060633 0.015158 0.013950 0.000659 0.028120 
0.026582 0.018124 0.000000 0.000220 0.076670 0.028339 0.015598 0.043168 0.000439 0.065026 0.006481 0.010325 0.004504 0.009007 0.006810 0.201230 0.296683 0.144222 0.000330 0.046243 
0.041191 0.001538 0.181019 0.038774 0.002197 0.052614 0.053932 0.031415 0.019112 0.008238 0.001648 0.046683 0.254284 0.036907 0.021419 0.114895 0.066235 0.022737 0.000110 0.005053 
0.047342 0.016916 0.000000 0.000000 0.017794 0.015927 0.000000 0.213972 0.006700 0.157953 0.021090 0.003735 0.012302 0.000989 0.000769 0.001977 0.260215 0.213752 0.000220 0.008348 
0.092267 0.000000 0.003405 0.000000 0.000000 0.000000 0.000000 0.000549 0.007469 0.012302 0.001757 0.001977 0.832601 0.000879 0.023067 0.009446 0.010874 0.003405 0.000000 0.000000 
0.000000 0.000000 0.000000 0.000000 0.000000 0.000000 0.000000 0.659820 0.000000 0.146419 0.037456 0.000000 0.000000 0.000000 0.000000 0.000000 0.004174 0.152131 0.000000 0.000000 
0.514006 0.044161 0.000000 0.000439 0.030210 0.002087 0.000000 0.039438 0.000000 0.043942 0.270241 0.000000 0.000000 0.001208 0.000000 0.025266 0.009008 0.018346 0.000000 0.001648 
0.524165 0.000989 0.000000 0.000000 0.007140 0.034051 0.000000 0.026582 0.000000 0.211665 0.014938 0.000000 0.000000 0.000549 0.000000 0.002856 0.126867 0.050198 0.000000 0.000000 
0.000000 0.000000 0.667838 0.000000 0.000000 0.332162 0.000000 0.000000 0.000000 0.000000 0.000000 0.000000 0.000000 0.000000 0.000000 0.000000 0.000000 0.000000 0.000000 0.000000 
0.000000 0.000000 0.000000 1.000000 0.000000 0.000000 0.000000 0.000000 0.000000 0.000000 0.000000 0.000000 0.000000 0.000000 0.000000 0.000000 0.000000 0.000000 0.000000 0.000000 
0.104789 0.001318 0.020540 0.076230 0.000549 0.030646 0.027900 0.020321 0.011424 0.004284 0.035369 0.057996 0.000110 0.000110 0.175527 0.409051 0.011204 0.012632 0.000000 0.000000 
0.042399 0.073924 0.000000 0.026582 0.021309 0.000110 0.000439 0.165202 0.000000 0.404767 0.074253 0.000769 0.000000 0.000330 0.006041 0.002087 0.000769 0.174209 0.006591 0.000220 
0.048880 0.009337 0.003185 0.041410 0.266696 0.001867 0.088093 0.091938 0.022847 0.006700 0.007799 0.021309 0.002197 0.045475 0.103691 0.012412 0.079306 0.026582 0.010655 0.109622 
0.004064 0.014938 0.030316 0.001977 0.002197 0.200681 0.005272 0.005163 0.031195 0.005382 0.000220 0.034051 0.000330 0.003405 0.086775 0.400044 0.160808 0.012851 0.000000 0.000330 
0.149385 0.008238 0.003844 0.017904 0.031305 0.008568 0.032074 0.052175 0.019552 0.101604 0.016586 0.002197 0.158721 0.001318 0.200351 0.049868 0.009666 0.126977 0.000330 0.009337 
0.084249 0.000879 0.054811 0.160808 0.081393 0.016916 0.054921 0.007469 0.036687 0.015378 0.006481 0.045255 0.007250 0.072166 0.069310 0.062280 0.032074 0.017904 0.127197 0.046573 
0.011533 0.000879 0.615004 0.150813 0.000110 0.049209 0.004613 0.002087 0.001648 0.001977 0.001318 0.010545 0.003735 0.049319 0.004174 0.073155 0.016366 0.002966 0.000000 0.000549 
0.311182 0.016916 0.001428 0.006810 0.201889 0.019112 0.037127 0.053822 0.003844 0.069859 0.033062 0.001538 0.093585 0.008678 0.009227 0.008128 0.007799 0.102922 0.003185 0.009886 

MOTIF files/output.4.matrix.0_166
letter-probability matrix: alength= 20 w= 30 nsites= 3186 E= 0.000001
0.369115 0.000314 0.000000 0.000000 0.000314 0.000314 0.000000 0.016635 0.000000 0.180163 0.020716 0.000000 0.000000 0.000000 0.000942 0.002197 0.038920 0.370370 0.000000 0.000000 
0.000000 0.000000 0.000000 0.000000 0.000000 0.000000 0.000000 0.000000 0.000000 0.000314 0.000000 0.033271 0.000000 0.000000 0.000000 0.000000 0.000000 0.000000 0.445700 0.520716 
0.126805 0.023854 0.000000 0.000000 0.000000 0.048336 0.000000 0.000000 0.000000 0.000000 0.000000 0.000628 0.001255 0.019146 0.019774 0.330508 0.400188 0.029504 0.000000 0.000000 
0.000000 0.000000 0.000000 0.000000 0.000000 0.000000 0.029504 0.000000 0.000000 0.446955 0.000000 0.000000 0.000000 0.000000 0.000628 0.000942 0.031701 0.000000 0.490270 0.000000 
0.472065 0.000628 0.000000 0.000000 0.000000 0.000000 0.000000 0.321720 0.000000 0.005336 0.000314 0.000000 0.000000 0.000000 0.000000 0.000314 0.010044 0.189579 0.000000 0.000000 
0.005336 0.000000 0.000000 0.000000 0.000000 0.517577 0.001883 0.000000 0.000942 0.000000 0.000000 0.028876 0.000314 0.000314 0.000000 0.441933 0.001883 0.000000 0.000000 0.000942 
0.005650 0.000628 0.028876 0.000000 0.000000 0.963905 0.000000 0.000314 0.000000 0.000000 0.000000 0.000000 0.000000 0.000000 0.000000 0.000628 0.000000 0.000000 0.000000 0.000000 
0.012241 0.000942 0.869743 0.013497 0.000000 0.019774 0.000628 0.000000 0.000942 0.000628 0.000000 0.057753 0.000000 0.003453 0.000628 0.003139 0.014124 0.002511 0.000000 0.000000 
0.011927 0.000314 0.014752 0.025424 0.000000 0.002511 0.002511 0.002511 0.007219 0.000942 0.000942 0.001883 0.007219 0.000314 0.441620 0.034840 0.435342 0.007847 0.000000 0.001883 
0.187696 0.000314 0.023540 0.114564 0.002197 0.054614 0.002511 0.026051 0.008161 0.002511 0.000314 0.004394 0.510358 0.029818 0.005964 0.009730 0.006591 0.010672 0.000000 0.000000 
0.232894 0.000628 0.028249 0.046139 0.000000 0.029818 0.007533 0.002197 0.213434 0.001883 0.000628 0.016008 0.000628 0.041745 0.178280 0.167922 0.027935 0.003766 0.000000 0.000314 
0.031701 0.000000 0.784683 0.161331 0.000000 0.005022 0.000628 0.000628 0.000000 0.000628 0.000000 0.006591 0.000000 0.003139 0.002511 0.000942 0.000000 0.002197 0.000000 0.000000 
0.009419 0.000628 0.000000 0.000942 0.000000 0.000000 0.000000 0.459969 0.000000 0.028885 0.001570 0.000000 0.000000 0.000314 0.000000 0.000314 0.122135 0.375824 0.000000 0.000000 
0.506905 0.000000 0.055869 0.142498 0.001255 0.053672 0.000628 0.152542 0.004708 0.012555 0.000628 0.002825 0.000000 0.005022 0.006277 0.005336 0.001569 0.047081 0.000000 0.000628 
0.121783 0.000000 0.124608 0.528249 0.000000 0.005336 0.002511 0.008475 0.020402 0.005964 0.001255 0.062147 0.000000 0.025424 0.056183 0.019460 0.007219 0.010986 0.000000 0.000000 
0.598242 0.000000 0.005336 0.027935 0.000000 0.189266 0.006591 0.000000 0.000314 0.005650 0.010672 0.062461 0.000000 0.071249 0.003453 0.007533 0.001883 0.009416 0.000000 0.000000 
0.376648 0.000000 0.000000 0.276836 0.001883 0.013183 0.008788 0.135279 0.023540 0.012869 0.009730 0.001883 0.000000 0.053358 0.058694 0.001569 0.003139 0.022599 0.000000 0.000000 
0.083490 0.000628 0.004708 0.059950 0.000000 0.004394 0.035782 0.002511 0.372254 0.053045 0.010358 0.010986 0.000000 0.075643 0.226930 0.015066 0.037979 0.005650 0.000628 0.000000 
0.137163 0.001883 0.053672 0.139046 0.001569 0.009102 0.003766 0.003139 0.075330 0.080665 0.326742 0.007219 0.000000 0.032329 0.031387 0.018205 0.060891 0.016635 0.000628 0.000628 
0.093534 0.004708 0.000314 0.000942 0.001883 0.000000 0.001255 0.104206 0.028876 0.457941 0.007219 0.001255 0.000000 0.034526 0.117075 0.000314 0.001569 0.099184 0.000000 0.045198 
0.128414 0.000314 0.135322 0.170487 0.004710 0.004710 0.003454 0.027002 0.065306 0.027316 0.014129 0.000628 0.000000 0.033909 0.128100 0.007849 0.010989 0.233281 0.001256 0.002826 
0.227872 0.000314 0.090395 0.253296 0.000628 0.038606 0.000000 0.033271 0.017263 0.156937 0.008475 0.026051 0.000000 0.059636 0.028249 0.028876 0.015066 0.015066 0.000000 0.000000 
0.077213 0.000000 0.004708 0.019774 0.001255 0.048336 0.003139 0.102637 0.121783 0.029818 0.006591 0.003766 0.000000 0.114878 0.452291 0.009102 0.002197 0.002511 0.000000 0.000000 
0.000000 0.000000 0.000000 0.007847 0.000000 0.554928 0.000628 0.000000 0.001255 0.003766 0.000000 0.000000 0.000000 0.002825 0.427181 0.000314 0.000000 0.000000 0.001255 0.000000 
0.001569 0.000314 0.000000 0.000000 0.466729 0.000000 0.441620 0.002825 0.000000 0.036095 0.002825 0.000000 0.000000 0.000000 0.000000 0.000000 0.000000 0.000000 0.000942 0.047081 
0.003139 0.010986 0.173886 0.004708 0.000000 0.003453 0.010358 0.000000 0.129002 0.008161 0.000314 0.154739 0.000314 0.041117 0.238544 0.019460 0.201507 0.000000 0.000314 0.000000 
0.417137 0.051789 0.022913 0.000314 0.005022 0.000628 0.035154 0.143440 0.000000 0.007847 0.000000 0.000628 0.000000 0.004708 0.014752 0.005336 0.223478 0.066855 0.000000 0.000000 
0.000000 0.015071 0.000000 0.000000 0.594349 0.000000 0.000000 0.108006 0.000000 0.045840 0.000314 0.000000 0.000000 0.000000 0.000000 0.000000 0.000314 0.236107 0.000000 0.000000 
0.000000 0.000000 0.000000 0.000000 0.000000 0.000000 0.000000 0.000000 0.972065 0.000000 0.000000 0.000000 0.000000 0.000000 0.027935 0.000000 0.000000 0.000000 0.000000 0.000000 
0.000000 0.000000 0.000000 0.000000 0.020716 0.000000 0.000000 0.027621 0.000000 0.602323 0.333647 0.000000 0.000000 0.000000 0.000000 0.000000 0.001883 0.013810 0.000000 0.000000 

