MEME version 4

ALPHABET= ACDEFGHIKLMNPQRSTVWY

Background letter frequencies
A 0.1134 C 0.0105 D 0.0638 E 0.0702 F 0.0297 G 0.0889 H 0.0205 I 0.0614 K 0.0495 L 0.0963 
M 0.0246 N 0.0360 P 0.0427 Q 0.0317 R 0.0509 S 0.0508 T 0.0505 V 0.0702 W 0.0129 
Y 0.0257 

MOTIF MEME-46
letter-probability matrix: alength= 20 w= 30 nsites= 3988 E= 0.000000
0.068205 0.000752 0.008526 0.007272 0.000752 0.140923 0.056670 0.095035 0.044885 0.019809 0.004764 0.030843 0.001003 0.024824 0.134152 0.150201 0.005767 0.201103 0.001755 0.002758 
0.041876 0.000000 0.386660 0.080241 0.000000 0.073470 0.005015 0.001755 0.005517 0.030592 0.077733 0.010532 0.194082 0.015797 0.013039 0.041123 0.020562 0.002006 0.000000 0.000000 
0.238716 0.002257 0.068706 0.044383 0.000752 0.034855 0.001505 0.003260 0.008526 0.028586 0.003511 0.000251 0.018054 0.164744 0.019559 0.339017 0.007021 0.012538 0.003260 0.000502 
0.044132 0.000000 0.100802 0.001003 0.006520 0.004514 0.002508 0.155216 0.000502 0.246991 0.002508 0.000251 0.001505 0.355567 0.000251 0.001254 0.010532 0.059178 0.000000 0.006770 
0.071214 0.001755 0.042126 0.391174 0.007523 0.011033 0.003260 0.006520 0.002006 0.333751 0.004764 0.012287 0.028586 0.036359 0.023069 0.010030 0.004514 0.000752 0.001003 0.008275 
0.112839 0.001505 0.021565 0.021063 0.001003 0.053912 0.010030 0.010030 0.101555 0.004012 0.001003 0.060431 0.009779 0.036108 0.385657 0.118606 0.015547 0.032598 0.000502 0.002257 
0.018806 0.000752 0.015797 0.003260 0.001505 0.426530 0.001254 0.004012 0.000251 0.002006 0.030090 0.003260 0.013541 0.001755 0.006269 0.006520 0.004263 0.103310 0.356820 0.000000 
0.062187 0.001254 0.001505 0.009278 0.112839 0.005015 0.000000 0.237462 0.000502 0.451354 0.038365 0.000502 0.004764 0.000000 0.000752 0.013290 0.005266 0.054413 0.000251 0.001003 
0.008024 0.000000 0.095537 0.006770 0.000000 0.384403 0.000502 0.000251 0.000251 0.050903 0.000000 0.008526 0.000000 0.000502 0.002257 0.151705 0.289619 0.000502 0.000251 0.000000 
0.007272 0.000251 0.000251 0.000000 0.002006 0.001755 0.008275 0.010281 0.029840 0.009529 0.000000 0.000000 0.456871 0.002006 0.466650 0.001505 0.000251 0.000000 0.003260 0.000000 
0.069208 0.000000 0.135406 0.550150 0.002508 0.006770 0.019809 0.008275 0.027081 0.009779 0.010532 0.003260 0.003511 0.045386 0.034353 0.045135 0.022066 0.005015 0.000251 0.001505 
0.152708 0.000000 0.094534 0.162989 0.000502 0.024072 0.007523 0.000502 0.369860 0.001254 0.002508 0.001254 0.000502 0.137161 0.008776 0.009027 0.021815 0.004514 0.000000 0.000502 
0.072718 0.000000 0.000000 0.000000 0.000000 0.348796 0.000000 0.011535 0.000502 0.519308 0.003260 0.000000 0.000000 0.000000 0.000251 0.006520 0.000251 0.036861 0.000000 0.000000 
0.140672 0.000502 0.000000 0.000251 0.043380 0.002758 0.002257 0.034353 0.003009 0.078485 0.011284 0.002508 0.001755 0.417252 0.014794 0.000752 0.001003 0.232447 0.000000 0.012538 
0.063691 0.001003 0.058175 0.061936 0.002006 0.008526 0.025827 0.179288 0.138917 0.010532 0.127131 0.006018 0.005767 0.081996 0.054664 0.079739 0.073470 0.020812 0.000251 0.000251 
0.107823 0.000000 0.006018 0.003511 0.000251 0.001003 0.348044 0.123872 0.003260 0.260281 0.004263 0.000752 0.000000 0.018556 0.060431 0.009529 0.006269 0.045888 0.000000 0.000251 
0.000000 0.000000 0.000000 0.000000 0.001003 0.000000 0.000000 0.042126 0.000000 0.682046 0.271815 0.000000 0.000000 0.000000 0.000000 0.000000 0.000000 0.003009 0.000000 0.000000 
0.353310 0.000000 0.000000 0.011033 0.000000 0.010281 0.003761 0.000000 0.038365 0.001755 0.000752 0.001003 0.465898 0.067452 0.013039 0.021063 0.011284 0.000502 0.000000 0.000502 
0.423771 0.002508 0.000000 0.003009 0.000000 0.015797 0.001003 0.083501 0.002508 0.056169 0.025075 0.004514 0.118857 0.006018 0.032849 0.009779 0.190822 0.023821 0.000000 0.000000 
0.077482 0.002758 0.000000 0.000000 0.000000 0.812939 0.000752 0.000000 0.012538 0.000000 0.000000 0.001003 0.000000 0.000000 0.080491 0.012036 0.000000 0.000000 0.000000 0.000000 
0.908726 0.000251 0.000000 0.000000 0.000000 0.035858 0.000000 0.000000 0.000000 0.000000 0.000000 0.000251 0.002006 0.000000 0.000000 0.051404 0.001254 0.000251 0.000000 0.000000 
0.633902 0.009779 0.000000 0.000000 0.000000 0.002508 0.000000 0.043631 0.000000 0.023571 0.001755 0.000000 0.001755 0.000000 0.000000 0.001505 0.000752 0.280843 0.000000 0.000000 
0.000752 0.000000 0.100050 0.000000 0.000251 0.000000 0.000251 0.047392 0.000000 0.029589 0.007523 0.000000 0.000000 0.000000 0.543129 0.002508 0.000502 0.268054 0.000000 0.000000 
0.000000 0.005769 0.000000 0.000000 0.001254 0.000000 0.001003 0.033358 0.000000 0.061951 0.005267 0.886381 0.000000 0.000000 0.000000 0.003762 0.000752 0.000000 0.000000 0.000502 
0.886882 0.000000 0.000000 0.000000 0.000000 0.004013 0.000000 0.085528 0.000000 0.003261 0.000000 0.000000 0.000000 0.000000 0.000000 0.000502 0.000502 0.019313 0.000000 0.000000 
0.082769 0.000000 0.000000 0.000000 0.006270 0.000752 0.000000 0.125408 0.000000 0.317030 0.006521 0.099574 0.000000 0.000000 0.000251 0.000752 0.001003 0.359669 0.000000 0.000000 
0.000000 0.000000 0.542513 0.000000 0.001505 0.000000 0.000000 0.099574 0.000000 0.000000 0.000000 0.000000 0.002508 0.000000 0.000000 0.000000 0.000000 0.000000 0.353900 0.000000 
0.009027 0.474674 0.357322 0.000000 0.000000 0.000752 0.000000 0.000000 0.099549 0.000251 0.000000 0.000251 0.000000 0.000000 0.000000 0.056670 0.000251 0.001003 0.000251 0.000000 
0.544383 0.000000 0.000000 0.000000 0.000000 0.000000 0.000000 0.008526 0.000000 0.432548 0.013039 0.000000 0.000000 0.000000 0.000000 0.000502 0.000000 0.000752 0.000251 0.000000 
0.098044 0.001003 0.000000 0.000000 0.027332 0.000000 0.000752 0.004263 0.020812 0.524072 0.120612 0.000000 0.000000 0.000000 0.011284 0.000752 0.003009 0.006269 0.159228 0.022568 

MOTIF MEME-47
letter-probability matrix: alength= 20 w= 30 nsites= 3003 E= 0.000000
0.343323 0.000000 0.002997 0.007326 0.000000 0.000000 0.000000 0.000000 0.000000 0.000666 0.000000 0.000333 0.000000 0.000000 0.000000 0.644356 0.000999 0.000000 0.000000 0.000000 
0.002664 0.000333 0.000000 0.000000 0.010323 0.000333 0.024642 0.000000 0.005994 0.002664 0.000000 0.013653 0.000000 0.000000 0.895771 0.003330 0.027639 0.000333 0.000999 0.011322 
0.002331 0.000000 0.007992 0.032967 0.001665 0.873127 0.000666 0.000333 0.002664 0.000000 0.000000 0.003330 0.000000 0.006660 0.000000 0.041958 0.000999 0.000000 0.000000 0.025308 
0.116217 0.000000 0.005328 0.004662 0.000000 0.000000 0.000333 0.026307 0.001332 0.000999 0.000333 0.006660 0.000000 0.000666 0.005661 0.564436 0.153180 0.113220 0.000000 0.000666 
0.002664 0.000666 0.000666 0.003663 0.000333 0.000000 0.010989 0.027972 0.201798 0.078255 0.044955 0.000999 0.000000 0.007326 0.536131 0.011322 0.049950 0.002997 0.001332 0.017982 
0.049284 0.000333 0.046953 0.012654 0.000000 0.001332 0.012321 0.003330 0.019314 0.007659 0.000333 0.031635 0.004662 0.001665 0.031968 0.241092 0.529804 0.001332 0.000000 0.004329 
0.084582 0.000333 0.007659 0.556111 0.023976 0.004995 0.056610 0.007326 0.010989 0.001665 0.002331 0.002664 0.000000 0.062937 0.011322 0.033300 0.100566 0.029637 0.000333 0.002664 
0.534466 0.068598 0.000000 0.001332 0.001998 0.000333 0.003996 0.010989 0.098235 0.001332 0.000000 0.007992 0.000000 0.050283 0.069597 0.014985 0.056610 0.075591 0.000000 0.003663 
0.015984 0.014985 0.134532 0.183150 0.000000 0.005661 0.121212 0.004329 0.103230 0.002997 0.000000 0.016317 0.061272 0.019647 0.139527 0.037962 0.074259 0.061938 0.000000 0.002997 
0.042291 0.001665 0.023643 0.000000 0.000333 0.019314 0.003330 0.011988 0.000000 0.005328 0.001332 0.048618 0.000000 0.000000 0.005661 0.029304 0.150183 0.657010 0.000000 0.000000 
0.003663 0.000333 0.000000 0.000000 0.024642 0.000666 0.000000 0.119547 0.000000 0.131868 0.006327 0.000000 0.000000 0.000000 0.000333 0.000333 0.000999 0.623710 0.066600 0.020979 
0.004329 0.003330 0.000000 0.010989 0.078921 0.001998 0.001332 0.068265 0.012321 0.057276 0.003330 0.000333 0.000333 0.028638 0.118548 0.005661 0.128205 0.404262 0.054945 0.016983 
0.072261 0.084582 0.000000 0.000000 0.001998 0.000000 0.000000 0.062604 0.000000 0.099234 0.000333 0.000000 0.000333 0.000000 0.000000 0.000000 0.007659 0.670996 0.000000 0.000000 
0.049617 0.003996 0.000999 0.435564 0.003663 0.002997 0.007992 0.038961 0.049284 0.004995 0.002997 0.001332 0.000000 0.017982 0.078921 0.031968 0.220779 0.032634 0.000333 0.014985 
0.004662 0.009657 0.000000 0.000000 0.001665 0.000999 0.000000 0.387612 0.000000 0.439893 0.003663 0.000000 0.000000 0.000000 0.000000 0.000000 0.000000 0.147852 0.000000 0.003996 
0.027306 0.004662 0.019980 0.551782 0.005661 0.024642 0.014319 0.006327 0.018315 0.004329 0.001332 0.006993 0.000000 0.029637 0.054279 0.125208 0.085248 0.015651 0.000333 0.003996 
0.021978 0.004329 0.167499 0.367965 0.003330 0.009990 0.123543 0.001332 0.031302 0.013320 0.000000 0.016650 0.000000 0.105894 0.040626 0.036630 0.009657 0.007659 0.000333 0.037962 
0.023643 0.000333 0.247086 0.229770 0.000666 0.237762 0.008325 0.000333 0.018981 0.022311 0.000999 0.115884 0.001998 0.033966 0.040959 0.015984 0.000333 0.000000 0.000000 0.000666 
0.019314 0.002331 0.071595 0.046620 0.000999 0.727606 0.005328 0.008325 0.007326 0.002664 0.000000 0.038628 0.004995 0.003663 0.010323 0.021312 0.021645 0.006660 0.000000 0.000666 
0.049634 0.005663 0.001332 0.014990 0.087941 0.006995 0.076282 0.204530 0.086942 0.070286 0.045303 0.016322 0.000333 0.014990 0.025650 0.007995 0.014990 0.245836 0.002665 0.021319 
0.020979 0.006993 0.001665 0.060939 0.012321 0.000999 0.016983 0.119880 0.280053 0.011655 0.003663 0.000666 0.000000 0.031635 0.086913 0.069930 0.179820 0.083583 0.001332 0.009990 
0.105561 0.000000 0.000000 0.000000 0.001665 0.889777 0.000000 0.000000 0.000000 0.000000 0.000000 0.000000 0.000000 0.000000 0.000000 0.001665 0.000000 0.000666 0.000000 0.000666 
0.007992 0.003663 0.000000 0.002997 0.035298 0.000333 0.041958 0.131202 0.002997 0.027306 0.007659 0.000333 0.000666 0.088245 0.194805 0.008325 0.110223 0.134865 0.100899 0.100233 
0.009657 0.000000 0.000000 0.000000 0.000000 0.988678 0.000000 0.000000 0.000000 0.000000 0.000000 0.000000 0.000000 0.000000 0.000000 0.001332 0.000000 0.000333 0.000000 0.000000 
0.004662 0.000000 0.000000 0.993340 0.000000 0.001998 0.000000 0.000000 0.000000 0.000000 0.000000 0.000000 0.000000 0.000000 0.000000 0.000000 0.000000 0.000000 0.000000 0.000000 
0.193473 0.718948 0.000000 0.000000 0.000000 0.025308 0.000000 0.001998 0.000000 0.000333 0.000666 0.000000 0.000000 0.000000 0.000000 0.029304 0.014652 0.015318 0.000000 0.000000 
0.042291 0.002664 0.000000 0.000000 0.000333 0.079587 0.000000 0.001998 0.000333 0.001998 0.000333 0.006993 0.003996 0.000000 0.001332 0.084582 0.467865 0.305694 0.000000 0.000000 
0.045954 0.000333 0.000333 0.002664 0.000000 0.012654 0.000000 0.045954 0.000000 0.033966 0.036297 0.000333 0.751249 0.000000 0.000333 0.029304 0.032634 0.007992 0.000000 0.000000 
0.005661 0.000333 0.001665 0.002331 0.078588 0.003663 0.000333 0.030636 0.000000 0.082584 0.004662 0.040293 0.033966 0.000000 0.000333 0.042624 0.039627 0.012987 0.000000 0.619714 
0.212454 0.000666 0.019314 0.011322 0.000000 0.027639 0.003663 0.002331 0.039294 0.007659 0.004995 0.004329 0.464535 0.003663 0.099234 0.045954 0.013320 0.022977 0.000000 0.016650 

MOTIF MEME-50
letter-probability matrix: alength= 20 w= 30 nsites= 8128 E= 0.000000
0.021287 0.000000 0.000246 0.000000 0.000000 0.000000 0.000000 0.000000 0.000000 0.000000 0.000000 0.974529 0.000000 0.000000 0.003937 0.000000 0.000000 0.000000 0.000000 0.000000 
0.028793 0.017227 0.000000 0.275748 0.000000 0.163160 0.000246 0.000000 0.000492 0.000123 0.023133 0.021779 0.000000 0.402362 0.060170 0.000246 0.005045 0.000123 0.000000 0.001354 
0.378568 0.000615 0.000369 0.000000 0.000123 0.226747 0.000615 0.008366 0.007136 0.003814 0.002215 0.004429 0.000000 0.040723 0.075172 0.144439 0.003322 0.092151 0.000000 0.011196 
0.019685 0.000246 0.000000 0.000000 0.097933 0.000000 0.000000 0.000000 0.000000 0.013656 0.000000 0.000000 0.000000 0.000000 0.000000 0.000615 0.000000 0.000000 0.852239 0.015625 
0.020177 0.000615 0.246063 0.064345 0.000492 0.023868 0.037525 0.000984 0.007628 0.003199 0.000615 0.050197 0.009104 0.041708 0.068652 0.222810 0.180487 0.001230 0.000123 0.020177 
0.139395 0.000369 0.019193 0.189592 0.020054 0.026944 0.002092 0.013656 0.006152 0.052411 0.002953 0.011319 0.124508 0.003937 0.077264 0.035679 0.031865 0.224779 0.004921 0.012918 
0.153439 0.000246 0.147041 0.248677 0.004799 0.052295 0.006275 0.003937 0.030516 0.102006 0.003445 0.022518 0.061154 0.025963 0.020918 0.058693 0.044666 0.009844 0.001107 0.002461 
0.027070 0.001600 0.136213 0.297404 0.000615 0.113326 0.003937 0.004430 0.003568 0.014889 0.002707 0.053525 0.010828 0.119970 0.015750 0.011320 0.126246 0.056109 0.000246 0.000246 
0.611665 0.026455 0.019687 0.000000 0.006768 0.012428 0.000123 0.026332 0.000000 0.208810 0.001354 0.000123 0.000000 0.000123 0.000000 0.020180 0.021779 0.010951 0.000123 0.033100 
0.214593 0.002338 0.014643 0.064353 0.004922 0.004799 0.009352 0.269718 0.018580 0.130922 0.031869 0.003814 0.014273 0.031992 0.039498 0.010213 0.016611 0.107297 0.009721 0.000492 
0.204011 0.000246 0.100529 0.143103 0.006029 0.015627 0.031500 0.007875 0.059555 0.011074 0.001354 0.014643 0.016857 0.038144 0.208810 0.044297 0.052664 0.009228 0.017719 0.016734 
0.135245 0.004184 0.000123 0.005292 0.047256 0.092419 0.026951 0.017229 0.070761 0.091312 0.072976 0.058577 0.000000 0.006030 0.136599 0.003446 0.011568 0.040364 0.137214 0.042456 
0.061024 0.200172 0.000861 0.000615 0.042446 0.047613 0.000492 0.123770 0.001107 0.261319 0.117618 0.000000 0.000246 0.004675 0.000246 0.024114 0.020792 0.091905 0.000000 0.000984 
0.124262 0.000369 0.038017 0.069144 0.001353 0.022638 0.022638 0.004921 0.116511 0.006767 0.000984 0.047490 0.109375 0.191806 0.179257 0.023745 0.034818 0.005167 0.000123 0.000615 
0.222810 0.006152 0.009719 0.106176 0.009104 0.014149 0.040477 0.028543 0.053765 0.139887 0.017470 0.002338 0.004429 0.119464 0.133243 0.009966 0.018824 0.040723 0.021284 0.001476 
0.031742 0.030758 0.000000 0.000000 0.036171 0.000123 0.000000 0.011196 0.000000 0.820128 0.045645 0.000000 0.000000 0.000000 0.000000 0.000984 0.008120 0.010089 0.002830 0.002215 
0.516732 0.000861 0.047244 0.108022 0.000861 0.050566 0.007628 0.007013 0.035187 0.014149 0.000369 0.007013 0.009350 0.068406 0.013041 0.063484 0.009227 0.040354 0.000000 0.000492 
0.113449 0.000615 0.305525 0.214224 0.047373 0.023502 0.008367 0.000615 0.040605 0.007998 0.000492 0.007875 0.096469 0.048234 0.048234 0.016119 0.012920 0.006275 0.000861 0.000246 
0.156496 0.007136 0.003322 0.005906 0.220349 0.046137 0.020054 0.014272 0.003568 0.296506 0.022023 0.048597 0.002830 0.008735 0.006890 0.007997 0.004183 0.022392 0.003568 0.099040 
0.009966 0.001969 0.172490 0.027805 0.000000 0.466905 0.013533 0.000369 0.075910 0.000246 0.000123 0.129183 0.010458 0.034326 0.041954 0.009350 0.004306 0.000369 0.000000 0.000738 
0.002830 0.027682 0.000000 0.000000 0.003445 0.000246 0.000000 0.259104 0.000000 0.184424 0.000246 0.000000 0.156619 0.000000 0.000246 0.000000 0.000000 0.364542 0.000000 0.000615 
0.214075 0.000492 0.132136 0.186024 0.020177 0.003445 0.092643 0.032480 0.012918 0.033588 0.010089 0.001599 0.000000 0.020300 0.004060 0.039001 0.049705 0.039370 0.070743 0.037156 
0.020423 0.000615 0.000000 0.000369 0.133858 0.000246 0.002461 0.005782 0.000000 0.307702 0.200172 0.000000 0.000123 0.000984 0.000123 0.087352 0.000000 0.006275 0.139149 0.094365 
0.036294 0.009227 0.000000 0.000000 0.011319 0.000000 0.000000 0.571604 0.000000 0.165477 0.003937 0.000000 0.000000 0.000000 0.000000 0.000492 0.000000 0.200787 0.000000 0.000861 
0.000000 0.000000 0.000000 1.000000 0.000000 0.000000 0.000000 0.000000 0.000000 0.000000 0.000000 0.000000 0.000000 0.000000 0.000000 0.000000 0.000000 0.000000 0.000000 0.000000 
0.000123 0.000000 0.010581 0.258489 0.000000 0.000000 0.000246 0.000000 0.000000 0.000000 0.000000 0.000000 0.000000 0.730561 0.000000 0.000000 0.000000 0.000000 0.000000 0.000000 
0.001230 0.000000 0.000000 0.000000 0.000000 0.000000 0.000000 0.000000 0.000000 0.013903 0.000000 0.000000 0.984867 0.000000 0.000000 0.000000 0.000000 0.000000 0.000000 0.000000 
0.000492 0.086625 0.000000 0.000000 0.023625 0.000000 0.000000 0.156269 0.000000 0.390058 0.009967 0.000000 0.000000 0.000123 0.000000 0.001600 0.199336 0.131660 0.000246 0.000000 
0.180655 0.001969 0.044302 0.005046 0.001600 0.008491 0.006768 0.004430 0.062392 0.005661 0.003200 0.007630 0.359956 0.014152 0.057593 0.229264 0.002461 0.004061 0.000246 0.000123 
0.410976 0.007752 0.023379 0.006029 0.001846 0.015627 0.008859 0.033715 0.022641 0.002215 0.001969 0.007752 0.204134 0.056724 0.092531 0.042943 0.031746 0.023625 0.001477 0.004061 

MOTIF MEME-53
letter-probability matrix: alength= 20 w= 30 nsites= 7471 E= 0.000000
0.052871 0.005889 0.000000 0.000000 0.008566 0.000000 0.000000 0.187793 0.000402 0.231294 0.005488 0.000000 0.002008 0.001606 0.000268 0.000803 0.163298 0.333556 0.000000 0.006157 
0.118592 0.000937 0.004016 0.000402 0.000000 0.002008 0.000803 0.003212 0.008299 0.041494 0.001472 0.001874 0.728149 0.002409 0.048856 0.023959 0.009503 0.003882 0.000000 0.000134 
0.000000 0.000000 0.000000 0.000000 0.017668 0.000000 0.000000 0.601124 0.000000 0.127158 0.007362 0.000000 0.000000 0.000268 0.000000 0.000134 0.004149 0.242136 0.000000 0.000000 
0.214859 0.305355 0.000000 0.000402 0.034003 0.004016 0.000000 0.030120 0.000000 0.053280 0.334538 0.000000 0.000000 0.000000 0.000000 0.000402 0.001473 0.019946 0.000000 0.001606 
0.883416 0.000000 0.000000 0.000000 0.000000 0.006023 0.000000 0.028644 0.000000 0.057020 0.001071 0.000000 0.000000 0.000000 0.000000 0.002275 0.000402 0.021148 0.000000 0.000000 
0.000000 0.000000 1.000000 0.000000 0.000000 0.000000 0.000000 0.000000 0.000000 0.000000 0.000000 0.000000 0.000000 0.000000 0.000000 0.000000 0.000000 0.000000 0.000000 0.000000 
0.000000 0.000000 0.000402 0.999598 0.000000 0.000000 0.000000 0.000000 0.000000 0.000000 0.000000 0.000000 0.000000 0.000000 0.000000 0.000000 0.000000 0.000000 0.000000 0.000000 
0.128229 0.001740 0.002142 0.000134 0.000000 0.036407 0.000000 0.008165 0.000000 0.004149 0.000535 0.005756 0.000000 0.000000 0.000000 0.793468 0.007228 0.012047 0.000000 0.000000 
0.045242 0.278008 0.000000 0.000000 0.005756 0.000134 0.000000 0.227680 0.000000 0.165038 0.004417 0.000000 0.000000 0.000000 0.000000 0.001874 0.000402 0.271450 0.000000 0.000000 
0.041226 0.015393 0.002543 0.050060 0.152456 0.003480 0.321108 0.008700 0.027841 0.013251 0.008433 0.006826 0.007763 0.054210 0.188997 0.009370 0.051399 0.020613 0.009503 0.006826 
0.012582 0.017802 0.092759 0.009905 0.001339 0.148307 0.019542 0.001339 0.064918 0.004551 0.000000 0.023424 0.000535 0.001472 0.102396 0.195690 0.292196 0.010842 0.000000 0.000402 
0.221925 0.004283 0.002677 0.012314 0.013519 0.004149 0.011377 0.008968 0.008165 0.104671 0.004952 0.000134 0.203320 0.001740 0.200509 0.073350 0.034266 0.081114 0.000134 0.008433 
0.144311 0.000402 0.087818 0.245649 0.005756 0.042035 0.038688 0.006292 0.049531 0.011513 0.006693 0.011513 0.006426 0.060910 0.068139 0.140964 0.026774 0.023025 0.000134 0.023427 
0.003079 0.000000 0.613439 0.055950 0.000134 0.012047 0.003748 0.000268 0.000535 0.000134 0.000535 0.059296 0.000000 0.073752 0.002008 0.163967 0.010574 0.000535 0.000000 0.000000 
0.329541 0.002409 0.000000 0.000000 0.003882 0.021952 0.000000 0.059831 0.000000 0.297952 0.033998 0.000000 0.142417 0.000000 0.000000 0.004952 0.004685 0.098113 0.000000 0.000268 
0.098126 0.000268 0.025837 0.044444 0.128514 0.002008 0.022624 0.032530 0.087952 0.198394 0.034806 0.002945 0.088086 0.020616 0.057831 0.026774 0.021553 0.025167 0.001071 0.080455 
0.215634 0.001071 0.045643 0.116450 0.000669 0.049257 0.025030 0.000402 0.108152 0.010708 0.001740 0.032392 0.008968 0.076429 0.229287 0.042029 0.019944 0.012180 0.000669 0.003346 
0.052603 0.021282 0.000535 0.015393 0.004819 0.001874 0.001606 0.155133 0.000000 0.527774 0.004551 0.000134 0.000000 0.000803 0.001071 0.000803 0.000402 0.207603 0.001071 0.002543 
0.362201 0.004685 0.002811 0.004685 0.005086 0.004149 0.012314 0.131709 0.095302 0.081515 0.006826 0.003212 0.001339 0.009370 0.072681 0.008834 0.017936 0.162361 0.000000 0.012984 
0.074555 0.004016 0.068130 0.049926 0.000134 0.251104 0.012047 0.001472 0.106679 0.020078 0.003346 0.018873 0.005756 0.123411 0.196761 0.022085 0.020479 0.020345 0.000000 0.000803 
0.147638 0.013117 0.032793 0.064784 0.002945 0.061571 0.018204 0.014054 0.081917 0.110159 0.032392 0.029447 0.000000 0.042297 0.261277 0.033195 0.030652 0.016464 0.000402 0.006693 
0.024629 0.008433 0.034801 0.044706 0.032258 0.248427 0.057288 0.002543 0.019542 0.000000 0.000402 0.038014 0.000535 0.033463 0.125017 0.008299 0.001071 0.023156 0.000000 0.297417 
0.404497 0.014857 0.171865 0.127560 0.023558 0.064918 0.016062 0.001874 0.000000 0.015661 0.000134 0.002142 0.000000 0.019141 0.004685 0.067461 0.019944 0.003346 0.016062 0.026235 
0.537813 0.060501 0.000000 0.000134 0.006425 0.067996 0.001205 0.018204 0.000134 0.004685 0.182439 0.000669 0.000000 0.000000 0.014991 0.014188 0.018471 0.070004 0.000000 0.002142 
0.012718 0.000669 0.451272 0.002677 0.000402 0.040161 0.015127 0.129317 0.002276 0.000937 0.000000 0.016198 0.011379 0.009237 0.014726 0.054752 0.016332 0.221687 0.000000 0.000134 
0.049665 0.001473 0.000000 0.000000 0.007631 0.008568 0.003882 0.116466 0.028782 0.113655 0.017537 0.362383 0.000000 0.000000 0.001473 0.004284 0.003079 0.259036 0.000937 0.021151 
0.089023 0.000134 0.000000 0.000000 0.176975 0.000803 0.000000 0.510040 0.000000 0.071620 0.004953 0.000000 0.000000 0.000000 0.000000 0.000000 0.000134 0.118206 0.001071 0.027041 
0.177510 0.001606 0.000000 0.000000 0.000000 0.000669 0.000000 0.023025 0.364793 0.000000 0.000803 0.256359 0.000000 0.000000 0.000000 0.035743 0.000803 0.138688 0.000000 0.000000 
0.000402 0.000535 0.000000 0.000000 0.000402 0.000000 0.000000 0.301298 0.000000 0.545710 0.003614 0.000000 0.000268 0.000000 0.000000 0.000000 0.000402 0.146968 0.000000 0.000402 
0.007228 0.000134 0.293267 0.000937 0.000000 0.000134 0.000000 0.000134 0.634855 0.001339 0.057556 0.000000 0.000268 0.000134 0.000402 0.000134 0.000535 0.002811 0.000000 0.000134 

MOTIF MEME-72
letter-probability matrix: alength= 20 w= 30 nsites= 4110 E= 0.000000
0.048418 0.000243 0.000000 0.000000 0.000000 0.114842 0.000000 0.000000 0.000000 0.000000 0.000000 0.000000 0.001460 0.000000 0.000000 0.361314 0.473236 0.000000 0.000000 0.000487 
0.010949 0.001703 0.000973 0.000730 0.001946 0.001217 0.000000 0.097810 0.000000 0.013139 0.039416 0.022384 0.000000 0.000730 0.001217 0.651095 0.039173 0.117275 0.000000 0.000243 
0.057908 0.047932 0.000000 0.000000 0.000000 0.038443 0.001946 0.020438 0.000000 0.382238 0.009489 0.027007 0.000000 0.000000 0.206326 0.069343 0.091971 0.044526 0.002433 0.000000 
0.709976 0.000487 0.000000 0.000000 0.033333 0.137226 0.000000 0.000000 0.000000 0.012895 0.001703 0.000000 0.000487 0.009732 0.000000 0.088078 0.003893 0.002190 0.000000 0.000000 
0.187591 0.004136 0.000000 0.000000 0.001460 0.005109 0.000000 0.352311 0.000000 0.013625 0.289781 0.036010 0.000000 0.000243 0.000000 0.033090 0.007786 0.068856 0.000000 0.000000 
0.506083 0.006326 0.000243 0.028710 0.000487 0.064477 0.000973 0.003893 0.006083 0.017762 0.001460 0.007786 0.000000 0.002190 0.078345 0.193431 0.042336 0.038929 0.000000 0.000487 
0.463990 0.001946 0.000000 0.002676 0.000000 0.002920 0.228710 0.000000 0.000000 0.000000 0.000000 0.001703 0.274453 0.003650 0.000000 0.018005 0.000973 0.000730 0.000000 0.000243 
0.653041 0.000000 0.000000 0.000000 0.095620 0.023601 0.000243 0.036010 0.000000 0.162774 0.007786 0.000000 0.000000 0.000487 0.000000 0.005839 0.003406 0.011192 0.000000 0.000000 
0.384185 0.015328 0.000000 0.000000 0.039416 0.002190 0.003406 0.007299 0.000000 0.317762 0.043066 0.000000 0.000000 0.000487 0.000000 0.026277 0.033090 0.113139 0.004380 0.009976 
0.197324 0.020438 0.000000 0.000487 0.005109 0.003406 0.094404 0.015572 0.002190 0.212409 0.006813 0.003163 0.287835 0.091727 0.003650 0.009246 0.002433 0.041606 0.000000 0.002190 
0.145012 0.002676 0.000000 0.000000 0.023601 0.068370 0.000000 0.086861 0.000000 0.480049 0.000973 0.000000 0.000973 0.000000 0.000000 0.060827 0.003163 0.127007 0.000000 0.000487 
0.431144 0.007786 0.000000 0.000973 0.004136 0.037713 0.063504 0.012895 0.070560 0.063260 0.021898 0.010219 0.000000 0.030657 0.012409 0.057908 0.047202 0.120438 0.000000 0.007299 
0.064964 0.000000 0.022384 0.005596 0.000000 0.087835 0.003406 0.002190 0.048905 0.007299 0.001703 0.029440 0.431630 0.203893 0.023114 0.028710 0.011192 0.027494 0.000000 0.000243 
0.069343 0.030657 0.038686 0.007786 0.009489 0.135280 0.011679 0.028710 0.014112 0.161800 0.008516 0.166180 0.003406 0.216545 0.040389 0.016545 0.013382 0.017032 0.001703 0.008759 
0.385401 0.040146 0.001703 0.000243 0.054745 0.001460 0.000000 0.157178 0.000243 0.052311 0.007056 0.000000 0.000000 0.000000 0.000000 0.026764 0.028224 0.244526 0.000000 0.000000 
0.044039 0.001946 0.255718 0.069830 0.001703 0.001946 0.046229 0.006326 0.057178 0.006083 0.006083 0.013139 0.000973 0.014599 0.183698 0.153771 0.123358 0.011192 0.000000 0.002190 
0.005353 0.000000 0.000487 0.000487 0.415815 0.000000 0.029927 0.035766 0.030900 0.013625 0.006569 0.000000 0.000000 0.000243 0.073479 0.000000 0.000730 0.104866 0.080779 0.200973 
0.296350 0.012165 0.000000 0.000000 0.083942 0.000243 0.012652 0.082725 0.000000 0.041606 0.002676 0.002433 0.006813 0.000000 0.000000 0.007543 0.039416 0.391727 0.000000 0.019708 
0.000000 0.000000 0.999513 0.000000 0.000000 0.000000 0.000487 0.000000 0.000000 0.000000 0.000000 0.000000 0.000000 0.000000 0.000000 0.000000 0.000000 0.000000 0.000000 0.000000 
0.000487 0.000243 0.000000 0.000000 0.056691 0.000000 0.000000 0.012165 0.000000 0.896350 0.029927 0.000000 0.000000 0.000000 0.000000 0.000000 0.000000 0.004136 0.000000 0.000000 
0.000000 0.000000 1.000000 0.000000 0.000000 0.000000 0.000000 0.000000 0.000000 0.000000 0.000000 0.000000 0.000000 0.000000 0.000000 0.000000 0.000000 0.000000 0.000000 0.000000 
0.144769 0.000730 0.000000 0.000000 0.000000 0.735036 0.000000 0.000000 0.000000 0.000000 0.000000 0.000000 0.009002 0.000000 0.000000 0.060827 0.043552 0.006083 0.000000 0.000000 
0.083698 0.002433 0.000487 0.000000 0.002920 0.001217 0.082482 0.014112 0.000000 0.000000 0.000000 0.040146 0.722628 0.000487 0.000000 0.035280 0.012165 0.001703 0.000000 0.000243 
0.010462 0.001460 0.003893 0.002433 0.044282 0.000243 0.000243 0.040389 0.000000 0.556691 0.014112 0.007056 0.000000 0.000000 0.001217 0.007056 0.210462 0.080292 0.014599 0.005109 
0.001217 0.000487 0.012655 0.002920 0.027257 0.011438 0.000730 0.003164 0.000000 0.498418 0.080798 0.036018 0.000487 0.000730 0.000000 0.001217 0.000000 0.000243 0.320516 0.001704 
0.003893 0.031630 0.000000 0.000000 0.017518 0.000000 0.003163 0.089781 0.000000 0.817762 0.011436 0.000000 0.000973 0.004136 0.000000 0.000487 0.005596 0.008273 0.005353 0.000000 
0.547202 0.000000 0.017032 0.028224 0.000487 0.062287 0.000243 0.017518 0.072749 0.009732 0.039659 0.009732 0.000487 0.022384 0.023114 0.106569 0.025304 0.016788 0.000000 0.000487 
0.049392 0.001217 0.090511 0.229440 0.000243 0.012895 0.032847 0.004136 0.053041 0.004136 0.002190 0.084185 0.003163 0.087835 0.111679 0.029197 0.032360 0.165450 0.003650 0.002433 
0.009732 0.001460 0.863504 0.063504 0.000000 0.000243 0.006083 0.000000 0.001703 0.001217 0.000000 0.022141 0.005353 0.005109 0.002920 0.013869 0.000973 0.001946 0.000000 0.000243 
0.022384 0.005596 0.005109 0.003893 0.003650 0.007056 0.007543 0.060341 0.003163 0.030657 0.005353 0.002676 0.282968 0.002190 0.243796 0.031144 0.008029 0.261071 0.001946 0.011436 

